<?xml version="1.0"?>
<opencv_storage>
<training_set_points type_id="opencv-matrix">
  <rows>10</rows>
  <cols>12</cols>
  <dt>f</dt>
  <data>
    7.08598709e+01 7.08633728e+01 7.06200104e+01 7.02866364e+01
    7.02004776e+01 7.04788513e+01 6.90449371e+01 6.95080795e+01
    6.77375641e+01 6.77379456e+01 6.49094467e+01 6.52698593e+01
    8.44113693e+01 8.47212830e+01 8.16397247e+01 8.27617950e+01
    8.33723755e+01 8.49410553e+01 8.55513763e+01 8.42315063e+01
    8.44260712e+01 8.37826920e+01 8.46470413e+01 8.62848358e+01
    5.00580521e+01 5.28969002e+01 5.67173653e+01 5.63415527e+01
    5.54186707e+01 5.41973648e+01 5.35457993e+01 5.46309013e+01
    5.25043755e+01 5.31322708e+01 5.13894653e+01 5.30535088e+01
    6.17762718e+01 6.89884262e+01 7.21179123e+01 7.77414017e+01
    8.33493805e+01 8.49035568e+01 8.49620819e+01 8.93811874e+01
    8.73010330e+01 8.95323715e+01 8.38871918e+01 8.07022629e+01
    7.63048477e+01 7.88719788e+01 8.02238922e+01 8.67081223e+01
    9.09497833e+01 9.33877258e+01 9.40570831e+01 9.23360825e+01
    9.42248993e+01 9.30531311e+01 9.45624542e+01 9.30605850e+01
    7.49160080e+01 8.02687378e+01 8.51446381e+01 9.13119202e+01
    9.76788177e+01 1.01138687e+02 1.01570267e+02 9.71257248e+01
    1.00374084e+02 9.71542358e+01 1.02868347e+02 1.03600571e+02
    7.42484512e+01 7.92635422e+01 8.36493683e+01 8.89570694e+01
    9.26991348e+01 9.44778976e+01 9.62006531e+01 9.62717209e+01
    9.59586945e+01 9.56841736e+01 9.46813812e+01 9.54356232e+01
    7.20150070e+01 7.98563538e+01 8.91801987e+01 9.38013153e+01
    9.52781143e+01 9.69199600e+01 9.78279572e+01 9.69567032e+01
    9.72309418e+01 9.55410156e+01 9.61263199e+01 9.48606415e+01
    6.25380211e+01 6.38654861e+01 6.02434578e+01 5.92887383e+01
    6.31352959e+01 6.69141159e+01 6.53575058e+01 7.06241379e+01
    6.89999237e+01 7.00852661e+01 6.64550095e+01 6.52141266e+01
    5.68851128e+01 5.50322571e+01 5.53437920e+01 5.42737312e+01
    5.42202873e+01 5.57438889e+01 5.67136650e+01 6.25045776e+01
    5.97160339e+01 6.08606567e+01 5.67327156e+01 5.57235718e+01</data></training_set_points>
</opencv_storage>
