<?xml version="1.0"?>
<opencv_storage>
<training_set_points type_id="opencv-matrix">
  <rows>12</rows>
  <cols>12</cols>
  <dt>f</dt>
  <data>
    5.12567062e+01 5.60313835e+01 5.78749275e+01 5.86612473e+01
    6.30554695e+01 6.05798416e+01 5.89307556e+01 6.03291512e+01
    5.97486343e+01 5.99681778e+01 5.59948311e+01 5.43538322e+01
    6.74305649e+01 6.78156586e+01 6.60351486e+01 7.14892120e+01
    6.78302765e+01 6.59133301e+01 6.43951874e+01 6.42621460e+01
    6.45053406e+01 6.53551865e+01 6.45991058e+01 6.63933334e+01
    1.05332581e+02 1.08320862e+02 1.08427040e+02 8.92981339e+01
    6.30223312e+01 6.17037468e+01 5.95447159e+01 6.11141281e+01
    6.12649612e+01 6.11606369e+01 6.05496521e+01 6.10516739e+01
    5.97459793e+01 6.22712936e+01 6.25664902e+01 6.70524673e+01
    8.17426910e+01 8.24616241e+01 8.01444092e+01 7.98701553e+01
    7.91629715e+01 7.84231110e+01 7.59312820e+01 7.65924072e+01
    5.49421959e+01 6.00601196e+01 6.12653618e+01 6.25788078e+01
    6.57210083e+01 7.80632477e+01 7.76773071e+01 8.04206696e+01
    7.99286880e+01 7.92520905e+01 7.71301117e+01 7.81287842e+01
    5.41165314e+01 6.36512222e+01 6.90975494e+01 6.57148590e+01
    6.95789642e+01 7.51557770e+01 7.32945480e+01 7.59158554e+01
    7.68518524e+01 7.66802597e+01 7.95688477e+01 7.99274139e+01
    6.29708138e+01 6.57468338e+01 6.75960007e+01 6.17933960e+01
    6.86293488e+01 6.71378555e+01 6.39219971e+01 7.41349335e+01
    7.49691315e+01 7.29534607e+01 7.40325928e+01 7.42449875e+01
    5.13585777e+01 5.69496651e+01 5.85001335e+01 5.72205086e+01
    6.45774460e+01 6.30078316e+01 6.20738831e+01 5.47319565e+01
    5.49973984e+01 5.24664726e+01 5.93635178e+01 5.67365837e+01
    4.81560593e+01 4.38924103e+01 4.15217323e+01 6.22154312e+01
    5.46231689e+01 6.00544205e+01 6.43790359e+01 6.98843155e+01
    7.24810257e+01 7.24579239e+01 7.32384720e+01 7.40824432e+01
    4.14513321e+01 4.54913559e+01 5.02250595e+01 4.51776161e+01
    6.50577850e+01 6.87760468e+01 7.04214096e+01 7.53697281e+01
    7.41050720e+01 7.32817841e+01 6.86930618e+01 7.04390106e+01
    2.74409313e+01 3.42055397e+01 4.32966805e+01 2.93977966e+01
    5.37560310e+01 6.23445663e+01 6.27302246e+01 6.59760284e+01
    6.42939148e+01 6.18635330e+01 5.79568481e+01 5.99200249e+01
    2.15768375e+01 2.16295052e+01 2.08832188e+01 2.55858116e+01
    2.93587093e+01 3.30552597e+01 3.89828644e+01 5.02416039e+01
    5.37307549e+01 5.15806465e+01 5.16777840e+01 5.65224838e+01</data></training_set_points>
</opencv_storage>
