<?xml version="1.0"?>
<opencv_storage>
<training_set_points type_id="opencv-matrix">
  <rows>10</rows>
  <cols>12</cols>
  <dt>f</dt>
  <data>
    6.13845863e+01 6.28014755e+01 6.33022995e+01 6.97315903e+01
    7.19158173e+01 7.08080902e+01 7.41879730e+01 7.37620697e+01
    7.05566711e+01 6.80291443e+01 6.41989059e+01 6.70133209e+01
    9.18175735e+01 1.00138100e+02 1.16441284e+02 1.60872452e+02
    1.46854950e+02 9.00430756e+01 1.44482864e+02 1.24193848e+02
    9.89578781e+01 7.30339432e+01 6.60397415e+01 6.32341614e+01
    9.84328918e+01 1.07865944e+02 1.12588150e+02 1.01968506e+02
    9.81948090e+01 8.98476410e+01 9.21763763e+01 9.38739319e+01
    6.86374435e+01 6.04447441e+01 5.64245377e+01 5.62977600e+01
    9.75027466e+01 1.05093468e+02 1.04260849e+02 9.89321442e+01
    9.91626816e+01 9.23039627e+01 9.96008224e+01 9.29375153e+01
    7.06195908e+01 8.31297150e+01 8.42903900e+01 6.02651291e+01
    8.42750320e+01 8.11819839e+01 7.31886292e+01 7.99141693e+01
    6.62848587e+01 6.14669991e+01 6.53255920e+01 6.94519196e+01
    6.85956650e+01 6.92671356e+01 7.01252899e+01 5.28146172e+01
    1.01831535e+02 1.03659912e+02 1.13255836e+02 1.13821945e+02
    8.91285248e+01 8.72983780e+01 8.89459915e+01 9.89832687e+01
    9.42464066e+01 8.45621109e+01 6.94607086e+01 6.49404602e+01
    1.44676239e+02 1.44555878e+02 1.11281250e+02 1.06627518e+02
    1.06621628e+02 1.15505478e+02 1.14703140e+02 1.02789291e+02
    9.04497757e+01 9.04859467e+01 1.01818016e+02 9.89592743e+01
    9.32841263e+01 8.69502106e+01 1.05159439e+02 1.10468521e+02
    8.14777908e+01 6.44948578e+01 6.67941055e+01 8.90430756e+01
    9.21526947e+01 7.28104248e+01 5.57511482e+01 6.22392769e+01
    8.39388809e+01 8.26363297e+01 7.58451538e+01 7.09637070e+01
    6.27275925e+01 6.02481766e+01 6.00099373e+01 6.17757263e+01
    6.44877472e+01 6.69087143e+01 6.39286194e+01 6.25222092e+01
    9.84332504e+01 1.01482933e+02 1.02120712e+02 9.89623489e+01
    9.38229370e+01 9.36110229e+01 9.51977615e+01 9.69766769e+01
    8.74229965e+01 8.32984009e+01 8.12577133e+01 7.89898071e+01</data></training_set_points>
</opencv_storage>
