<?xml version="1.0"?>
<opencv_storage>
<training_set_points type_id="opencv-matrix">
  <rows>10</rows>
  <cols>12</cols>
  <dt>f</dt>
  <data>
    5.82886124e+01 5.54893913e+01 5.45089035e+01 5.31971664e+01
    5.19771042e+01 5.01872063e+01 4.81325645e+01 4.85222054e+01
    4.87315521e+01 4.70192566e+01 4.86882858e+01 4.83238029e+01
    6.76949921e+01 6.03130875e+01 5.33561287e+01 4.75706253e+01
    4.56463547e+01 4.54422379e+01 4.48423653e+01 4.90166740e+01
    5.50967484e+01 5.53331680e+01 5.70785332e+01 5.93722115e+01
    8.17659683e+01 8.03948669e+01 8.00477219e+01 7.64513397e+01
    7.52717438e+01 7.85117950e+01 8.14899750e+01 7.92587662e+01
    7.51601562e+01 7.65200424e+01 7.42310333e+01 7.26632614e+01
    8.94652023e+01 8.63107681e+01 8.56404724e+01 8.37068329e+01
    8.86216202e+01 8.70583878e+01 8.58968735e+01 8.90732880e+01
    8.59645844e+01 8.40851822e+01 8.94865570e+01 9.42787018e+01
    7.02435760e+01 6.83917389e+01 6.88787384e+01 6.98454361e+01
    7.17635040e+01 7.24887466e+01 7.11682129e+01 7.22451019e+01
    7.93079071e+01 8.32011414e+01 7.69896393e+01 7.67435684e+01
    1.02297623e+02 9.74351196e+01 1.01259628e+02 1.29382446e+02
    1.19928268e+02 9.48566284e+01 6.99726410e+01 8.82089386e+01
    8.52092972e+01 7.53398590e+01 7.96480255e+01 6.72052460e+01
    9.80863495e+01 5.11309776e+01 3.04363136e+01 2.77016048e+01
    4.22137680e+01 7.32691345e+01 8.36685181e+01 1.11159241e+02
    8.99764938e+01 6.95872803e+01 7.18311005e+01 8.72826462e+01
    7.60775528e+01 7.12972717e+01 7.79366379e+01 9.98268585e+01
    1.25391418e+02 9.61100616e+01 5.38046265e+01 1.11047218e+02
    9.23195114e+01 6.25919685e+01 7.48216248e+01 7.63739243e+01
    6.25064011e+01 6.04153748e+01 4.89489594e+01 2.97871037e+01
    4.89773674e+01 8.10656509e+01 9.98698196e+01 1.15205284e+02
    9.11989517e+01 7.86819382e+01 8.14220047e+01 1.19071533e+02
    4.58398323e+01 5.42067451e+01 3.38477859e+01 2.19741936e+01
    2.67308865e+01 3.08985558e+01 3.36021156e+01 4.73841362e+01
    9.33537979e+01 6.63111191e+01 6.88313751e+01 6.76118546e+01</data></training_set_points>
</opencv_storage>
