<?xml version="1.0"?>
<opencv_storage>
<training_set_points type_id="opencv-matrix">
  <rows>10</rows>
  <cols>12</cols>
  <dt>f</dt>
  <data>
    6.31804008e+01 4.15570450e+01 3.91662254e+01 4.11137581e+01
    5.83363419e+01 5.27844772e+01 6.61565399e+01 5.46789780e+01
    5.61329727e+01 5.99623108e+01 5.99790230e+01 5.94335022e+01
    5.11708488e+01 5.77903519e+01 5.71245804e+01 6.12115364e+01
    5.34003677e+01 5.28898544e+01 5.02629776e+01 5.31188431e+01
    5.08034592e+01 4.35932426e+01 4.25296059e+01 4.20334702e+01
    6.20825958e+01 6.15179825e+01 6.07743034e+01 6.11350403e+01
    6.01537247e+01 5.89780350e+01 5.25737190e+01 5.25090256e+01
    4.97441635e+01 4.80642166e+01 4.69800606e+01 5.04756279e+01
    6.88731689e+01 6.23810349e+01 5.42260132e+01 5.39109497e+01
    5.89700851e+01 5.92417221e+01 5.75602036e+01 5.58455696e+01
    5.29551620e+01 5.02013855e+01 4.82616997e+01 5.06979485e+01
    7.57583389e+01 5.93920784e+01 4.95247536e+01 5.73143425e+01
    6.27482300e+01 5.11321106e+01 7.77191010e+01 5.01982574e+01
    4.73256531e+01 4.76890373e+01 5.11099892e+01 4.86892548e+01
    8.25608749e+01 8.09332886e+01 7.96096497e+01 8.22830048e+01
    8.52338791e+01 8.41321945e+01 8.89725876e+01 8.39580917e+01
    8.38387833e+01 7.81429443e+01 7.60247879e+01 7.47983093e+01
    7.01660309e+01 7.43916092e+01 7.31029816e+01 7.70442886e+01
    7.85567627e+01 8.05497589e+01 8.30120087e+01 8.26879196e+01
    8.22681732e+01 8.32831955e+01 8.34497910e+01 8.51505585e+01
    6.90457993e+01 6.99366455e+01 7.22110672e+01 7.29292374e+01
    7.40264282e+01 7.78072968e+01 7.79432373e+01 7.40534286e+01
    7.24278870e+01 7.34052582e+01 7.32581329e+01 7.68368912e+01
    7.80587692e+01 8.20385895e+01 8.24081421e+01 8.19232178e+01
    8.30749512e+01 8.53814545e+01 8.36004257e+01 8.46013565e+01
    8.39625854e+01 8.04959946e+01 7.92275085e+01 8.02263336e+01
    7.08729401e+01 6.94514618e+01 7.21389999e+01 6.93849945e+01
    7.29587860e+01 7.97229462e+01 7.79380035e+01 7.07157745e+01
    6.65984802e+01 6.63487854e+01 6.66072159e+01 6.57415390e+01</data></training_set_points>
</opencv_storage>
