<?xml version="1.0"?>
<opencv_storage>
<training_set_points type_id="opencv-matrix">
  <rows>10</rows>
  <cols>12</cols>
  <dt>f</dt>
  <data>
    9.35092163e+01 9.52822495e+01 9.68854752e+01 9.75380478e+01
    9.87434616e+01 9.93403320e+01 9.94000931e+01 9.89229889e+01
    9.86713409e+01 9.82503204e+01 9.82995605e+01 9.79694519e+01
    1.18150162e+02 1.17733665e+02 1.18010010e+02 1.18358543e+02
    1.18418968e+02 1.18726540e+02 1.18543236e+02 1.17568481e+02
    1.16917923e+02 1.16769943e+02 1.16385170e+02 1.16126587e+02
    8.05431519e+01 8.20336914e+01 8.29662094e+01 8.38728943e+01
    8.49208755e+01 8.49576263e+01 8.42097931e+01 8.40664825e+01
    8.34525909e+01 8.27502365e+01 8.29252243e+01 8.11840210e+01
    5.01994972e+01 5.29492989e+01 5.50948715e+01 5.48682137e+01
    5.58747635e+01 5.59897995e+01 5.48289413e+01 5.46526909e+01
    5.48417130e+01 5.33084602e+01 5.51988716e+01 5.23624573e+01
    8.12687683e+01 8.05919647e+01 8.06163559e+01 8.09037399e+01
    8.10354385e+01 8.16966782e+01 8.21517792e+01 8.12720947e+01
    8.04080734e+01 8.05652466e+01 8.04409714e+01 8.09343109e+01
    5.85905838e+01 6.26215401e+01 6.75725174e+01 7.10183792e+01
    7.37320175e+01 7.71106033e+01 8.01426239e+01 8.12455597e+01
    8.21222687e+01 8.36538010e+01 8.41276245e+01 8.49123154e+01
    8.33052216e+01 8.21518250e+01 8.19434357e+01 8.56770782e+01
    8.72045593e+01 8.97608490e+01 9.20815277e+01 9.23980331e+01
    9.12814560e+01 9.20726166e+01 9.17476044e+01 9.13333435e+01
    6.55336990e+01 7.00093994e+01 7.66312103e+01 8.16119843e+01
    8.49857559e+01 8.77037659e+01 8.93671112e+01 8.90487137e+01
    9.06506958e+01 8.99016266e+01 9.05857162e+01 9.08192368e+01
    8.93320084e+01 8.75791168e+01 8.80053482e+01 8.73791580e+01
    8.74079590e+01 8.81113739e+01 8.75161133e+01 8.58328857e+01
    8.69319611e+01 8.61924744e+01 8.80519028e+01 8.75910873e+01
    8.68553085e+01 8.70501099e+01 8.64940643e+01 8.69080887e+01
    8.70803833e+01 8.71530075e+01 8.69170303e+01 8.58070602e+01
    8.56524963e+01 8.56231689e+01 8.53378143e+01 8.50479279e+01</data></training_set_points>
</opencv_storage>
