<?xml version="1.0"?>
<opencv_storage>
<training_set_points type_id="opencv-matrix">
  <rows>10</rows>
  <cols>12</cols>
  <dt>f</dt>
  <data>
    7.97948761e+01 8.09574280e+01 8.02605743e+01 7.92818451e+01
    7.91866684e+01 7.76333313e+01 7.52045975e+01 7.58283920e+01
    7.62666702e+01 7.71699600e+01 7.84841461e+01 7.90244293e+01
    8.18684616e+01 8.10810394e+01 7.77744293e+01 7.63190842e+01
    7.71457748e+01 7.39763260e+01 7.32641449e+01 7.28209534e+01
    7.28534012e+01 7.37787323e+01 7.40910492e+01 7.45228043e+01
    6.95597000e+01 6.85880737e+01 6.68209152e+01 6.75164490e+01
    6.87199860e+01 6.90278625e+01 6.98078918e+01 6.83979034e+01
    6.79133606e+01 6.83437881e+01 6.81021118e+01 6.92320709e+01
    6.32538033e+01 7.32274170e+01 8.34409714e+01 8.27016449e+01
    8.43258896e+01 9.78799133e+01 9.72274857e+01 8.68199921e+01
    8.51362457e+01 8.76042862e+01 8.91509705e+01 7.90874634e+01
    7.80490189e+01 8.40210953e+01 8.13855820e+01 7.65587616e+01
    7.61003418e+01 7.66145782e+01 8.07187805e+01 8.35233002e+01
    7.69967804e+01 7.64249268e+01 7.90415192e+01 6.72546539e+01
    7.71538086e+01 7.25005493e+01 7.67339935e+01 8.23512497e+01
    7.96153870e+01 8.39275665e+01 8.15553207e+01 7.98625870e+01
    7.81243439e+01 7.78973999e+01 7.73335724e+01 7.60922165e+01
    6.80609589e+01 6.92764664e+01 7.70287247e+01 8.62467499e+01
    9.07282944e+01 8.18800964e+01 8.04693756e+01 8.13592682e+01
    7.87720871e+01 7.81749115e+01 7.82656326e+01 8.00966644e+01
    7.36234283e+01 7.14900742e+01 7.18554840e+01 7.21547241e+01
    7.18836288e+01 6.91957397e+01 7.02330856e+01 6.95297089e+01
    6.82339096e+01 6.82912598e+01 6.82519379e+01 6.86190414e+01
    6.70586166e+01 7.26716843e+01 8.39462662e+01 8.57171173e+01
    8.30809174e+01 7.99453583e+01 7.38320541e+01 7.33591080e+01
    7.31355057e+01 7.41067886e+01 7.55658493e+01 7.75761261e+01
    6.57841568e+01 6.58680267e+01 6.57084579e+01 6.63533707e+01
    6.71881714e+01 6.65785370e+01 6.52594833e+01 6.39199829e+01
    6.33825798e+01 6.36405716e+01 6.33709183e+01 6.42825089e+01</data></training_set_points>
</opencv_storage>
