<?xml version="1.0"?>
<opencv_storage>
<training_set_points type_id="opencv-matrix">
  <rows>10</rows>
  <cols>12</cols>
  <dt>f</dt>
  <data>
    9.41896820e+01 9.43179474e+01 9.43269043e+01 9.42293015e+01
    9.41868973e+01 9.41976166e+01 9.45083694e+01 9.10285797e+01
    9.10844269e+01 9.11712875e+01 9.13854904e+01 9.12567902e+01
    9.60364456e+01 9.63317261e+01 9.62377777e+01 9.61828766e+01
    9.66421356e+01 9.72497711e+01 9.75793304e+01 9.34575577e+01
    9.39833832e+01 9.46825333e+01 9.48168335e+01 9.46553879e+01
    1.09588440e+02 1.09829811e+02 1.09872971e+02 1.10165260e+02
    1.09967850e+02 1.09647751e+02 1.09639526e+02 1.06570229e+02
    1.06508278e+02 1.06455948e+02 1.06256859e+02 1.06797684e+02
    7.03834229e+01 7.84343109e+01 8.87695541e+01 9.28216095e+01
    9.32972336e+01 9.28456268e+01 9.18464966e+01 8.71958389e+01
    8.48801117e+01 8.20929718e+01 7.99530182e+01 7.80240326e+01
    6.66956940e+01 7.54981918e+01 8.47801132e+01 8.76166077e+01
    8.71288910e+01 8.64308395e+01 8.49330063e+01 7.99518967e+01
    7.84495239e+01 7.67400055e+01 7.51680145e+01 7.37835464e+01
    6.22807770e+01 7.20180054e+01 8.34551239e+01 8.77458267e+01
    8.92766953e+01 8.89716644e+01 8.79231186e+01 8.29192352e+01
    8.04423218e+01 7.76940079e+01 7.57123642e+01 7.34920197e+01
    6.08975143e+01 6.83257904e+01 7.76976318e+01 8.14550018e+01
    8.34573517e+01 8.38117294e+01 8.32189789e+01 7.79791946e+01
    7.62006226e+01 7.37158966e+01 7.15718689e+01 6.94968109e+01
    5.55528908e+01 6.24119492e+01 7.27040176e+01 7.70336761e+01
    7.87027130e+01 7.83203659e+01 7.72982559e+01 7.22907867e+01
    7.03982315e+01 6.87407837e+01 6.74181061e+01 6.61839828e+01
    9.60533066e+01 9.62450256e+01 9.61880493e+01 9.61983566e+01
    9.58530960e+01 9.57255554e+01 9.56478729e+01 9.22700348e+01
    9.23197632e+01 9.24205475e+01 9.27375717e+01 9.24696045e+01
    1.07878906e+02 1.08259293e+02 1.08785568e+02 1.09052162e+02
    1.09375587e+02 1.09952492e+02 1.09970131e+02 1.06713966e+02
    1.06862816e+02 1.07311302e+02 1.07213722e+02 1.07372765e+02</data></training_set_points>
</opencv_storage>
