<?xml version="1.0"?>
<opencv_storage>
<training_set_points type_id="opencv-matrix">
  <rows>10</rows>
  <cols>12</cols>
  <dt>f</dt>
  <data>
    4.42151108e+01 4.92916031e+01 5.21107674e+01 5.25326347e+01
    5.33869247e+01 5.62403793e+01 5.47569046e+01 5.47554436e+01
    5.61938248e+01 5.77607193e+01 5.80464592e+01 5.72255974e+01
    5.81236916e+01 6.26018677e+01 6.53693085e+01 6.55681763e+01
    6.64738922e+01 6.83611679e+01 6.80366516e+01 6.72911148e+01
    6.82194443e+01 6.84346771e+01 6.90819321e+01 6.92658539e+01
    7.87483673e+01 8.15058365e+01 8.08575211e+01 7.75293732e+01
    7.98129120e+01 7.88304138e+01 8.28689194e+01 8.11106949e+01
    8.58125916e+01 8.89592056e+01 9.04320755e+01 8.57318573e+01
    7.47009201e+01 7.84868393e+01 7.49489517e+01 7.55782166e+01
    7.78630295e+01 7.85447540e+01 8.02838211e+01 8.04570923e+01
    8.18364258e+01 8.22649078e+01 8.35077667e+01 8.40868225e+01
    7.47968292e+01 7.30867310e+01 7.83805466e+01 8.06222000e+01
    8.42042160e+01 8.54591446e+01 8.75184097e+01 8.89447479e+01
    8.88914185e+01 8.92475433e+01 8.99114609e+01 9.11674042e+01
    7.75317230e+01 7.35873260e+01 7.09019928e+01 7.37406921e+01
    7.58215256e+01 7.61837311e+01 7.81921616e+01 7.67759781e+01
    7.77167969e+01 7.82563019e+01 7.94158783e+01 7.91102676e+01
    5.93689613e+01 6.66141281e+01 7.69200211e+01 8.21825256e+01
    8.47258606e+01 8.71078949e+01 8.95137024e+01 8.92806168e+01
    8.93797684e+01 8.84726105e+01 8.90494003e+01 9.03885727e+01
    5.56664772e+01 5.77490120e+01 5.96222763e+01 6.02963066e+01
    6.09962883e+01 6.24460526e+01 6.15444946e+01 6.07671127e+01
    6.01344376e+01 6.05834885e+01 6.10517807e+01 6.27430229e+01
    6.85688858e+01 7.15431290e+01 7.21666107e+01 7.14491806e+01
    7.12442932e+01 7.29773483e+01 7.21417618e+01 7.22172699e+01
    7.35915604e+01 7.45050659e+01 7.45229950e+01 7.29453964e+01
    6.13072777e+01 6.32249565e+01 6.55097046e+01 6.59170761e+01
    6.63099823e+01 6.77070541e+01 6.72264709e+01 6.70363998e+01
    6.71679382e+01 6.76682663e+01 6.79803238e+01 6.82354813e+01</data></training_set_points>
</opencv_storage>
