<?xml version="1.0"?>
<opencv_storage>
<training_set_points type_id="opencv-matrix">
  <rows>11</rows>
  <cols>12</cols>
  <dt>f</dt>
  <data>
    1.14486443e+02 1.17841820e+02 1.16098595e+02 1.16499878e+02
    1.17110214e+02 1.17009254e+02 1.16158180e+02 1.11307205e+02
    1.11303848e+02 1.10299759e+02 1.10210045e+02 1.11020042e+02
    1.02716125e+02 1.04296852e+02 1.03312866e+02 1.02796341e+02
    1.04246292e+02 1.05504822e+02 1.06369629e+02 1.02170563e+02
    1.03758385e+02 1.04560791e+02 1.03794510e+02 1.03432480e+02
    9.63384399e+01 9.80148163e+01 9.63679581e+01 9.67318268e+01
    9.96420746e+01 1.01793533e+02 1.02975685e+02 9.92066879e+01
    1.00656151e+02 1.00639496e+02 1.00585052e+02 9.98017502e+01
    8.92139435e+01 8.36088409e+01 8.83052063e+01 8.93809280e+01
    9.04337540e+01 9.04074249e+01 9.19603195e+01 8.87014084e+01
    8.74149475e+01 8.84819565e+01 9.11855621e+01 9.30454865e+01
    1.00671898e+02 1.02685951e+02 1.03793480e+02 1.04360924e+02
    1.06544029e+02 1.08149857e+02 1.09038040e+02 1.04672890e+02
    1.05976845e+02 1.06709801e+02 1.07310532e+02 1.07597702e+02
    1.10014832e+02 1.09551956e+02 1.07655762e+02 1.06991371e+02
    1.07852951e+02 1.08171127e+02 1.09219131e+02 1.04619446e+02
    1.04982040e+02 1.05933701e+02 1.06753738e+02 1.07772278e+02
    6.93197784e+01 7.78737793e+01 8.34225388e+01 8.48848953e+01
    8.79362564e+01 8.97625351e+01 8.93842926e+01 8.48314056e+01
    8.50686646e+01 8.54991760e+01 8.52173843e+01 8.31770172e+01
    7.65308685e+01 8.46881866e+01 9.48114548e+01 9.88321609e+01
    1.03707047e+02 1.04940346e+02 1.06325211e+02 1.02852066e+02
    1.02490440e+02 1.01986404e+02 1.00948311e+02 1.05382385e+02
    7.20565033e+01 8.07828827e+01 8.99284897e+01 9.57818527e+01
    1.01287224e+02 1.04164978e+02 1.06475525e+02 1.02277153e+02
    1.03072914e+02 1.03027283e+02 1.03030960e+02 1.02760193e+02
    8.66498871e+01 9.22930145e+01 9.57988358e+01 9.68812714e+01
    9.87048950e+01 9.86611938e+01 9.76045761e+01 9.22184525e+01
    9.12350082e+01 8.94898987e+01 8.76754227e+01 8.72899628e+01
    7.90457306e+01 8.00034332e+01 8.05182648e+01 8.06391296e+01
    8.15741425e+01 8.27353745e+01 8.42788773e+01 8.09896851e+01
    8.13746796e+01 8.30021820e+01 8.51293106e+01 8.64123535e+01</data></training_set_points>
</opencv_storage>
