<?xml version="1.0"?>
<opencv_storage>
<training_set_points type_id="opencv-matrix">
  <rows>11</rows>
  <cols>12</cols>
  <dt>f</dt>
  <data>
    9.71648712e+01 9.79293289e+01 9.80830994e+01 9.80899582e+01
    9.89087601e+01 1.02298019e+02 1.00116104e+02 9.86795197e+01
    9.91157379e+01 9.89039917e+01 9.94684525e+01 9.96165314e+01
    1.02020844e+02 1.04024490e+02 1.04044144e+02 1.04693764e+02
    1.05831055e+02 1.08587524e+02 1.06830666e+02 1.05996521e+02
    1.06491776e+02 1.06439102e+02 1.06980141e+02 1.07595924e+02
    6.13837624e+01 6.50334854e+01 7.08472443e+01 7.44686584e+01
    7.83009567e+01 8.17589874e+01 8.46328735e+01 8.63883362e+01
    8.86049957e+01 9.06265335e+01 9.34013748e+01 9.50804214e+01
    7.79464645e+01 8.19739838e+01 8.80513306e+01 9.30260239e+01
    9.78153763e+01 1.01665794e+02 1.05703491e+02 1.08735184e+02
    1.11780296e+02 1.14185181e+02 1.18299057e+02 1.19529922e+02
    7.27125778e+01 7.66377487e+01 8.26236725e+01 8.75258331e+01
    9.11267242e+01 9.45922165e+01 9.77309036e+01 9.84224701e+01
    1.01016251e+02 1.02691452e+02 1.03611633e+02 1.05808487e+02
    7.66658859e+01 7.92233963e+01 8.41850662e+01 8.74744034e+01
    9.05442505e+01 9.59639435e+01 9.40423889e+01 9.40274811e+01
    9.56803665e+01 9.64597549e+01 9.87206345e+01 9.93705597e+01
    8.12653885e+01 8.49960175e+01 8.78189240e+01 9.05126190e+01
    9.27912216e+01 9.53558884e+01 9.76425552e+01 9.73485870e+01
    9.93738861e+01 1.01326637e+02 1.00580948e+02 1.03383438e+02
    7.85433273e+01 7.81632614e+01 7.83277359e+01 7.92449112e+01
    8.07771454e+01 8.18321457e+01 8.25242767e+01 8.18909149e+01
    8.21142426e+01 8.23732529e+01 8.33003159e+01 8.36484222e+01
    9.05680923e+01 9.52621689e+01 1.00996086e+02 1.05775002e+02
    1.09699478e+02 1.13360130e+02 1.16234940e+02 1.17760437e+02
    1.20003586e+02 1.22182945e+02 1.23924316e+02 1.25316978e+02
    1.24692146e+02 1.22886559e+02 1.22985245e+02 1.24651222e+02
    1.27449867e+02 1.28619507e+02 1.29914993e+02 1.26789490e+02
    1.27849098e+02 1.28246185e+02 1.27556541e+02 1.28969269e+02
    7.15535202e+01 7.24610291e+01 7.47705841e+01 7.64960709e+01
    7.77544022e+01 8.37972183e+01 7.97707367e+01 7.97727356e+01
    8.06087494e+01 8.12444763e+01 8.30913849e+01 8.33198395e+01</data></training_set_points>
</opencv_storage>
