<?xml version="1.0"?>
<opencv_storage>
<training_set_points type_id="opencv-matrix">
  <rows>10</rows>
  <cols>12</cols>
  <dt>f</dt>
  <data>
    4.55199471e+01 4.67450829e+01 4.74465370e+01 4.78506851e+01
    4.85506821e+01 4.92253571e+01 4.94439621e+01 4.88575439e+01
    4.64271736e+01 4.67541656e+01 4.71616135e+01 4.72109756e+01
    7.63667984e+01 8.17898254e+01 9.24313736e+01 9.96208344e+01
    1.02115501e+02 1.04573959e+02 1.05090149e+02 1.00790314e+02
    9.89721680e+01 9.83172684e+01 9.75099869e+01 9.52170715e+01
    8.68140793e+01 1.24683792e+02 1.53622711e+02 1.54869415e+02
    1.97414078e+02 1.93163483e+02 1.71802155e+02 1.77469696e+02
    2.05428345e+02 1.71615845e+02 1.27812012e+02 1.35298065e+02
    5.95150223e+01 6.41612015e+01 7.34381027e+01 8.20210876e+01
    9.08359070e+01 9.16693573e+01 9.16133347e+01 9.44279480e+01
    8.48698959e+01 7.79553070e+01 6.91140442e+01 7.84576263e+01
    5.82546234e+01 6.19976196e+01 7.07581100e+01 7.59326859e+01
    7.95782471e+01 8.16627121e+01 8.38681488e+01 8.07060394e+01
    7.69204788e+01 7.37331085e+01 6.99367676e+01 7.35745010e+01
    4.34015846e+01 4.79979782e+01 5.30420341e+01 6.08833847e+01
    6.54484482e+01 7.04752350e+01 7.58290253e+01 6.83052521e+01
    6.09508972e+01 5.71131401e+01 5.49879456e+01 6.14030151e+01
    7.58005753e+01 7.55373154e+01 7.48279572e+01 7.50697861e+01
    7.52074966e+01 7.53698807e+01 7.59062042e+01 7.61704559e+01
    7.34306107e+01 7.39033966e+01 7.45775375e+01 7.38587952e+01
    1.04673729e+02 1.03545570e+02 1.06168907e+02 1.07590561e+02
    1.08751663e+02 1.10807632e+02 1.13776627e+02 1.14371727e+02
    1.11236862e+02 1.12275955e+02 1.11218422e+02 1.14343765e+02
    9.77702789e+01 1.01768745e+02 1.06203468e+02 1.02930519e+02
    1.05143906e+02 1.04592186e+02 1.01191841e+02 1.07410721e+02
    1.09349281e+02 1.11779137e+02 1.12008713e+02 1.10320534e+02
    8.09614716e+01 8.32795792e+01 8.35765762e+01 8.31561737e+01
    8.42100830e+01 8.49012375e+01 8.54765701e+01 8.73766251e+01
    8.49750290e+01 8.61277924e+01 8.79641495e+01 8.68373566e+01</data></training_set_points>
</opencv_storage>
