<?xml version="1.0"?>
<opencv_storage>
<training_set_points type_id="opencv-matrix">
  <rows>10</rows>
  <cols>12</cols>
  <dt>f</dt>
  <data>
    5.10604286e+01 4.76716461e+01 4.84068565e+01 5.72863998e+01
    5.56963730e+01 5.48979607e+01 5.74849548e+01 6.53709183e+01
    6.68706818e+01 6.87722702e+01 6.88963470e+01 6.94942780e+01
    4.43720131e+01 4.66152534e+01 5.49326363e+01 6.40038223e+01
    6.56224899e+01 6.53217239e+01 6.69004440e+01 7.05479279e+01
    7.23225861e+01 7.20750580e+01 7.16306152e+01 7.21043015e+01
    5.15982323e+01 5.59436340e+01 6.48425827e+01 7.20951309e+01
    7.33879852e+01 7.16047821e+01 7.22049637e+01 7.34031525e+01
    7.36412888e+01 7.66089783e+01 8.12957611e+01 8.19203644e+01
    7.79719238e+01 8.03804855e+01 8.50209427e+01 8.93440399e+01
    8.89524307e+01 8.57186737e+01 8.40318909e+01 8.51475220e+01
    8.53159409e+01 8.69200287e+01 9.01163864e+01 8.96678162e+01
    6.28796577e+01 6.70055389e+01 7.32238159e+01 7.66366348e+01
    7.60766068e+01 7.27288437e+01 7.11160431e+01 6.68336945e+01
    6.39155579e+01 6.31004257e+01 6.48430634e+01 6.29943848e+01
    6.21170197e+01 6.37686234e+01 7.31240082e+01 8.37687759e+01
    8.71617813e+01 8.59807892e+01 8.72336578e+01 8.24239349e+01
    7.79694138e+01 8.16845398e+01 8.73809357e+01 8.71172943e+01
    5.72825394e+01 6.01587143e+01 6.59627151e+01 7.06370239e+01
    7.03786469e+01 7.05465164e+01 7.12672043e+01 7.78603134e+01
    7.95739212e+01 8.08241425e+01 7.91558685e+01 7.88461609e+01
    7.36445694e+01 9.47563629e+01 1.30038071e+02 1.02123146e+02
    1.12917114e+02 1.23189590e+02 1.00837296e+02 7.48978882e+01
    6.77973557e+01 6.41540070e+01 6.44018402e+01 6.48329239e+01
    8.89303513e+01 8.81039047e+01 8.88425598e+01 8.28228302e+01
    8.77585983e+01 9.45619278e+01 9.47114716e+01 8.76006012e+01
    8.59673920e+01 8.68026199e+01 8.73730545e+01 8.63436661e+01
    7.00366516e+01 7.48154755e+01 8.36889191e+01 8.86312103e+01
    9.15959930e+01 9.43981400e+01 9.68139267e+01 9.67720947e+01
    9.65952530e+01 9.60962296e+01 9.56109085e+01 9.60230179e+01</data></training_set_points>
</opencv_storage>
