<?xml version="1.0"?>
<opencv_storage>
<training_set_points type_id="opencv-matrix">
  <rows>80</rows>
  <cols>15</cols>
  <dt>f</dt>
  <data>
    6.08398132e+01 6.13071289e+01 6.10200005e+01 6.13167305e+01
    6.13655777e+01 6.19482651e+01 6.17117348e+01 6.22524414e+01
    6.22693863e+01 6.22795944e+01 6.26591110e+01 6.31935196e+01
    6.33525009e+01 6.37318764e+01 6.31232185e+01 7.83301468e+01
    7.78862534e+01 7.65498810e+01 7.77745895e+01 7.79157791e+01
    7.86793289e+01 7.80941544e+01 7.88224106e+01 7.86848526e+01
    7.92957687e+01 7.94311676e+01 7.96841583e+01 8.12100372e+01
    8.11513901e+01 8.00752869e+01 6.62106400e+01 6.64467545e+01
    6.52776871e+01 6.62188721e+01 6.65023193e+01 6.76759033e+01
    6.67317429e+01 6.78293991e+01 6.73949356e+01 6.77415085e+01
    6.84869003e+01 6.92262268e+01 7.01218491e+01 7.07270813e+01
    6.89654694e+01 8.59604111e+01 8.63166199e+01 8.62290344e+01
    8.64145966e+01 8.63875275e+01 8.66471481e+01 8.68041992e+01
    8.70262299e+01 8.71331711e+01 8.71650085e+01 8.72862244e+01
    8.68342514e+01 8.74929962e+01 8.72882004e+01 8.73584671e+01
    7.94285355e+01 7.95655060e+01 7.85145035e+01 7.97506332e+01
    7.96962357e+01 8.04962463e+01 7.98987427e+01 8.08216629e+01
    8.05165558e+01 8.09046631e+01 8.14336090e+01 8.16793442e+01
    8.29283829e+01 8.33062897e+01 8.18301544e+01 6.51273193e+01
    6.50715027e+01 6.32382584e+01 6.48425293e+01 6.44192505e+01
    6.61023407e+01 6.50253830e+01 6.60904846e+01 6.58703156e+01
    6.65891266e+01 6.70138474e+01 6.77414246e+01 7.01152039e+01
    6.99130478e+01 6.75072556e+01 6.86346283e+01 6.88949280e+01
    6.73923187e+01 6.88591690e+01 6.88722229e+01 7.00222015e+01
    6.90764313e+01 7.02658691e+01 6.98035965e+01 7.03228760e+01
    7.08260727e+01 7.18035965e+01 7.29278412e+01 7.33418121e+01
    7.12949066e+01 7.58298798e+01 7.64761963e+01 7.62955551e+01
    7.65174255e+01 7.66829529e+01 7.70346832e+01 7.70005951e+01
    7.73690872e+01 7.73067627e+01 7.74060059e+01 7.77506714e+01
    7.75724030e+01 7.83953247e+01 7.83686676e+01 7.80773315e+01
    7.73584824e+01 7.81187057e+01 7.77058105e+01 7.79475327e+01
    7.82981033e+01 7.84289856e+01 7.84820480e+01 7.87376709e+01
    7.90265121e+01 7.88434906e+01 7.92420349e+01 7.91445465e+01
    7.96601639e+01 7.99148712e+01 7.95705566e+01 7.56845398e+01
    7.64832611e+01 7.61825943e+01 7.65949326e+01 7.69286194e+01
    7.72917328e+01 7.66283340e+01 7.73617706e+01 7.74466171e+01
    7.77447891e+01 7.80116501e+01 7.78712158e+01 7.88522339e+01
    7.86459808e+01 7.80878296e+01 7.54169769e+01 7.62093582e+01
    7.66223450e+01 7.62662125e+01 7.66357651e+01 7.61985779e+01
    7.64626160e+01 7.65558777e+01 7.69275818e+01 7.65812759e+01
    7.66059647e+01 7.58644104e+01 7.62884064e+01 7.58463669e+01
    7.69358368e+01 7.12405090e+01 7.18238525e+01 7.16485672e+01
    7.17894669e+01 7.18887634e+01 7.09653320e+01 7.15290451e+01
    7.15580750e+01 7.25128784e+01 7.17880096e+01 7.13845825e+01
    6.93207092e+01 7.14233551e+01 6.95229645e+01 7.07381592e+01
    7.76679535e+01 7.81265182e+01 7.77937469e+01 7.80473328e+01
    7.85119553e+01 7.86072998e+01 7.85378571e+01 7.89413986e+01
    7.90714722e+01 7.90700226e+01 7.94296341e+01 7.91911545e+01
    8.03033600e+01 8.00227432e+01 7.97385635e+01 7.41472321e+01
    7.46725845e+01 7.42924271e+01 7.45112534e+01 7.47815933e+01
    7.52544403e+01 7.51600723e+01 7.57076263e+01 7.58243484e+01
    7.54905472e+01 7.58707123e+01 7.56749573e+01 7.66427841e+01
    7.64302979e+01 7.62006302e+01 8.72197189e+01 8.75677948e+01
    8.76748734e+01 8.76545639e+01 8.75305862e+01 8.84127197e+01
    8.82461243e+01 8.86814575e+01 8.87777710e+01 8.86519394e+01
    8.88927231e+01 8.89400711e+01 8.99255295e+01 8.98384552e+01
    8.92053070e+01 6.58275452e+01 6.70990829e+01 6.75230408e+01
    6.68990021e+01 6.72882233e+01 6.57186203e+01 6.73309021e+01
    6.68545837e+01 6.76268768e+01 6.65138702e+01 6.63798828e+01
    6.40238953e+01 6.60199432e+01 6.39328232e+01 6.54001083e+01
    7.04938812e+01 6.95155411e+01 6.77120361e+01 6.97037125e+01
    6.84711380e+01 6.90015564e+01 6.87528839e+01 7.05143967e+01
    7.03351974e+01 7.10249252e+01 7.11525955e+01 6.95074310e+01
    7.41824875e+01 7.23449478e+01 6.95463562e+01 8.55122681e+01
    8.59628754e+01 8.54179993e+01 8.59114227e+01 8.58954391e+01
    8.65673599e+01 8.62285156e+01 8.68769455e+01 8.69518967e+01
    8.69278717e+01 8.71229706e+01 8.71210938e+01 8.80544510e+01
    8.82869568e+01 8.76893463e+01 7.52860107e+01 7.49536362e+01
    7.32762604e+01 7.47011414e+01 7.39683380e+01 7.23384247e+01
    7.32862091e+01 7.49617538e+01 7.51265335e+01 7.49978027e+01
    7.50865021e+01 7.15815506e+01 7.72313385e+01 7.38724136e+01
    7.26692352e+01 7.25747147e+01 7.30994797e+01 7.25292816e+01
    7.30803299e+01 7.30919189e+01 7.39325714e+01 7.36203766e+01
    7.43785095e+01 7.42586365e+01 7.42598953e+01 7.44689178e+01
    7.47158051e+01 7.58292160e+01 7.59162064e+01 7.51783066e+01
    7.07044983e+01 6.99540100e+01 6.91526260e+01 6.99717255e+01
    6.95001144e+01 6.78411407e+01 6.88332367e+01 6.96564407e+01
    7.06619720e+01 6.99463654e+01 6.92342453e+01 6.60324860e+01
    7.05982285e+01 6.74238434e+01 6.79737778e+01 6.39097099e+01
    6.42877045e+01 6.36310272e+01 6.41412201e+01 6.42342911e+01
    6.25156746e+01 6.35036392e+01 6.43073196e+01 6.48021240e+01
    6.40074768e+01 6.44056091e+01 6.14200974e+01 6.50140533e+01
    6.26115952e+01 6.28407364e+01 8.30737381e+01 8.31091537e+01
    8.27715988e+01 8.30646820e+01 8.32340698e+01 8.40358353e+01
    8.35526733e+01 8.44733124e+01 8.43137970e+01 8.46341858e+01
    8.46876068e+01 8.48157883e+01 8.61157074e+01 8.63136902e+01
    8.48780975e+01 7.70545578e+01 7.59149399e+01 7.44083633e+01
    7.59031677e+01 7.54054718e+01 7.40809174e+01 7.49237976e+01
    7.63947144e+01 7.66032562e+01 7.65851898e+01 7.65481186e+01
    7.37264404e+01 7.84200287e+01 7.57623291e+01 7.45796051e+01
    8.53703079e+01 8.51982269e+01 8.51345367e+01 8.52855453e+01
    8.54050064e+01 8.21210938e+01 8.40696182e+01 8.40206375e+01
    8.52417526e+01 8.38796234e+01 8.34281464e+01 7.97229614e+01
    8.26966858e+01 7.95559845e+01 8.21804581e+01 8.32312012e+01
    8.32383957e+01 8.27999573e+01 8.30708237e+01 8.31351624e+01
    8.39534073e+01 8.36187363e+01 8.41977539e+01 8.43094940e+01
    8.44006805e+01 8.45929108e+01 8.48815536e+01 8.55892792e+01
    8.58688507e+01 8.49045868e+01 6.85086899e+01 6.72336731e+01
    6.39407959e+01 6.68247070e+01 6.59472122e+01 6.64648209e+01
    6.62131195e+01 6.90365219e+01 6.83259125e+01 6.94437256e+01
    7.02250443e+01 6.82081680e+01 7.51469269e+01 7.30596466e+01
    6.75546036e+01 7.31999435e+01 7.37541351e+01 7.38744354e+01
    7.37526169e+01 7.39587708e+01 7.15353012e+01 7.25204391e+01
    7.23082657e+01 7.32187424e+01 7.26655502e+01 7.15364685e+01
    6.95223160e+01 7.02589493e+01 6.87691345e+01 7.15415497e+01
    6.40096588e+01 6.24670715e+01 5.94315567e+01 6.22200470e+01
    6.09353981e+01 6.12860756e+01 6.11457138e+01 6.37562561e+01
    6.32600861e+01 6.39481506e+01 6.45558777e+01 6.25325851e+01
    6.88769073e+01 6.61652679e+01 6.23056107e+01 7.65709686e+01
    7.64088821e+01 7.54357071e+01 7.64835815e+01 7.57456665e+01
    7.45446320e+01 7.52738037e+01 7.67302704e+01 7.69214249e+01
    7.66180649e+01 7.67316971e+01 7.38554306e+01 7.80506210e+01
    7.54984894e+01 7.46747284e+01 7.74288254e+01 7.76862717e+01
    7.72516861e+01 7.78977890e+01 7.75542450e+01 7.87325363e+01
    7.83382721e+01 7.89153137e+01 7.89675064e+01 7.89462509e+01
    7.90463638e+01 7.93991241e+01 8.03602524e+01 8.04826965e+01
    7.96173706e+01 5.58264275e+01 5.87966309e+01 5.94774475e+01
    5.80341263e+01 5.96423721e+01 5.66826172e+01 5.76101837e+01
    5.75506859e+01 5.79625778e+01 5.58974609e+01 5.67351265e+01
    5.51545105e+01 5.42089424e+01 5.36595001e+01 5.73168335e+01
    7.15807037e+01 6.98456345e+01 6.65739899e+01 6.93647003e+01
    6.85406799e+01 6.79960709e+01 6.79156494e+01 7.02321777e+01
