<?xml version="1.0"?>
<opencv_storage>
<training_set_points type_id="opencv-matrix">
  <rows>80</rows>
  <cols>15</cols>
  <dt>f</dt>
  <data>
    9.58177338e+01 9.62365189e+01 9.60836487e+01 9.59129562e+01
    9.57166138e+01 9.66235504e+01 9.62585068e+01 9.62419815e+01
    9.68539352e+01 9.67678757e+01 9.67096481e+01 9.66559296e+01
    9.65098419e+01 9.65895691e+01 9.66625519e+01 1.07630379e+02
    1.07516930e+02 1.07957222e+02 1.07752708e+02 1.07689171e+02
    1.07586609e+02 1.07505432e+02 1.07269104e+02 1.07078773e+02
    1.06541290e+02 1.06787483e+02 1.06411781e+02 1.06255241e+02
    1.06028969e+02 1.06236992e+02 1.07402679e+02 1.07078629e+02
    1.06925354e+02 1.07174652e+02 1.06820389e+02 1.07275436e+02
    1.07312965e+02 1.07397049e+02 1.06695747e+02 1.06189529e+02
    1.06336945e+02 1.06543343e+02 1.06832199e+02 1.06894508e+02
    1.06807671e+02 8.33528366e+01 8.36954117e+01 8.41579132e+01
    8.39418716e+01 8.40900955e+01 8.39518738e+01 8.37084503e+01
    8.31738892e+01 8.38208237e+01 8.41373291e+01 8.38602829e+01
    8.34856033e+01 8.34278641e+01 8.31855927e+01 8.31973267e+01
    1.08412910e+02 1.08215866e+02 1.08762825e+02 1.08152412e+02
    1.08155342e+02 1.08454414e+02 1.08216705e+02 1.07941406e+02
    1.07714104e+02 1.07579437e+02 1.07974075e+02 1.08183968e+02
    1.08536667e+02 1.09200249e+02 1.09344788e+02 1.04444298e+02
    1.04547302e+02 1.04779083e+02 1.04733192e+02 1.04452431e+02
    1.04907738e+02 1.04482826e+02 1.04489426e+02 1.03900696e+02
    1.04240997e+02 1.04423027e+02 1.04783295e+02 1.05059708e+02
    1.05345016e+02 1.05607773e+02 1.02308823e+02 1.02009323e+02
    1.02708595e+02 1.02143204e+02 1.02271652e+02 1.02368332e+02
    1.02202560e+02 1.01812935e+02 1.01786873e+02 1.01889839e+02
    1.02086464e+02 1.02257011e+02 1.01988701e+02 1.02045441e+02
    1.02102356e+02 7.57683258e+01 7.55624008e+01 7.60957413e+01
    7.60436630e+01 7.60769348e+01 7.55493622e+01 7.57205200e+01
    7.55841370e+01 7.53640213e+01 7.46887054e+01 7.44414291e+01
    7.40617599e+01 7.40691299e+01 7.39435959e+01 7.37158737e+01
    1.02137428e+02 1.01835365e+02 1.02102699e+02 1.01709297e+02
    1.01640221e+02 1.01990952e+02 1.01850555e+02 1.01812569e+02
    1.00928223e+02 1.00337959e+02 1.00549606e+02 1.00711601e+02
    1.00836288e+02 1.00638367e+02 1.00910393e+02 1.03426796e+02
    1.03929207e+02 1.04119484e+02 1.04047470e+02 1.03965942e+02
    1.03889908e+02 1.04027382e+02 1.03977158e+02 1.03556076e+02
    1.02747269e+02 1.02678505e+02 1.02702423e+02 1.02621475e+02
    1.02380775e+02 1.02504501e+02 6.83740311e+01 6.80820160e+01
    6.83109665e+01 6.82232285e+01 6.82085876e+01 6.83282928e+01
    6.83676224e+01 6.83016510e+01 6.78738022e+01 6.73136597e+01
    6.75599289e+01 6.79009247e+01 6.76944122e+01 6.76831360e+01
    6.80730591e+01 1.00364571e+02 1.00520653e+02 1.00051559e+02
    1.00128265e+02 1.00362267e+02 1.00295815e+02 1.00430954e+02
    1.01525093e+02 1.01508850e+02 9.99679642e+01 9.93545685e+01
    9.93901443e+01 9.90085754e+01 9.88950806e+01 9.88704071e+01
    1.08926086e+02 1.08437149e+02 1.08450974e+02 1.08744034e+02
    1.09120689e+02 1.07564293e+02 1.07973129e+02 1.07744102e+02
    1.07420074e+02 1.06797104e+02 1.06477188e+02 1.06163811e+02
    1.05826897e+02 1.05758743e+02 1.05817780e+02 8.98970337e+01
    8.84793549e+01 8.93871460e+01 8.92579498e+01 8.89233398e+01
    8.85172882e+01 8.84438782e+01 8.75239944e+01 8.86382523e+01
    8.91858826e+01 8.94274139e+01 8.94480972e+01 8.91041641e+01
    8.91995850e+01 8.92480469e+01 1.06221458e+02 1.05602325e+02
    1.05808044e+02 1.05510460e+02 1.05930916e+02 1.04495178e+02
    1.04831680e+02 1.04482910e+02 1.04135574e+02 1.03792572e+02
    1.03422409e+02 1.03245026e+02 1.02751381e+02 1.02838959e+02
    1.02803619e+02 9.99318237e+01 1.00029648e+02 9.98816223e+01
    9.99334641e+01 1.00200783e+02 9.94285507e+01 9.96189880e+01
    9.96824570e+01 9.91995087e+01 9.81025238e+01 9.79267578e+01
    9.74557724e+01 9.71826248e+01 9.65429840e+01 9.67222214e+01
    1.03881897e+02 1.03608963e+02 1.03696861e+02 1.03728493e+02
    1.03701118e+02 1.02924805e+02 1.03154274e+02 1.02838211e+02
    1.02900482e+02 1.02171509e+02 1.01750870e+02 1.01531799e+02
    1.00762421e+02 1.00560295e+02 1.00603241e+02 8.67368546e+01
    8.72126160e+01 8.72551117e+01 8.75910187e+01 8.73165436e+01
    8.72319336e+01 8.71079254e+01 8.75002670e+01 8.70404968e+01
    8.63644028e+01 8.65692291e+01 8.60264740e+01 8.60461349e+01
    8.52358246e+01 8.56366501e+01 6.98800125e+01 6.97562103e+01
    7.02046738e+01 6.98316422e+01 6.99681244e+01 6.99149170e+01
    6.97052841e+01 6.98208313e+01 6.93420944e+01 6.91406021e+01
    6.88842087e+01 6.95203323e+01 6.94263916e+01 6.96205521e+01
    6.95476990e+01 1.06505188e+02 1.05311859e+02 1.06826263e+02
    1.06193794e+02 1.06266411e+02 1.05563942e+02 1.05473129e+02
    1.03494690e+02 1.05576309e+02 1.06645615e+02 1.05914993e+02
    1.05518402e+02 1.05418816e+02 1.05099442e+02 1.05232391e+02
    7.62228775e+01 7.50363617e+01 7.61653137e+01 7.61529312e+01
    7.61941299e+01 7.49022217e+01 7.52899704e+01 7.40313873e+01
    7.60369110e+01 7.63771057e+01 7.56866989e+01 7.53527298e+01
    7.43145370e+01 7.45316544e+01 7.39439163e+01 7.62404709e+01
    7.66376648e+01 7.92823792e+01 7.64476471e+01 7.66159363e+01
    7.63717880e+01 7.47023315e+01 7.33407516e+01 7.60410843e+01
    7.98907013e+01 7.73782501e+01 7.58684158e+01 7.25042496e+01
    7.19630280e+01 7.14608841e+01 9.56976242e+01 9.48486938e+01
    9.45495682e+01 9.44879379e+01 9.53114471e+01 9.33462753e+01
    9.40394211e+01 9.34432144e+01 9.33902054e+01 9.24044189e+01
    9.19542923e+01 9.15942154e+01 9.06731262e+01 9.06121292e+01
    9.05402756e+01 6.83669357e+01 6.80501251e+01 6.87468796e+01
    6.86744003e+01 6.88505630e+01 6.81948166e+01 6.82584000e+01
    6.74180603e+01 6.87098236e+01 6.89985352e+01 6.88386917e+01
    6.85736694e+01 6.82336044e+01 6.79801483e+01 6.78962479e+01
    7.60847015e+01 7.64575195e+01 7.65252838e+01 7.64739532e+01
    7.62122040e+01 7.66100769e+01 7.61741867e+01 7.55188675e+01
    7.66577606e+01 7.69769745e+01 7.63291550e+01 7.53100967e+01
    7.48265076e+01 7.41045456e+01 7.38909149e+01 9.36296310e+01
    9.34596024e+01 9.35114212e+01 9.34218750e+01 9.33635864e+01
    9.33157883e+01 9.32694397e+01 9.33072510e+01 9.26881180e+01
    9.18993683e+01 9.19163589e+01 9.18978043e+01 9.15266724e+01
    9.18767853e+01 9.16556320e+01 9.78080368e+01 9.87374115e+01
    9.82816315e+01 9.85849838e+01 9.85307236e+01 9.83471451e+01
    9.82659073e+01 9.81208725e+01 9.79742584e+01 9.66398315e+01
    9.58948746e+01 9.45648804e+01 9.43361816e+01 9.33327789e+01
    9.30059280e+01 6.44909897e+01 6.47856216e+01 6.60659790e+01
    6.55780945e+01 6.54564590e+01 6.52106628e+01 6.54477692e+01
    6.41985931e+01 6.56347427e+01 6.61518478e+01 6.63823700e+01
    6.66041107e+01 6.65728073e+01 6.68125229e+01 6.70457306e+01
    7.23241806e+01 7.09861450e+01 7.27654877e+01 7.27326660e+01
    7.23550873e+01 7.10587845e+01 7.10591431e+01 6.96206284e+01
    7.25217972e+01 7.39821014e+01 7.29362564e+01 7.21231689e+01
    6.97541122e+01 6.96819763e+01 6.95115204e+01 7.80351334e+01
    7.80476685e+01 7.82606583e+01 7.83620529e+01 7.82389297e+01
    7.83040237e+01 7.79111176e+01 7.71359634e+01 7.80397339e+01
    7.89459686e+01 7.88729630e+01 7.91072235e+01 7.88665619e+01
    7.90095520e+01 7.90043564e+01 6.57885056e+01 6.52287369e+01
    6.60484543e+01 6.61531982e+01 6.63800507e+01 6.47448807e+01
    6.45870209e+01 6.38934250e+01 6.59962845e+01 6.57015305e+01
    6.49174194e+01 6.33905220e+01 6.06708755e+01 5.93867531e+01
    5.89335327e+01 6.86211700e+01 6.74560318e+01 6.80367432e+01
    6.84270554e+01 6.94693909e+01 6.61727676e+01 6.71201859e+01
    6.53364487e+01 6.82288055e+01 6.76159821e+01 6.62538757e+01
    6.50397415e+01 6.29133301e+01 6.22544975e+01 6.18539085e+01
    9.19307251e+01 9.24017334e+01 9.21233902e+01 9.20989075e+01
    9.24760666e+01 9.20507660e+01 9.21083298e+01 9.20600510e+01
