<?xml version="1.0"?>
<opencv_storage>
<training_set_points type_id="opencv-matrix">
  <rows>80</rows>
  <cols>15</cols>
  <dt>f</dt>
  <data>
    6.52458649e+01 6.48895264e+01 6.43371735e+01 6.48114471e+01
    6.46995163e+01 6.44205093e+01 6.46351013e+01 6.48793564e+01
    6.48486481e+01 6.53352356e+01 6.52686310e+01 6.59373474e+01
    6.56374741e+01 6.55438385e+01 6.59318695e+01 6.81172028e+01
    6.83025208e+01 6.81674271e+01 6.90435562e+01 6.87500229e+01
    6.82187958e+01 6.96643600e+01 7.04972839e+01 7.06443405e+01
    7.16581116e+01 7.11740112e+01 7.13062744e+01 7.14515152e+01
    7.13672256e+01 7.20956192e+01 6.93282700e+01 6.97489777e+01
    6.97052460e+01 6.98214722e+01 6.94691467e+01 6.96331024e+01
    7.00588608e+01 7.02460480e+01 7.00716858e+01 7.07549515e+01
    7.06952362e+01 7.13553314e+01 7.11754990e+01 7.09733505e+01
    7.15021973e+01 6.29537239e+01 6.24913750e+01 6.22478485e+01
    6.21970253e+01 6.23199387e+01 6.21108894e+01 6.30588226e+01
    6.33649673e+01 6.41649933e+01 6.55428772e+01 6.51035538e+01
    6.46684952e+01 6.48779907e+01 6.48573914e+01 6.51151962e+01
    6.76201248e+01 6.72916641e+01 6.71303253e+01 6.74922028e+01
    6.69596558e+01 6.69197845e+01 6.71075745e+01 6.75705185e+01
    6.77384415e+01 6.81868057e+01 6.85510406e+01 6.94261475e+01
    6.91879807e+01 6.91545258e+01 6.96754227e+01 6.80283279e+01
    6.74855042e+01 6.76329575e+01 6.69644470e+01 6.67687912e+01
    6.68803558e+01 6.75997238e+01 6.90655823e+01 7.01177139e+01
    7.14260254e+01 7.04404449e+01 6.95662994e+01 7.04332047e+01
    7.01524124e+01 7.00122375e+01 6.73625259e+01 6.66495514e+01
    6.66986694e+01 6.62948608e+01 6.61902771e+01 6.64129410e+01
    6.66872864e+01 6.74955902e+01 6.83853073e+01 6.94664612e+01
    6.89458618e+01 6.82258072e+01 6.87304077e+01 6.86749268e+01
    6.80587997e+01 6.31418648e+01 6.27422028e+01 6.22884712e+01
    6.20892029e+01 6.22918701e+01 6.22550697e+01 6.34452057e+01
    6.30566978e+01 6.46890106e+01 6.46173477e+01 6.47351151e+01
    6.38198814e+01 6.36140251e+01 6.33945503e+01 6.34658928e+01
    6.72793198e+01 6.70957947e+01 6.72267380e+01 6.66414490e+01
    6.65547333e+01 6.65527878e+01 6.73381577e+01 6.87086945e+01
    6.97875061e+01 7.11292725e+01 7.07687378e+01 7.02912750e+01
    7.10103302e+01 7.07186432e+01 7.02429657e+01 6.36655350e+01
    6.27076759e+01 6.25038986e+01 6.23136253e+01 6.25041275e+01
    6.26067238e+01 6.22445564e+01 6.14019127e+01 6.24309425e+01
    6.22932739e+01 6.38561668e+01 6.33882942e+01 6.36211777e+01
    6.32571220e+01 6.28344078e+01 6.66526718e+01 6.60476456e+01
    6.62392960e+01 6.60698547e+01 6.59509430e+01 6.59879379e+01
    6.68119583e+01 6.66683044e+01 6.72658157e+01 6.76291046e+01
    6.78813171e+01 6.83973694e+01 6.79601822e+01 6.77900696e+01
    6.82133789e+01 6.80607224e+01 6.86351700e+01 6.83736343e+01
    6.81447830e+01 6.85666046e+01 6.86406479e+01 7.01819382e+01
    6.91733170e+01 7.18484650e+01 7.28658066e+01 7.13567734e+01
    6.91550598e+01 7.00689316e+01 6.99277802e+01 6.93774872e+01
    6.69957352e+01 6.65785828e+01 6.63340988e+01 6.66140442e+01
    6.60341263e+01 6.59407654e+01 6.67662811e+01 6.79826508e+01
    6.90286636e+01 6.96670227e+01 6.94888458e+01 6.94670105e+01
    6.97012100e+01 6.93416824e+01 6.94405746e+01 6.82302704e+01
    6.75336761e+01 6.72472839e+01 6.71372452e+01 6.71461639e+01
    6.71844559e+01 6.75177231e+01 6.86472473e+01 6.94765015e+01
    7.01259766e+01 7.05232849e+01 6.96512070e+01 7.02026291e+01
    6.99806366e+01 6.94543076e+01 6.46048660e+01 6.38251534e+01
    6.34632378e+01 6.30979996e+01 6.33020515e+01 6.32137375e+01
    6.23492813e+01 6.24423218e+01 6.29004555e+01 6.32191849e+01
    6.44900284e+01 6.52772293e+01 6.51976624e+01 6.51901321e+01
    6.50281525e+01 6.96565628e+01 7.06064301e+01 7.02516327e+01
    7.14840546e+01 7.11328735e+01 7.06275330e+01 7.31486511e+01
    7.55549011e+01 7.85889053e+01 8.22925339e+01 7.91105728e+01
    7.39907532e+01 7.52698746e+01 7.59323807e+01 7.51270218e+01
    6.43993988e+01 6.34103699e+01 6.30290565e+01 6.24833908e+01
    6.23887177e+01 6.24129333e+01 6.17842293e+01 6.14753876e+01
    6.07123642e+01 6.14039536e+01 6.20035172e+01 6.33340073e+01
    6.29425125e+01 6.24627495e+01 6.31077576e+01 6.10888329e+01
    6.05201149e+01 5.99487114e+01 6.08456192e+01 6.04401169e+01
    5.99185333e+01 6.02106018e+01 6.11699181e+01 6.01165085e+01
    6.14533653e+01 6.15555725e+01 6.25726166e+01 6.24358711e+01
    6.18437805e+01 6.25231552e+01 8.45154953e+01 8.10537262e+01
    8.14147873e+01 8.10368195e+01 8.00073013e+01 8.24928665e+01
    7.54474411e+01 7.29705811e+01 6.56596832e+01 6.25218086e+01
    7.04806747e+01 8.02600937e+01 7.36389847e+01 7.28817673e+01
    7.77202988e+01 6.14216728e+01 6.05998497e+01 6.00797272e+01
    6.02306061e+01 5.99114418e+01 5.95812263e+01 6.03018494e+01
    6.07690048e+01 6.10938072e+01 6.19818039e+01 6.14759789e+01
    6.15892410e+01 6.17620735e+01 6.14855423e+01 6.19968796e+01
    7.30238953e+01 7.24224777e+01 7.20783234e+01 7.12163773e+01
    7.13523331e+01 7.14465027e+01 6.58990402e+01 6.96284103e+01
    6.59923019e+01 6.64701004e+01 6.99022675e+01 7.14029846e+01
    7.12722549e+01 7.09848480e+01 7.06101074e+01 6.22366600e+01
    6.14757996e+01 6.05811539e+01 6.05846329e+01 6.06429253e+01
    6.02350845e+01 5.98669624e+01 6.02273560e+01 5.94804001e+01
    6.04133911e+01 6.04510536e+01 6.06713181e+01 6.06672974e+01
    6.02339287e+01 6.03353271e+01 6.66575012e+01 6.65404663e+01
    6.61140900e+01 6.69539795e+01 6.66097031e+01 6.63261719e+01
    6.64878387e+01 6.74994812e+01 6.73517151e+01 6.70941696e+01
    6.84159698e+01 6.93935165e+01 6.89995270e+01 6.87160950e+01
    6.91592102e+01 6.78038177e+01 6.72668762e+01 6.62490692e+01
    6.80015717e+01 6.61567917e+01 6.56584396e+01 6.31959991e+01
    6.72712936e+01 6.40231094e+01 6.43657990e+01 6.65117340e+01
    6.99112473e+01 7.06541061e+01 7.06401901e+01 7.19522781e+01
    5.49957733e+01 5.42938690e+01 5.38721313e+01 5.39015427e+01
    5.39004135e+01 5.37302475e+01 5.39602737e+01 5.50951614e+01
    5.66561508e+01 5.74404030e+01 5.71924782e+01 5.61996994e+01
    5.64614525e+01 5.61069298e+01 5.61727829e+01 6.22393799e+01
    6.14456329e+01 6.10039139e+01 6.04394836e+01 6.02925529e+01
    6.03166733e+01 5.98003349e+01 5.99208412e+01 5.94226646e+01
    6.00177460e+01 6.07868423e+01 6.20021248e+01 6.15575409e+01
    6.14755859e+01 6.17525139e+01 6.45269699e+01 6.28684845e+01
    6.24454117e+01 6.13548622e+01 6.11436882e+01 6.14936409e+01
    5.77240486e+01 5.94340820e+01 5.44110413e+01 5.77893639e+01
    6.01140099e+01 6.16340714e+01 6.14581680e+01 6.13496437e+01
    6.09156570e+01 6.20500259e+01 6.10205345e+01 6.06079941e+01
    6.08675995e+01 6.06459694e+01 6.04028854e+01 6.04401436e+01
    6.08571320e+01 6.03816948e+01 6.21680298e+01 6.19447327e+01
    6.29104424e+01 6.25793877e+01 6.23150482e+01 6.26816559e+01
    5.38427963e+01 5.44518204e+01 5.37740326e+01 5.85886612e+01
    5.66619110e+01 5.37556114e+01 5.55480499e+01 5.25891724e+01
    5.09445724e+01 5.19459991e+01 5.52408295e+01 6.17538605e+01
    5.69032516e+01 5.74713402e+01 6.06430893e+01 4.28642464e+01
    4.39260406e+01 4.55263939e+01 4.46467209e+01 4.27173882e+01
    4.22737885e+01 4.63040199e+01 5.08915215e+01 5.92362061e+01
    6.22765083e+01 5.89877052e+01 6.21539040e+01 6.20315361e+01
    6.32045860e+01 6.34123116e+01 6.04392929e+01 5.76820793e+01
    5.91307297e+01 5.29743233e+01 5.34048843e+01 5.64242935e+01
    5.63158607e+01 5.36353760e+01 6.05272751e+01 5.60290413e+01
    5.72857208e+01 6.19768372e+01 6.15698891e+01 6.47615585e+01
    6.14737854e+01 4.95710297e+01 4.85007706e+01 4.97623825e+01
    4.37197495e+01 4.59209900e+01 4.72037125e+01 4.90403099e+01
    4.95793953e+01 5.66324043e+01 5.69528008e+01 5.54362793e+01
    4.90692253e+01 5.40643768e+01 5.43815842e+01 4.95745201e+01
    5.76552200e+01 5.50267563e+01 5.55051765e+01 5.01574821e+01
    5.25597153e+01 5.52252426e+01 5.38607521e+01 4.93045120e+01
