<?xml version="1.0"?>
<opencv_storage>
<training_set_points type_id="opencv-matrix">
  <rows>81</rows>
  <cols>15</cols>
  <dt>f</dt>
  <data>
    7.97254181e+01 7.94459000e+01 7.88034973e+01 8.07158661e+01
    8.20420914e+01 8.20534058e+01 8.20231094e+01 8.34243164e+01
    8.18209305e+01 8.01985397e+01 8.01530838e+01 8.05142441e+01
    8.00006714e+01 8.03669281e+01 8.01852112e+01 1.03631477e+02
    1.01298714e+02 9.91834030e+01 9.78815460e+01 9.96345596e+01
    1.00379280e+02 1.00297279e+02 1.00175346e+02 9.98636475e+01
    9.84707870e+01 9.83780975e+01 9.81076431e+01 9.85870895e+01
    9.82313614e+01 9.83112335e+01 9.35487137e+01 9.38318405e+01
    9.29773102e+01 9.45046997e+01 9.51379013e+01 9.53275070e+01
    9.51112518e+01 9.63114471e+01 9.44941025e+01 9.21934357e+01
    9.25111008e+01 9.27388992e+01 9.23001175e+01 9.27258301e+01
    9.17268143e+01 7.86288681e+01 7.97603912e+01 7.95016785e+01
    8.28271027e+01 8.28853455e+01 8.21012573e+01 8.19694138e+01
    8.45741043e+01 8.23815613e+01 8.05538940e+01 8.02110214e+01
    8.12467651e+01 8.06630936e+01 8.13316040e+01 8.16347275e+01
    8.09093628e+01 8.14436798e+01 8.04855652e+01 8.46446381e+01
    8.59211502e+01 8.59228210e+01 8.50730209e+01 8.80360947e+01
    8.64711914e+01 8.55561523e+01 8.56355362e+01 8.58025513e+01
    8.62046204e+01 8.64469986e+01 8.69066086e+01 8.28962708e+01
    8.41378784e+01 8.34001389e+01 8.30607681e+01 8.23164673e+01
    8.27071228e+01 8.20525894e+01 8.46546326e+01 8.21027908e+01
    8.09140930e+01 8.13698807e+01 8.17195816e+01 8.14031677e+01
    8.20944748e+01 8.36444321e+01 1.06639503e+02 1.06917671e+02
    1.05916824e+02 1.06996758e+02 1.08161125e+02 1.08224052e+02
    1.07935379e+02 1.09356773e+02 1.07974472e+02 1.06246468e+02
    1.07209602e+02 1.06395538e+02 1.07033371e+02 1.06476952e+02
    1.06770164e+02 7.99824142e+01 8.14631424e+01 8.11436768e+01
    8.29879913e+01 8.33333588e+01 8.31201324e+01 8.29385681e+01
    8.54337997e+01 8.38971481e+01 8.25778275e+01 8.26725159e+01
    8.28040924e+01 8.28542328e+01 8.33778229e+01 8.30263977e+01
    8.98269730e+01 9.03518600e+01 8.96532135e+01 9.02601471e+01
    9.09583511e+01 9.02155457e+01 9.02187042e+01 9.24714584e+01
    9.05500946e+01 8.88932877e+01 8.89833221e+01 8.96502838e+01
    8.97335205e+01 9.01487961e+01 8.99197159e+01 8.65152740e+01
    8.62709503e+01 8.56604004e+01 8.80720978e+01 8.98845062e+01
    9.02192764e+01 8.98538513e+01 9.18981018e+01 9.10733643e+01
    9.04023743e+01 9.09648666e+01 9.02302246e+01 9.10220032e+01
    9.10082550e+01 9.06922836e+01 8.77026749e+01 8.57049789e+01
    8.39122314e+01 8.36656418e+01 8.53554916e+01 8.54727402e+01
    8.53746643e+01 8.54210358e+01 8.45515747e+01 8.36441574e+01
    8.31245880e+01 8.23533936e+01 8.28403549e+01 8.28686829e+01
    8.20433578e+01 8.94454727e+01 8.92748871e+01 8.81437836e+01
    9.00421295e+01 9.04293365e+01 9.04430313e+01 9.02472687e+01
    9.18955307e+01 9.05969467e+01 8.94355621e+01 8.89945450e+01
    8.95070267e+01 8.93557053e+01 8.95996017e+01 8.99120026e+01
    1.13405525e+02 1.15510635e+02 1.14718727e+02 1.14516617e+02
    1.14234825e+02 1.14281303e+02 1.15607933e+02 1.13828506e+02
    1.11276855e+02 1.04401512e+02 1.04213928e+02 1.06374763e+02
    1.03332443e+02 1.03043610e+02 1.02414505e+02 8.08941650e+01
    8.24359055e+01 8.09759827e+01 8.26777115e+01 8.34343567e+01
    8.30885544e+01 8.28367462e+01 8.47561035e+01 8.33105164e+01
    8.20017014e+01 8.20202637e+01 8.24410477e+01 8.24901886e+01
    8.30381165e+01 8.31228180e+01 9.57541580e+01 9.62606354e+01
    9.49757462e+01 9.43073502e+01 9.43963699e+01 9.44244385e+01
    9.43037186e+01 9.58256378e+01 9.42453232e+01 9.30091400e+01
    9.39059296e+01 9.38828506e+01 9.41189957e+01 9.43528900e+01
    9.54617386e+01 8.37928848e+01 8.38580780e+01 8.21187134e+01
    8.27358704e+01 8.43000793e+01 8.40376434e+01 8.38310242e+01
    8.49229355e+01 8.39019547e+01 8.34076538e+01 8.37705383e+01
    8.30034943e+01 8.39156189e+01 8.39133759e+01 8.39605865e+01
    7.75982285e+01 7.86618423e+01 7.78436737e+01 8.01332169e+01
    8.10732040e+01 8.01062393e+01 8.01247635e+01 8.29306641e+01
    8.12981491e+01 8.08151932e+01 8.08302155e+01 8.12912827e+01
    8.12598419e+01 8.22248764e+01 8.26452026e+01 9.12365875e+01
    9.15935364e+01 9.03799438e+01 9.13427734e+01 9.27064362e+01
    9.28323212e+01 9.25434189e+01 9.42828751e+01 9.27064285e+01
    9.16826553e+01 9.19562225e+01 9.19498138e+01 9.20484314e+01
    9.20933762e+01 9.19095840e+01 9.35586777e+01 9.17129211e+01
    8.93511658e+01 8.80464401e+01 8.98873291e+01 9.02402039e+01
    9.02027969e+01 9.08744049e+01 8.99804459e+01 8.90596771e+01
    8.95345383e+01 8.89698410e+01 8.97022095e+01 8.95758972e+01
    9.12142105e+01 1.08864342e+02 1.09651291e+02 1.09785110e+02
    1.11710075e+02 1.12808556e+02 1.13015999e+02 1.12764084e+02
    1.14262604e+02 1.15078613e+02 1.10969131e+02 1.10848495e+02
    1.11198746e+02 1.10371666e+02 1.10380302e+02 1.09814301e+02
    1.11677010e+02 1.10654358e+02 1.08270691e+02 1.07653725e+02
    1.06926453e+02 1.06731949e+02 1.07036636e+02 1.06612228e+02
    1.03416870e+02 9.99970856e+01 9.80847092e+01 1.00221191e+02
    9.84077225e+01 9.80002975e+01 9.85173569e+01 8.85471039e+01
    8.86473389e+01 8.77771072e+01 8.97788696e+01 9.08843079e+01
    9.05015869e+01 9.02969666e+01 9.27463455e+01 9.11210175e+01
    9.07531128e+01 9.09075012e+01 9.07969894e+01 9.11839828e+01
    9.16876450e+01 9.16974945e+01 9.00898895e+01 9.06017303e+01
    9.01390762e+01 9.17836304e+01 9.36305008e+01 9.36616821e+01
    9.33138199e+01 9.59112396e+01 9.47015839e+01 9.43849411e+01
    9.47494049e+01 9.46997299e+01 9.51453934e+01 9.55944901e+01
    9.58652954e+01 8.94741592e+01 8.89079361e+01 8.82539215e+01
    8.92473526e+01 9.05959091e+01 9.06527481e+01 9.05548325e+01
    9.17641525e+01 9.08989334e+01 9.02203598e+01 9.01093597e+01
    9.01791992e+01 9.06116104e+01 9.09833374e+01 9.07930679e+01
    8.41724701e+01 8.25862122e+01 8.05240479e+01 8.05273438e+01
    8.27469177e+01 8.29210663e+01 8.25127106e+01 8.41152191e+01
    8.31759415e+01 8.32144165e+01 8.32324066e+01 8.30977936e+01
    8.36476517e+01 8.39693298e+01 8.47714233e+01 9.24410019e+01
    9.14875793e+01 8.98803101e+01 8.79024429e+01 8.92021027e+01
    9.09110794e+01 9.04568634e+01 9.07340698e+01 9.01587753e+01
    8.91423340e+01 8.89045944e+01 8.89911575e+01 8.88720627e+01
    8.90459137e+01 8.93885345e+01 6.68736115e+01 6.75595093e+01
    6.63578644e+01 6.85226364e+01 6.90369339e+01 6.85641403e+01
    6.89782562e+01 7.15195160e+01 6.97123871e+01 6.97738647e+01
    7.00236282e+01 7.02631073e+01 7.02883835e+01 7.14640579e+01
    7.28312225e+01 5.66477432e+01 6.12330284e+01 6.23234100e+01
    6.62858200e+01 6.54197388e+01 6.52122269e+01 6.55174561e+01
    6.97666931e+01 6.75813675e+01 6.70405655e+01 6.69079056e+01
    6.90486145e+01 6.79311371e+01 6.98526154e+01 7.03444595e+01
    7.06608658e+01 7.11310120e+01 7.00316696e+01 7.30237503e+01
    7.42713394e+01 7.37034531e+01 7.36401901e+01 7.62039948e+01
    7.44371948e+01 7.34407272e+01 7.32027893e+01 7.38786316e+01
    7.38597717e+01 7.39407959e+01 7.37240143e+01 8.08725815e+01
    8.59166489e+01 8.61642151e+01 8.65452957e+01 8.68526459e+01
    8.92516708e+01 8.82170105e+01 8.94174500e+01 8.88339157e+01
    8.62317429e+01 8.67977905e+01 8.56747284e+01 8.59609146e+01
    8.76448059e+01 8.50354156e+01 1.04468407e+02 1.04795593e+02
    1.03742928e+02 1.03924622e+02 1.04335823e+02 1.03981277e+02
    1.03899483e+02 1.05285599e+02 1.03401688e+02 1.01535355e+02
    1.01518738e+02 1.01979362e+02 1.01813965e+02 1.02395088e+02
    1.01996857e+02 6.41593246e+01 6.60432892e+01 6.54689636e+01
    7.10857925e+01 7.12762909e+01 6.92820663e+01 6.92697296e+01
    7.36475601e+01 7.09512177e+01 7.06470566e+01 6.97863083e+01
    7.17182693e+01 7.08209839e+01 7.20294800e+01 7.21911774e+01
    6.89523163e+01 6.96947861e+01 6.87296677e+01 7.08479767e+01
    7.15326538e+01 7.13219147e+01 7.11833344e+01 7.28315048e+01
