<?xml version="1.0"?>
<opencv_storage>
<training_set_points type_id="opencv-matrix">
  <rows>81</rows>
  <cols>15</cols>
  <dt>f</dt>
  <data>
    8.81006699e+01 8.93943481e+01 9.01646271e+01 8.92620010e+01
    8.87152023e+01 8.89784622e+01 8.87077332e+01 8.92188873e+01
    8.89599304e+01 8.90194855e+01 8.80000305e+01 8.71337967e+01
    8.67775345e+01 8.63266830e+01 8.56448898e+01 8.93512115e+01
    9.01061478e+01 9.02978363e+01 8.98549271e+01 8.93027420e+01
    8.96520844e+01 8.98688431e+01 8.94297562e+01 8.97491455e+01
    8.99208679e+01 8.88184509e+01 8.86567078e+01 8.82326965e+01
    8.79244690e+01 8.77160950e+01 9.61915741e+01 9.66922989e+01
    9.72752151e+01 9.63103867e+01 9.61361694e+01 9.57458115e+01
    9.59809952e+01 9.59076080e+01 9.59698181e+01 9.59174118e+01
    9.48966293e+01 9.41110458e+01 9.37969818e+01 9.28694000e+01
    9.25202332e+01 7.99777756e+01 8.05788956e+01 8.14787064e+01
    8.01199722e+01 7.74045410e+01 7.81253052e+01 7.72671509e+01
    7.80966339e+01 7.82674026e+01 7.86189728e+01 7.41694641e+01
    7.22226410e+01 7.20062637e+01 7.03669510e+01 6.85651245e+01
    8.54588318e+01 8.44258194e+01 8.46477432e+01 8.45658264e+01
    8.40880127e+01 8.43723755e+01 8.45948029e+01 8.43326797e+01
    8.42674408e+01 8.47035675e+01 8.37757797e+01 8.42031021e+01
    8.37375183e+01 8.38505325e+01 8.32459641e+01 9.30907364e+01
    9.30622864e+01 9.33890076e+01 9.35937805e+01 9.34904327e+01
    9.31805191e+01 9.36204529e+01 9.32727203e+01 9.35920334e+01
    9.33459396e+01 9.33365936e+01 9.34824448e+01 9.32047653e+01
    9.35722275e+01 9.32339935e+01 8.29410706e+01 8.31576385e+01
    8.34715347e+01 8.26550369e+01 8.12117844e+01 8.14208908e+01
    8.15125275e+01 8.14059753e+01 8.16171417e+01 8.19691391e+01
    7.94483719e+01 7.84747696e+01 7.84415436e+01 7.75997543e+01
    7.62525101e+01 8.68089600e+01 8.62730713e+01 8.65733414e+01
    8.64479141e+01 8.33607635e+01 8.44405060e+01 8.37856979e+01
    8.43184586e+01 8.44938736e+01 8.54907074e+01 8.12552719e+01
    7.99107437e+01 7.89105301e+01 7.74358902e+01 7.51389008e+01
    7.99412613e+01 7.84588470e+01 7.91767197e+01 7.89457779e+01
    7.62645264e+01 7.72929916e+01 7.61190109e+01 7.75802078e+01
    7.70528641e+01 7.73740463e+01 7.35770264e+01 7.17361526e+01
    7.12352066e+01 6.98982697e+01 6.74963379e+01 7.47157974e+01
    7.57690277e+01 7.59405594e+01 7.55541916e+01 7.51024170e+01
    7.55513306e+01 7.54852982e+01 7.54183044e+01 7.58961716e+01
    7.52900848e+01 7.46792908e+01 7.39839401e+01 7.35847778e+01
    7.34510651e+01 7.38901062e+01 9.02235336e+01 9.05901642e+01
    9.09606552e+01 9.05442734e+01 9.07963867e+01 9.08263626e+01
    9.10911942e+01 9.06128311e+01 9.08837357e+01 9.08480911e+01
    9.06834641e+01 9.12119370e+01 9.13036194e+01 9.15567093e+01
    9.17172852e+01 6.77930069e+01 6.79449463e+01 6.81253128e+01
    6.81753387e+01 6.68065491e+01 6.71967850e+01 6.71139679e+01
    6.67631683e+01 6.73315353e+01 6.73993225e+01 6.57467804e+01
    6.53100128e+01 6.49112701e+01 6.53088684e+01 6.39920692e+01
    7.48050156e+01 7.50881271e+01 7.59783707e+01 7.51311874e+01
    7.29870987e+01 7.35710068e+01 7.29364471e+01 7.38561707e+01
    7.35471115e+01 7.38851776e+01 7.01623535e+01 6.82079315e+01
    6.73901215e+01 6.56778259e+01 6.34745331e+01 7.81160660e+01
    7.81039352e+01 7.89293137e+01 7.81887817e+01 7.59100876e+01
    7.66179276e+01 7.60226593e+01 7.70179901e+01 7.67845917e+01
    7.69192047e+01 7.38055267e+01 7.22193146e+01 7.17025833e+01
    7.03048782e+01 6.99047699e+01 7.30010834e+01 7.29642639e+01
    7.33549347e+01 7.29085846e+01 7.17695694e+01 7.24482422e+01
    7.26810913e+01 7.25798798e+01 7.26247559e+01 7.25969696e+01
    7.10712357e+01 7.03363724e+01 6.95614166e+01 6.91315613e+01
    6.75395660e+01 6.59630051e+01 6.40975723e+01 6.48113098e+01
    6.50629883e+01 6.23076859e+01 6.31221313e+01 6.25038452e+01
    6.36716919e+01 6.33696404e+01 6.38967743e+01 6.09780121e+01
    5.98340530e+01 5.92086258e+01 5.87902069e+01 5.70179939e+01
    6.96207581e+01 7.07300873e+01 7.15716248e+01 7.03934860e+01
    6.90746384e+01 6.92671814e+01 6.92243500e+01 6.91597824e+01
    6.95125504e+01 6.96137085e+01 6.71775436e+01 6.62768860e+01
    6.57675629e+01 6.52713318e+01 6.41750488e+01 6.45846558e+01
    6.50385208e+01 6.53767395e+01 6.50012665e+01 6.56156006e+01
    6.51184998e+01 6.56171188e+01 6.52012024e+01 6.51844711e+01
    6.51403656e+01 6.49510956e+01 6.46741028e+01 6.49205322e+01
    6.50182724e+01 6.51864777e+01 9.15255356e+01 9.09868927e+01
    9.14948654e+01 9.07141876e+01 9.09854279e+01 9.10899582e+01
    9.12322006e+01 9.13720551e+01 9.07217178e+01 9.07387238e+01
    9.03171844e+01 8.96184311e+01 8.93241425e+01 8.89908218e+01
    8.84347229e+01 5.73891945e+01 6.26093407e+01 6.20863571e+01
    5.84235649e+01 6.10582886e+01 5.85066681e+01 5.86405754e+01
    5.80272675e+01 5.91152802e+01 5.84818840e+01 5.62274513e+01
    5.30763130e+01 5.29072876e+01 5.10367203e+01 4.91349716e+01
    7.28157349e+01 7.63738861e+01 7.69523392e+01 7.29031219e+01
    7.10035248e+01 7.04033279e+01 6.93898468e+01 7.10928955e+01
    7.11638336e+01 7.17805252e+01 6.52293091e+01 6.00667992e+01
    5.97114792e+01 5.62528191e+01 5.35889435e+01 7.21177673e+01
    7.42004471e+01 7.46459122e+01 7.16956711e+01 7.06641769e+01
    6.97191925e+01 6.93607941e+01 7.03986588e+01 7.07218628e+01
    7.06728287e+01 6.63842621e+01 6.20424614e+01 6.12405777e+01
    5.76973953e+01 5.30334930e+01 7.60758743e+01 7.81466064e+01
    7.85613022e+01 7.58558121e+01 7.41493149e+01 7.41926346e+01
    7.30761719e+01 7.43926773e+01 7.41747437e+01 7.46388474e+01
    6.92622070e+01 6.54830704e+01 6.49531555e+01 6.16798782e+01
    5.95145645e+01 6.79849777e+01 7.04630661e+01 7.05615768e+01
    6.83520203e+01 6.73670883e+01 6.71122894e+01 6.66351852e+01
    6.74059753e+01 6.73487701e+01 6.73958893e+01 6.37729187e+01
    6.11688042e+01 6.01637650e+01 5.76264305e+01 5.49553185e+01
    7.08106079e+01 7.25276031e+01 7.27405701e+01 7.03903503e+01
    6.94043808e+01 6.86482010e+01 6.82294464e+01 6.90483551e+01
    6.92900696e+01 6.95627823e+01 6.53170395e+01 6.28371010e+01
    6.22721138e+01 5.96633644e+01 5.79302292e+01 8.46149979e+01
    8.59281158e+01 8.63509979e+01 8.43714676e+01 8.18979111e+01
    8.20631866e+01 8.10027618e+01 8.21486816e+01 8.23294601e+01
    8.24956207e+01 7.71734772e+01 7.38798904e+01 7.28481293e+01
    6.99616470e+01 6.66959991e+01 8.44536133e+01 8.60125275e+01
    8.72284546e+01 8.38818054e+01 8.04852676e+01 8.15322266e+01
    7.97940063e+01 8.10007782e+01 8.17632141e+01 8.20872955e+01
    7.45081558e+01 7.03710556e+01 6.96261826e+01 6.70982513e+01
    6.32220078e+01 7.63050842e+01 7.73750916e+01 7.80267258e+01
    7.60525436e+01 7.29693909e+01 7.38693008e+01 7.27710495e+01
    7.43956680e+01 7.43938751e+01 7.45268631e+01 6.78172760e+01
    6.41691742e+01 6.31760292e+01 6.04479103e+01 5.59713974e+01
    8.34733429e+01 8.41184998e+01 8.51823120e+01 8.30776215e+01
    7.91080322e+01 8.01110382e+01 7.81923141e+01 8.05379486e+01
    8.03192444e+01 8.08699417e+01 7.26198425e+01 6.89492188e+01
    6.80037613e+01 6.48864670e+01 6.05253258e+01 7.20773621e+01
    6.88769531e+01 6.94938278e+01 6.99079971e+01 6.75715942e+01
    6.93508911e+01 6.88479080e+01 6.89841843e+01 6.89989243e+01
    6.91445312e+01 6.73473511e+01 6.71459351e+01 6.65116425e+01
    6.55998840e+01 6.37042313e+01 1.00793907e+02 1.00631828e+02
    1.00742126e+02 9.95478745e+01 9.63664856e+01 9.70221558e+01
    9.59313736e+01 9.71208115e+01 9.71566467e+01 9.77080231e+01
    9.12178650e+01 8.65985260e+01 8.56102371e+01 8.17749100e+01
    7.64016495e+01 9.71986923e+01 9.74178467e+01 9.81852798e+01
    9.64842224e+01 9.22498093e+01 9.33030396e+01 9.16880417e+01
    9.32582016e+01 9.31697693e+01 9.43682404e+01 8.62590179e+01
    8.27560806e+01 8.14126816e+01 7.78469467e+01 7.32115097e+01
    6.87941055e+01 6.90829391e+01 6.91723633e+01 6.90810013e+01
    6.75425568e+01 6.79990234e+01 6.79336319e+01 6.82658768e+01
