<?xml version="1.0"?>
<opencv_storage>
<training_set_points type_id="opencv-matrix">
  <rows>80</rows>
  <cols>15</cols>
  <dt>f</dt>
  <data>
    5.12772865e+01 4.90806618e+01 5.01337471e+01 4.82177505e+01
    5.06297188e+01 5.01617012e+01 5.10371170e+01 5.01611290e+01
    4.96338348e+01 5.14595375e+01 5.16107063e+01 5.20138702e+01
    5.01505508e+01 5.06375885e+01 5.17984848e+01 1.11331940e+02
    8.62061844e+01 8.96273270e+01 8.85373535e+01 9.64739227e+01
    8.58692551e+01 9.49827576e+01 8.98923111e+01 9.19129181e+01
    8.81146011e+01 8.98990326e+01 8.87087936e+01 8.64933090e+01
    8.07263641e+01 8.08656158e+01 6.98626022e+01 6.87362595e+01
    6.82191010e+01 6.83606720e+01 6.82216721e+01 6.83226852e+01
    6.80559006e+01 6.82606812e+01 6.84002914e+01 6.83810730e+01
    6.81820679e+01 6.82830048e+01 6.85622559e+01 6.83325500e+01
    6.84314499e+01 6.68441696e+01 6.56335678e+01 6.51766129e+01
    6.53915253e+01 6.38628845e+01 6.44200821e+01 6.39915657e+01
    6.46088715e+01 6.50668259e+01 6.47797089e+01 6.49074783e+01
    6.50403442e+01 6.58862762e+01 6.52409973e+01 6.49277115e+01
    6.54723892e+01 6.32570877e+01 6.36960983e+01 6.28311081e+01
    6.28701553e+01 6.27859383e+01 6.27475281e+01 6.29380035e+01
    6.36436653e+01 6.32504082e+01 6.37620544e+01 6.38037682e+01
    6.38167953e+01 6.41109161e+01 6.37356911e+01 6.51558914e+01
    6.17990074e+01 6.34258003e+01 6.21067047e+01 6.33149948e+01
    6.26884422e+01 6.34631386e+01 6.24464417e+01 6.28416672e+01
    6.38774872e+01 6.41563263e+01 6.39063187e+01 6.27649574e+01
    6.32517395e+01 6.31114807e+01 4.74893227e+01 3.95201454e+01
    4.40741577e+01 3.97761230e+01 4.66850700e+01 4.28935204e+01
    4.70603561e+01 4.36690369e+01 4.43076515e+01 4.74696159e+01
    4.77777252e+01 4.80343323e+01 4.31449051e+01 4.57911911e+01
    4.62348633e+01 5.81852989e+01 5.56119537e+01 5.70149536e+01
    5.53206444e+01 5.71976013e+01 5.62970352e+01 5.75043983e+01
    5.63152313e+01 5.70624847e+01 5.74571495e+01 5.79582062e+01
    5.82120972e+01 5.66826668e+01 5.77386856e+01 5.75499420e+01
    5.73274498e+01 5.43263245e+01 5.52546616e+01 5.41294823e+01
    5.49885025e+01 5.43748512e+01 5.48134384e+01 5.45981407e+01
    5.50363083e+01 5.52586899e+01 5.55528336e+01 5.59321022e+01
    5.50735741e+01 5.55177841e+01 5.52123718e+01 6.85548553e+01
    6.64955521e+01 6.78791351e+01 6.72782135e+01 6.71739349e+01
    6.69763489e+01 6.69265060e+01 6.68740082e+01 6.75034943e+01
    6.77737579e+01 6.74644318e+01 6.77202225e+01 6.76514130e+01
    6.78512115e+01 6.74537659e+01 6.28825912e+01 6.09476051e+01
    6.18631058e+01 6.10652962e+01 6.10882301e+01 6.09309654e+01
    6.11895103e+01 6.07936859e+01 6.13316422e+01 6.16801338e+01
    6.16456757e+01 6.20860672e+01 6.16440811e+01 6.18470421e+01
    6.17710876e+01 6.66285248e+01 6.48801041e+01 6.52395859e+01
    6.47449112e+01 6.49295044e+01 6.51816864e+01 6.50772171e+01
    6.48335419e+01 6.48575058e+01 6.52940979e+01 6.48364716e+01
    6.53575897e+01 6.50500793e+01 6.50944977e+01 6.50713043e+01
    6.68060837e+01 6.53761673e+01 6.64315643e+01 6.51151581e+01
    6.56790848e+01 6.54834671e+01 6.59509811e+01 6.57921143e+01
    6.58321533e+01 6.72876663e+01 6.64007797e+01 6.67242279e+01
    6.61914825e+01 6.67115631e+01 6.64338150e+01 6.70366745e+01
    6.47631073e+01 6.46792526e+01 6.50141525e+01 6.37383575e+01
    6.39742851e+01 6.33783760e+01 6.43803406e+01 6.47089844e+01
    6.40825272e+01 6.39528465e+01 6.40764084e+01 6.52201157e+01
    6.45749893e+01 6.40018539e+01 6.39154129e+01 6.26093369e+01
    6.24260902e+01 6.27213097e+01 6.18629913e+01 6.19047699e+01
    6.17602234e+01 6.15089340e+01 6.19311104e+01 6.16441498e+01
    6.17326584e+01 6.14880714e+01 6.23409615e+01 6.16793785e+01
    6.12589569e+01 6.34304466e+01 6.25333672e+01 6.22868576e+01
    6.23603706e+01 6.15183449e+01 6.22353401e+01 6.18972054e+01
    6.19440041e+01 6.21188240e+01 6.24102287e+01 6.15362434e+01
    6.17873535e+01 6.22137642e+01 6.20032463e+01 6.17413139e+01
    3.87103882e+01 3.43102112e+01 3.75546570e+01 3.31786957e+01
    3.90364876e+01 3.64952621e+01 4.09025688e+01 3.72024078e+01
    3.72294693e+01 4.08066521e+01 4.13629837e+01 4.16406975e+01
    3.66506042e+01 3.96905746e+01 4.00424461e+01 5.19556808e+01
    5.06432800e+01 5.15724602e+01 5.07493057e+01 5.07457466e+01
    5.09664192e+01 5.07477150e+01 5.09192734e+01 5.15451126e+01
    5.13649750e+01 5.10248528e+01 5.17396660e+01 5.16335411e+01
    5.17354889e+01 5.15710640e+01 6.14050331e+01 6.05302963e+01
    6.07401428e+01 6.05563736e+01 6.03399773e+01 6.08176308e+01
    6.06730881e+01 6.06048317e+01 6.06817741e+01 6.10957870e+01
    6.05612259e+01 6.11279907e+01 6.07308464e+01 6.08400650e+01
    6.07987442e+01 7.36184082e+01 7.00969315e+01 7.12203522e+01
    7.27468185e+01 6.98461838e+01 6.97742081e+01 6.93800278e+01
    7.05665131e+01 7.06595001e+01 7.16264496e+01 7.15922928e+01
    7.13945541e+01 7.26911774e+01 6.94547119e+01 7.10706940e+01
    7.05131836e+01 7.06293793e+01 6.94195709e+01 6.88540344e+01
    6.90605392e+01 6.98452759e+01 7.06933289e+01 7.03428802e+01
    7.09049835e+01 7.06156158e+01 7.15911179e+01 7.11265411e+01
    7.08956604e+01 7.12417145e+01 7.18410721e+01 7.53508148e+01
    7.34963913e+01 7.28081207e+01 7.14360657e+01 7.23475647e+01
    7.21947937e+01 7.50535812e+01 7.51164322e+01 7.43301315e+01
    7.48175049e+01 7.47441940e+01 7.47420349e+01 7.32978745e+01
    7.67094193e+01 7.46410599e+01 7.47724609e+01 7.22495117e+01
    7.32714157e+01 7.12473373e+01 7.37955551e+01 7.28400040e+01
    7.68480072e+01 7.50117569e+01 7.28203659e+01 7.67793655e+01
    7.50241241e+01 7.69689789e+01 7.35724030e+01 7.43845749e+01
    7.43283234e+01 7.58342743e+01 7.57986145e+01 7.38558197e+01
    7.18500748e+01 7.35611343e+01 7.21156769e+01 7.52561722e+01
    7.51420746e+01 7.30140076e+01 7.55099564e+01 7.49148254e+01
    7.45154953e+01 7.33204575e+01 7.39774475e+01 7.37205353e+01
    7.52193832e+01 7.10328445e+01 7.29428864e+01 7.10367203e+01
    7.26517487e+01 7.12327957e+01 7.24821396e+01 7.29047928e+01
    7.22962723e+01 7.41692123e+01 7.33236160e+01 7.29007950e+01
    7.23876801e+01 7.27869644e+01 7.18821945e+01 9.28353958e+01
    8.08794708e+01 8.96348572e+01 8.24826279e+01 8.68475723e+01
    7.88891983e+01 8.19670258e+01 8.21602554e+01 8.24411316e+01
    8.34370346e+01 8.64176331e+01 7.81253433e+01 8.18684769e+01
    8.10393600e+01 7.74355087e+01 7.81361847e+01 7.34659424e+01
    7.47844925e+01 7.40880814e+01 7.42293625e+01 7.39493713e+01
    7.40256882e+01 7.43034821e+01 7.46908875e+01 7.63466568e+01
    7.49510803e+01 7.54821472e+01 7.47353363e+01 7.52082748e+01
    7.41141510e+01 6.76393814e+01 6.47831802e+01 6.59493713e+01
    6.45051651e+01 6.49918747e+01 6.45599594e+01 6.57200699e+01
    6.55471802e+01 6.52001343e+01 6.69420319e+01 6.62185287e+01
    6.64148865e+01 6.56342392e+01 6.63656311e+01 6.53842010e+01
    5.29489174e+01 5.28910332e+01 5.09974136e+01 5.42234802e+01
    4.73981781e+01 4.94662781e+01 4.45594177e+01 4.92893486e+01
    5.03389740e+01 4.67517624e+01 4.52997208e+01 4.50054092e+01
    5.12788544e+01 4.82812920e+01 4.59872932e+01 7.95172043e+01
    7.56400528e+01 7.73721619e+01 7.61280518e+01 7.67132874e+01
    7.65875244e+01 7.75211105e+01 7.65363388e+01 7.61889420e+01
    7.85099945e+01 7.75578766e+01 7.73359451e+01 7.72201462e+01
    7.66991882e+01 7.59992523e+01 6.40890808e+01 6.31829300e+01
    6.30084686e+01 6.29312019e+01 6.29797974e+01 6.33770180e+01
    6.29840431e+01 6.27004395e+01 6.32363815e+01 6.32578926e+01
    6.31946411e+01 6.31920013e+01 6.32665100e+01 6.30663605e+01
    6.29269218e+01 8.38707581e+01 7.55583878e+01 8.02900085e+01
    8.92218933e+01 7.72795715e+01 8.06657562e+01 6.58241272e+01
    7.51926498e+01 8.38621674e+01 6.99590912e+01 7.29811401e+01
    7.69176636e+01 8.38011169e+01 7.81438675e+01 7.75056381e+01
    8.11768570e+01 7.41843719e+01 7.80803833e+01 7.62961731e+01
    7.74267426e+01 7.59106598e+01 7.63892975e+01 7.64499054e+01
