<?xml version="1.0"?>
<opencv_storage>
<training_set_points type_id="opencv-matrix">
  <rows>81</rows>
  <cols>15</cols>
  <dt>f</dt>
  <data>
    8.55480270e+01 8.46959686e+01 7.82458572e+01 8.51828918e+01
    8.04922028e+01 8.11435852e+01 8.03619614e+01 7.91544571e+01
    8.10009613e+01 7.88360901e+01 8.65545654e+01 8.10917053e+01
    8.75236359e+01 8.75761795e+01 8.14399567e+01 9.29115067e+01
    9.35113068e+01 8.92795486e+01 9.51647949e+01 8.59109421e+01
    8.59569702e+01 8.80817642e+01 8.55283127e+01 8.53170166e+01
    8.61826553e+01 8.69094467e+01 8.81800690e+01 8.51868439e+01
    8.93375015e+01 9.14289627e+01 5.66501160e+01 6.10512314e+01
    6.15951767e+01 6.11883888e+01 6.65052795e+01 6.46151352e+01
    6.15904236e+01 6.46454620e+01 6.59893036e+01 6.31700974e+01
    6.57772751e+01 6.17777557e+01 6.24637222e+01 6.08974380e+01
    6.25334282e+01 7.17495270e+01 7.20449982e+01 7.78064194e+01
    7.48317337e+01 8.39564667e+01 7.63198471e+01 7.77768173e+01
    8.11590576e+01 8.22239685e+01 8.51395416e+01 8.53984222e+01
    7.58079224e+01 8.33849869e+01 8.39885635e+01 8.20708618e+01
    3.90989532e+01 4.02792015e+01 3.97921219e+01 4.02135201e+01
    4.17608528e+01 4.16028786e+01 4.03306465e+01 4.12522926e+01
    4.13037033e+01 4.16678505e+01 4.08221664e+01 4.11240234e+01
    4.05433044e+01 4.07930641e+01 4.14181442e+01 6.53669891e+01
    6.58359146e+01 6.63104858e+01 6.52310104e+01 7.12735748e+01
    7.03151703e+01 6.67604675e+01 7.03309097e+01 7.11077042e+01
    6.92288055e+01 7.09266205e+01 6.74161072e+01 7.02225800e+01
    6.77975922e+01 6.81561584e+01 7.27472382e+01 7.58533783e+01
    7.69687195e+01 7.61671448e+01 8.20706329e+01 7.89346771e+01
    7.76722641e+01 8.02992783e+01 8.15687408e+01 7.96217957e+01
    8.14123230e+01 7.67056656e+01 7.93714905e+01 7.67358398e+01
    7.78364334e+01 7.24815369e+01 7.51700745e+01 7.55381699e+01
    7.51616364e+01 7.90463867e+01 7.65496674e+01 7.54420853e+01
    7.77708893e+01 7.81323395e+01 7.76688614e+01 7.89502945e+01
    7.54589157e+01 7.76346817e+01 7.61557999e+01 7.61809158e+01
    9.68208008e+01 7.28721008e+01 7.24429321e+01 7.27575684e+01
    8.05702057e+01 7.91595764e+01 7.62416992e+01 7.72271042e+01
    8.24690247e+01 7.74120712e+01 7.90674286e+01 7.95227814e+01
    8.40116806e+01 8.17766266e+01 8.06614456e+01 5.46149559e+01
    5.48852692e+01 5.54716759e+01 5.48770828e+01 6.16694221e+01
    5.93854332e+01 5.58374214e+01 5.94531746e+01 6.09453125e+01
    5.86043701e+01 6.09005165e+01 5.57202301e+01 5.88813477e+01
    5.81422653e+01 5.80734291e+01 7.93958588e+01 8.47258377e+01
    8.52574921e+01 8.38196411e+01 8.51933975e+01 8.57897873e+01
    8.48374863e+01 8.48557892e+01 8.52757874e+01 8.48253937e+01
    8.41096039e+01 8.42357101e+01 8.41836624e+01 8.37600555e+01
    8.28339691e+01 9.30887909e+01 9.72350388e+01 9.66438217e+01
    9.55336304e+01 9.71543045e+01 9.48727722e+01 9.79319153e+01
    9.68369598e+01 9.70514755e+01 9.84211044e+01 9.83130646e+01
    9.68631363e+01 9.76303940e+01 9.79989700e+01 9.76909561e+01
    7.41224670e+01 9.34568634e+01 9.71855087e+01 9.57866211e+01
    9.87085190e+01 9.58745422e+01 9.68688507e+01 9.77874680e+01
    9.80199661e+01 1.00750580e+02 9.67191696e+01 9.76671371e+01
    9.33585510e+01 9.28408203e+01 9.86791992e+01 5.67923508e+01
    5.25557976e+01 5.33415489e+01 5.27172356e+01 5.64522362e+01
    5.57544098e+01 5.45959587e+01 5.57923317e+01 5.72556000e+01
    5.65957336e+01 5.55208054e+01 5.53005447e+01 5.65928383e+01
    5.64414482e+01 5.58297958e+01 7.41044083e+01 9.10540543e+01
    9.90601425e+01 1.00391052e+02 1.05790573e+02 1.01093742e+02
    9.66654358e+01 1.03551460e+02 1.04655823e+02 1.04388100e+02
    1.00059593e+02 9.69471130e+01 9.28091660e+01 9.67724991e+01
    1.04604698e+02 7.55200653e+01 9.66240463e+01 9.86148911e+01
    9.99168167e+01 1.05640694e+02 1.07602524e+02 1.04205307e+02
    1.05003571e+02 1.08707169e+02 1.01322601e+02 1.03581558e+02
    9.68070297e+01 9.32129135e+01 9.44535751e+01 9.70502090e+01
    7.39682236e+01 8.45296173e+01 8.37301025e+01 8.40353165e+01
    8.16070480e+01 8.27383804e+01 8.36105118e+01 8.25416107e+01
    8.18120575e+01 8.23630981e+01 8.13281479e+01 8.26676865e+01
    8.01630478e+01 8.00192108e+01 8.10562973e+01 7.43965378e+01
    9.63604584e+01 1.05164948e+02 1.00135353e+02 1.09563774e+02
    1.03919899e+02 9.84310150e+01 1.08924553e+02 1.06887077e+02
    1.11082809e+02 1.04200134e+02 1.00857460e+02 9.47249527e+01
    9.66473846e+01 1.06356033e+02 7.60769501e+01 1.04959267e+02
    1.10228912e+02 1.06551224e+02 1.12611969e+02 1.16383408e+02
    1.06825760e+02 1.12455101e+02 1.13319160e+02 1.03037498e+02
    1.06520668e+02 1.05111847e+02 9.92050552e+01 9.92215881e+01
    1.03137459e+02 8.86781464e+01 9.96289902e+01 9.50413895e+01
    9.76156006e+01 9.89636536e+01 9.88698883e+01 9.70702209e+01
    9.77186127e+01 9.82118607e+01 9.49004822e+01 1.00437256e+02
    9.33758087e+01 9.53970947e+01 9.39966888e+01 9.39062195e+01
    7.38725510e+01 9.96846313e+01 1.03336823e+02 1.00278641e+02
    1.02689560e+02 1.02533089e+02 9.95253296e+01 1.03116577e+02
    1.00159958e+02 9.83650513e+01 9.87329559e+01 9.73137207e+01
    9.25382080e+01 9.27958221e+01 9.54333115e+01 7.28005829e+01
    9.68788681e+01 9.96403122e+01 9.79012756e+01 9.72656403e+01
    9.99112244e+01 9.65468979e+01 9.81030045e+01 9.66855927e+01
    9.44204636e+01 9.39784927e+01 9.57435150e+01 8.96201477e+01
    9.00900421e+01 9.20944824e+01 8.88912888e+01 1.50618607e+02
    1.39590027e+02 1.41361145e+02 1.19328186e+02 1.30797531e+02
    1.33034851e+02 1.21928879e+02 1.21276405e+02 1.14756195e+02
    1.18168442e+02 1.22261047e+02 1.08046265e+02 1.06424034e+02
    1.11853348e+02 6.81939316e+01 8.75936356e+01 9.27515564e+01
    9.06629333e+01 8.89837570e+01 9.05607300e+01 9.16607742e+01
    9.00248260e+01 8.96065521e+01 9.23653870e+01 8.55919952e+01
    9.14566650e+01 8.56212540e+01 8.86394196e+01 8.95467682e+01
    6.52377396e+01 6.75757294e+01 6.60435486e+01 6.69880066e+01
    6.55635452e+01 6.61405487e+01 6.72451706e+01 6.49476318e+01
    6.55080948e+01 6.60594254e+01 6.57531738e+01 6.60412292e+01
    6.54766922e+01 6.53021851e+01 6.51597061e+01 6.75997314e+01
    6.63811264e+01 6.55211563e+01 6.57330017e+01 6.75278397e+01
    6.71948853e+01 6.71208725e+01 6.76877213e+01 6.74438171e+01
    6.78719330e+01 6.69432373e+01 6.74642792e+01 6.75756073e+01
    6.77372208e+01 6.73834991e+01 7.77216644e+01 1.00749046e+02
    1.05755424e+02 1.03350769e+02 1.05084541e+02 1.06208427e+02
    1.01391739e+02 1.04940208e+02 1.04049911e+02 1.02201355e+02
    1.01870499e+02 1.01627228e+02 9.66394653e+01 9.53546753e+01
    9.92474823e+01 1.06113358e+02 1.15409973e+02 1.13844955e+02
    1.13502968e+02 1.10411041e+02 1.09170830e+02 1.14323746e+02
    1.09534157e+02 1.11101074e+02 1.09222694e+02 1.11138634e+02
    1.09205261e+02 1.10290848e+02 1.10987762e+02 1.08642982e+02
    7.99738007e+01 1.00826958e+02 1.01963303e+02 1.00177017e+02
    9.75108185e+01 1.00623901e+02 1.01284027e+02 9.91588135e+01
    9.79338150e+01 9.65199966e+01 9.93549500e+01 9.70563278e+01
    1.00015305e+02 1.00405251e+02 9.73202362e+01 6.35733070e+01
    7.99869461e+01 8.26672287e+01 8.27304382e+01 8.08120956e+01
    8.19895706e+01 8.30220718e+01 8.11785278e+01 8.04972916e+01
    8.29878922e+01 7.83577652e+01 8.27550049e+01 7.83524170e+01
    8.04307175e+01 8.09490891e+01 6.91720047e+01 9.92574768e+01
    1.00194855e+02 1.02293633e+02 1.01070267e+02 9.94601822e+01
    1.05639252e+02 9.82834625e+01 1.00927498e+02 1.00815086e+02
    1.00945854e+02 1.03302078e+02 1.00586494e+02 9.90937347e+01
    1.01093590e+02 6.75290909e+01 8.08870850e+01 8.71986465e+01
    8.69415894e+01 8.92803040e+01 9.06618652e+01 8.69726486e+01
    8.88454285e+01 9.07048264e+01 8.95137939e+01 8.45617523e+01
    8.85221252e+01 8.48306961e+01 8.72192383e+01 8.85963745e+01
    5.33397026e+01 6.93768463e+01 7.28871994e+01 7.17024002e+01
    7.33959732e+01 7.30770721e+01 7.13451614e+01 7.27352142e+01
