<?xml version="1.0"?>
<opencv_storage>
<training_set_points type_id="opencv-matrix">
  <rows>87</rows>
  <cols>15</cols>
  <dt>f</dt>
  <data>
    5.32205544e+01 5.33450851e+01 5.51072464e+01 5.49811897e+01
    5.49422226e+01 5.45902710e+01 5.36934814e+01 5.40007553e+01
    5.36690941e+01 5.33436127e+01 5.37043991e+01 5.25336456e+01
    5.22020454e+01 5.11702194e+01 4.97307625e+01 5.03240967e+01
    4.95974083e+01 4.34204292e+01 4.48911972e+01 4.43860970e+01
    4.55716820e+01 4.70968246e+01 4.58617935e+01 4.74846191e+01
    4.52261734e+01 4.42037582e+01 4.86152191e+01 4.71897240e+01
    4.61162148e+01 4.25487175e+01 3.88652382e+01 4.04574547e+01
    4.98753548e+01 4.85324516e+01 4.80126343e+01 4.67595596e+01
    4.46274338e+01 4.57434845e+01 4.36346130e+01 4.50827522e+01
    4.62149162e+01 3.99731522e+01 3.81387520e+01 3.71763153e+01
    3.56860046e+01 5.72371902e+01 5.67695122e+01 5.29657822e+01
    5.38836861e+01 5.34288788e+01 5.40507736e+01 5.47158928e+01
    5.41216202e+01 5.50905914e+01 5.30695763e+01 5.20526886e+01
    5.58716698e+01 5.34250412e+01 5.26040840e+01 4.89399300e+01
    5.07736092e+01 5.05067902e+01 5.43983650e+01 5.32425995e+01
    5.30304680e+01 5.21672516e+01 5.14737244e+01 5.19644394e+01
    5.09698029e+01 5.06245956e+01 5.16040154e+01 4.86967239e+01
    4.82270012e+01 4.76416740e+01 4.63750305e+01 4.61213722e+01
    4.61481857e+01 4.96175079e+01 4.88822479e+01 4.87168312e+01
    4.82178116e+01 4.67339439e+01 4.75994530e+01 4.69614143e+01
    4.66691971e+01 4.73238068e+01 4.55292397e+01 4.48459282e+01
    4.33799934e+01 4.15222473e+01 4.51260414e+01 4.59806709e+01
    4.75353317e+01 4.52615662e+01 4.61760597e+01 4.50630531e+01
    4.44775963e+01 4.57092209e+01 4.41033516e+01 4.63893166e+01
    4.43724022e+01 4.73876343e+01 4.52532692e+01 4.58207016e+01
    4.32246704e+01 5.74270248e+01 5.69603882e+01 5.58688736e+01
    5.72638855e+01 5.63641777e+01 5.71732903e+01 5.69079475e+01
    5.67848473e+01 5.71317139e+01 5.57424774e+01 5.57415733e+01
    5.74166946e+01 5.53375587e+01 5.39290543e+01 4.87255440e+01
    4.90413742e+01 4.89390068e+01 4.98145828e+01 4.98067856e+01
    5.01177673e+01 4.93697205e+01 4.92260666e+01 4.94513092e+01
    4.91828728e+01 4.86974258e+01 4.89071121e+01 4.77147217e+01
    4.68263741e+01 4.62601280e+01 4.50713387e+01 6.05985794e+01
    5.85146027e+01 5.49315186e+01 5.63681145e+01 5.63252525e+01
    5.62729874e+01 5.71076202e+01 5.65919189e+01 5.72189445e+01
    5.63787270e+01 5.42921715e+01 5.75488739e+01 5.61363144e+01
    5.50149918e+01 5.28969002e+01 4.62498207e+01 4.63193741e+01
    4.69693718e+01 4.62061501e+01 4.66413383e+01 4.64572792e+01
    4.64942589e+01 4.62926750e+01 4.64024315e+01 4.60949821e+01
    4.65171394e+01 4.60291634e+01 4.55166206e+01 4.48198013e+01
    4.47757149e+01 5.67642250e+01 5.55359421e+01 4.74884262e+01
    4.90918770e+01 4.91742134e+01 5.00535812e+01 5.20039825e+01
    5.08070412e+01 5.19881096e+01 5.08476982e+01 4.86357117e+01
    5.32103729e+01 5.38334541e+01 5.40470047e+01 5.38319130e+01
    6.74311829e+01 6.83003616e+01 7.70043411e+01 7.17611237e+01
    7.60373001e+01 6.94689407e+01 6.70364227e+01 6.95124054e+01
    6.60805817e+01 6.57353821e+01 6.57989426e+01 6.66612625e+01
    6.60247879e+01 6.33933830e+01 5.90996323e+01 5.41339111e+01
    5.39816818e+01 4.66661682e+01 4.84888763e+01 4.87679291e+01
    4.99808006e+01 5.13057404e+01 4.97369843e+01 5.21392059e+01
    5.06567764e+01 4.90494537e+01 5.37606544e+01 5.29111137e+01
    5.18741570e+01 5.00813637e+01 7.37121964e+01 7.41371155e+01
    7.54197998e+01 7.22308960e+01 7.18587799e+01 6.86406021e+01
    6.91823730e+01 7.05886459e+01 6.90590591e+01 6.78829575e+01
    6.84860992e+01 7.21589432e+01 7.10860138e+01 6.57660141e+01
    6.57403030e+01 5.40367279e+01 5.41981850e+01 4.87121201e+01
    4.87893066e+01 4.91284065e+01 4.89126740e+01 5.03058472e+01
    4.96508102e+01 5.10664368e+01 5.01418419e+01 4.74514389e+01
    5.58014984e+01 5.36398926e+01 5.40890999e+01 5.12835007e+01
    6.16523399e+01 6.22957153e+01 6.30841789e+01 6.44616852e+01
    6.46423721e+01 6.53062057e+01 6.46260605e+01 6.35366173e+01
    6.41198578e+01 6.70124359e+01 6.21265602e+01 6.44770813e+01
    6.14635429e+01 6.18668175e+01 6.39579582e+01 6.94888077e+01
    6.97666779e+01 7.21180573e+01 7.43790894e+01 7.49809647e+01
    7.45571823e+01 7.21812439e+01 7.30693283e+01 7.21564636e+01
    7.20115280e+01 7.17322464e+01 6.75501404e+01 6.74688110e+01
    6.52487564e+01 6.36988831e+01 6.80706558e+01 6.79429245e+01
    7.28592911e+01 7.14003830e+01 7.11579285e+01 7.01674042e+01
    6.84494476e+01 6.95984802e+01 6.81571960e+01 6.72444839e+01
    6.82759247e+01 6.62909393e+01 6.38767281e+01 6.19619064e+01
    5.73455505e+01 6.74639511e+01 6.69017487e+01 6.52170715e+01
    6.64441681e+01 6.60065002e+01 6.64768372e+01 6.64536057e+01
    6.65249557e+01 6.64275360e+01 6.57556229e+01 6.37870178e+01
    6.40896835e+01 6.32025108e+01 6.15422058e+01 5.93563766e+01
    6.81298294e+01 6.71753311e+01 6.81317673e+01 6.59842377e+01
    6.73671875e+01 6.62490082e+01 6.60270691e+01 6.69050522e+01
    6.49228058e+01 6.40457916e+01 6.36340256e+01 6.48183365e+01
    6.33455429e+01 6.21541672e+01 5.98111839e+01 7.94570007e+01
    7.24672165e+01 6.64410553e+01 6.82096100e+01 6.75197449e+01
    6.84585953e+01 6.88579483e+01 6.82348862e+01 6.92829819e+01
    6.22099915e+01 6.81650009e+01 6.44912109e+01 6.48852692e+01
    5.59587059e+01 5.24726334e+01 6.79561615e+01 6.72237701e+01
    6.58874512e+01 6.59270401e+01 6.50926285e+01 6.45300674e+01
    6.48262787e+01 6.46603775e+01 6.50647354e+01 6.52454300e+01
    6.27879295e+01 6.60337524e+01 6.26447754e+01 6.15524597e+01
    5.98508301e+01 7.26689682e+01 7.29552841e+01 7.31741409e+01
    7.07378998e+01 7.05753403e+01 6.95212021e+01 6.94092102e+01
    7.03975906e+01 6.92497482e+01 6.92769470e+01 6.70000381e+01
    6.96013565e+01 6.93864822e+01 6.87350616e+01 6.66154861e+01
    6.80566177e+01 6.73591003e+01 6.53242722e+01 6.65202637e+01
    6.62891312e+01 6.67262115e+01 6.68714828e+01 6.65619125e+01
    6.75109024e+01 6.55852203e+01 6.56431198e+01 6.57635422e+01
    6.46102676e+01 6.25953445e+01 5.95283623e+01 5.63898735e+01
    5.82905426e+01 6.38894501e+01 6.29729538e+01 6.34474182e+01
    6.27261276e+01 6.21078644e+01 6.29960098e+01 6.26825905e+01
    6.19041824e+01 6.30331650e+01 6.41788025e+01 6.40247726e+01
    6.24143944e+01 5.85186157e+01 4.63588219e+01 4.66747131e+01
    4.69261894e+01 4.68349609e+01 4.72774658e+01 4.69710083e+01
    4.67863731e+01 4.65416565e+01 4.74600143e+01 4.71817932e+01
    4.65051041e+01 4.79440956e+01 4.81286316e+01 4.77841034e+01
    4.59503670e+01 6.07428551e+01 6.07416687e+01 6.03622246e+01
    6.02814865e+01 6.08279266e+01 6.03751183e+01 6.10086365e+01
    6.09085236e+01 6.04155159e+01 6.04896088e+01 5.90540237e+01
    6.15264816e+01 5.96829834e+01 5.88328056e+01 5.53941689e+01
    5.88637695e+01 5.84423943e+01 5.45265541e+01 5.63350639e+01
    5.67820702e+01 5.77301025e+01 5.86102982e+01 5.72948990e+01
    5.97652283e+01 5.78153687e+01 5.75678444e+01 6.31133881e+01
    6.08335648e+01 5.90014992e+01 5.34538574e+01 6.47324448e+01
    6.32258453e+01 5.89256897e+01 5.87190857e+01 5.84150925e+01
    5.83168411e+01 5.92388763e+01 5.94803963e+01 5.91408920e+01
    5.79943085e+01 5.56863899e+01 5.90794525e+01 5.81725082e+01
    5.72987480e+01 5.74570923e+01 7.35394821e+01 7.19993210e+01
    6.40512695e+01 6.55494461e+01 6.58634720e+01 6.74592896e+01
    6.93456345e+01 6.73224487e+01 6.96576462e+01 6.74245605e+01
    6.54968948e+01 7.38804321e+01 7.13956528e+01 6.92646790e+01
    6.24905472e+01 6.71458435e+01 6.47699661e+01 5.54224625e+01
    5.65528526e+01 5.69183311e+01 5.74153366e+01 5.96531143e+01
    5.80562668e+01 5.91014175e+01 5.82398262e+01 5.52564430e+01
    6.00227280e+01 5.82411690e+01 5.79171715e+01 5.80076485e+01
    6.28098450e+01 6.32523422e+01 6.12240639e+01 6.24932747e+01
    6.08922539e+01 6.19020462e+01 6.16983719e+01 6.14700127e+01
