<?xml version="1.0"?>
<opencv_storage>
<whole_set_points type_id="opencv-matrix">
  <rows>22500</rows>
  <cols>15</cols>
  <dt>f</dt>
  <data>
    5.07811699e+01 5.14403877e+01 5.06283150e+01 5.68405762e+01
    7.10954819e+01 6.74618835e+01 7.15338593e+01 6.90197754e+01
    6.34974670e+01 4.81084518e+01 4.60766029e+01 5.81634331e+01
    5.66876678e+01 5.60270767e+01 6.06663628e+01 5.16673126e+01
    5.13696022e+01 5.05450096e+01 5.57554932e+01 6.96080551e+01
    6.89130707e+01 6.92995682e+01 6.61837845e+01 6.17690392e+01
    4.75645447e+01 4.58882637e+01 5.74566803e+01 5.69649048e+01
    5.56970329e+01 6.01917267e+01 5.22830276e+01 5.06969719e+01
    5.03403587e+01 5.18015137e+01 6.64854507e+01 7.12911606e+01
    6.27789803e+01 6.06773453e+01 5.76931305e+01 4.57520523e+01
    4.50701675e+01 5.54295807e+01 5.80261230e+01 5.46813812e+01
    5.87040024e+01 5.17131615e+01 4.87739944e+01 4.87764282e+01
    5.04533730e+01 6.07695274e+01 6.81084900e+01 5.42717552e+01
    5.62725792e+01 5.59880829e+01 4.46328621e+01 4.47491837e+01
    5.37221107e+01 5.85802650e+01 5.38570824e+01 5.64022217e+01
    4.92610970e+01 4.70588264e+01 4.68274994e+01 4.95775948e+01
    5.55786400e+01 6.01544991e+01 4.97430763e+01 5.50668945e+01
    5.61263008e+01 4.42335281e+01 4.46617966e+01 5.21027832e+01
    5.85975990e+01 5.31599884e+01 5.40631676e+01 4.65893021e+01
    4.59388695e+01 4.51871834e+01 4.81582260e+01 5.23787537e+01
    5.30175667e+01 5.04441795e+01 5.66427078e+01 5.75703812e+01
    4.44624596e+01 4.50742340e+01 5.04223328e+01 5.82728004e+01
    5.26435432e+01 5.21498375e+01 4.48097038e+01 4.52034569e+01
    4.41822052e+01 4.70183563e+01 5.12219658e+01 5.06557198e+01
    5.10782890e+01 5.52823410e+01 5.56316986e+01 4.51688805e+01
    4.57557564e+01 4.88292618e+01 5.78668213e+01 5.23608627e+01
    5.08299103e+01 4.35299454e+01 4.42404633e+01 4.35560417e+01
    4.59562073e+01 5.04293404e+01 5.10992432e+01 4.95149498e+01
    5.27083206e+01 5.28810959e+01 4.58258133e+01 4.65848846e+01
    4.73498421e+01 5.70176048e+01 5.17433014e+01 4.96074829e+01
    4.26727562e+01 4.37345924e+01 4.33741913e+01 4.48771591e+01
    4.91202927e+01 5.03523560e+01 4.81386032e+01 5.05300026e+01
    5.11289558e+01 4.62670860e+01 4.71327209e+01 4.61170120e+01
    5.54344902e+01 5.04398346e+01 4.84888916e+01 4.23117638e+01
    4.36653214e+01 4.36331635e+01 4.40904350e+01 4.71011963e+01
    4.87523613e+01 4.68947563e+01 4.88065414e+01 5.01398544e+01
    4.64075851e+01 4.75791321e+01 4.52036819e+01 5.33117142e+01
    4.86086311e+01 4.74596443e+01 4.26148109e+01 4.39609756e+01
    4.43575554e+01 4.40137749e+01 4.54992256e+01 4.71769485e+01
    4.57604790e+01 4.74282303e+01 4.93720093e+01 4.65930595e+01
    4.78827705e+01 4.47498817e+01 5.10064850e+01 4.70202446e+01
    4.67336006e+01 4.31037674e+01 4.45198135e+01 4.51225548e+01
    4.44275856e+01 4.49198570e+01 4.59478989e+01 4.50253639e+01
    4.65123177e+01 4.81219749e+01 4.70082245e+01 4.81868744e+01
    4.45242729e+01 4.89377518e+01 4.61301460e+01 4.62665253e+01
    4.32715950e+01 4.52621689e+01 4.58545074e+01 4.50303497e+01
    4.49498863e+01 4.51610374e+01 4.47981033e+01 4.57109680e+01
    4.69096756e+01 4.74771118e+01 4.82642975e+01 4.44029388e+01
    4.71371880e+01 4.56908226e+01 4.57603683e+01 4.33573227e+01
    4.60494843e+01 4.65873642e+01 4.57392044e+01 4.53166122e+01
    4.50291367e+01 4.51094437e+01 4.55956726e+01 4.60778313e+01
    4.79523392e+01 4.84792023e+01 4.43142090e+01 4.60149765e+01
    4.58501854e+01 4.51281891e+01 4.40768852e+01 4.67381134e+01
    4.73770981e+01 4.66475639e+01 4.57687607e+01 4.52734680e+01
    4.55892143e+01 4.55605316e+01 4.58988419e+01 4.85332108e+01
    4.87328796e+01 4.44782524e+01 4.54608192e+01 4.62665520e+01
    4.43912697e+01 4.50705032e+01 4.74483185e+01 4.81867599e+01
    4.75338936e+01 4.64693069e+01 4.58442307e+01 4.59965248e+01
    4.59595490e+01 4.60401001e+01 4.92180519e+01 4.91397400e+01
    4.48427086e+01 4.51938515e+01 4.70247459e+01 4.36554070e+01
    4.63683701e+01 4.80767326e+01 4.89066353e+01 4.83757019e+01
    4.72447166e+01 4.66092186e+01 4.62885437e+01 4.63581161e+01
    4.64317207e+01 4.97977066e+01 4.93686676e+01 4.54709663e+01
    4.52140846e+01 4.76035004e+01 4.30955200e+01 4.72219467e+01
    4.87566071e+01 4.98252678e+01 4.91595688e+01 4.78990860e+01
    4.72915039e+01 4.65621490e+01 4.70411568e+01 4.68939781e+01
    5.00222549e+01 4.93069420e+01 4.63538170e+01 4.52868347e+01
    4.80740547e+01 4.28700676e+01 4.81527824e+01 4.93794403e+01
    5.08795738e+01 4.98321991e+01 4.83796043e+01 4.79333382e+01
    4.69545212e+01 4.74525452e+01 4.71328850e+01 4.98514137e+01
    4.90147667e+01 4.73824615e+01 4.57181396e+01 4.83448105e+01
    4.32648544e+01 4.86055145e+01 4.98210220e+01 5.21071129e+01
    5.05520630e+01 4.88192139e+01 4.83833694e+01 4.75610390e+01
    4.77314301e+01 4.73458214e+01 4.96087379e+01 4.85805740e+01
    4.87821999e+01 4.62821007e+01 4.85053864e+01 4.42175789e+01
    4.86851997e+01 5.01726608e+01 5.32003441e+01 5.13195992e+01
    4.91527405e+01 4.88290176e+01 4.82547798e+01 4.79596024e+01
    4.74532623e+01 4.92370262e+01 4.83055840e+01 5.02247925e+01
    4.72099152e+01 4.87940903e+01 4.56079597e+01 4.84461479e+01
    5.03821259e+01 5.40075912e+01 5.22484665e+01 4.96380806e+01
    4.92702980e+01 4.88057671e+01 4.83829117e+01 4.78637428e+01
    4.90563698e+01 4.79693260e+01 5.17029839e+01 4.82605858e+01
    4.92081833e+01 4.70763664e+01 4.81443138e+01 5.02248688e+01
    5.44050941e+01 5.29776840e+01 4.99501839e+01 4.95879669e+01
    4.91015511e+01 4.87491798e+01 4.83291550e+01 4.87231407e+01
    4.75183792e+01 5.26129837e+01 4.95800323e+01 4.97114830e+01
    4.84104538e+01 4.78340225e+01 4.98641701e+01 5.43300781e+01
    5.33098488e+01 5.02692146e+01 4.98445168e+01 4.91314278e+01
    4.90055847e+01 4.89747658e+01 4.85400734e+01 4.70481186e+01
    5.29543381e+01 5.06886368e+01 4.99340782e+01 4.93845978e+01
    4.78315773e+01 4.95899506e+01 5.42760315e+01 5.31602821e+01
    5.02231750e+01 4.99303932e+01 4.94172554e+01 4.91460724e+01
    4.95085487e+01 4.84172211e+01 4.66676559e+01 5.29546356e+01
    5.13885803e+01 5.01503296e+01 5.01322327e+01 4.82794838e+01
    4.96868286e+01 5.40034637e+01 5.27795181e+01 4.99249573e+01
    4.98970337e+01 4.95476341e+01 4.94379311e+01 4.99603806e+01
    4.84099770e+01 4.65340843e+01 5.27664528e+01 5.14997902e+01
    5.04426498e+01 5.04627342e+01 4.84146805e+01 4.98792267e+01
    5.38425827e+01 5.24244156e+01 4.94806633e+01 4.97690582e+01
    4.96170502e+01 4.94356613e+01 5.01155243e+01 4.84744339e+01
    4.64466934e+01 5.26926537e+01 5.12518501e+01 5.07133904e+01
    5.04601746e+01 4.78556862e+01 4.98386230e+01 5.36572533e+01
    5.22283669e+01 4.89938011e+01 4.95307541e+01 4.92515259e+01
    4.93959579e+01 5.00738678e+01 4.85310364e+01 4.63372650e+01
    5.25103416e+01 5.07008591e+01 5.07496109e+01 5.00554237e+01
    4.68463554e+01 4.96063576e+01 5.35087357e+01 5.21423454e+01
    4.87235069e+01 4.91804733e+01 4.88123627e+01 4.91067963e+01
    4.99401436e+01 4.85025024e+01 4.62301102e+01 5.21155510e+01
    5.01023293e+01 5.04545670e+01 4.94830170e+01 4.59022179e+01
    4.91572189e+01 5.30496407e+01 5.18447418e+01 4.85025558e+01
    4.87189560e+01 4.84094124e+01 4.89338493e+01 4.96334839e+01
    4.83381538e+01 4.62426300e+01 5.15991249e+01 4.92887459e+01
    5.00169106e+01 4.87307053e+01 4.51524582e+01 4.87418900e+01
    5.23726196e+01 5.14277649e+01 4.84708557e+01 4.84394493e+01
    4.80997314e+01 4.87374954e+01 4.93594208e+01 4.83185310e+01
    4.63905334e+01 5.11338501e+01 4.87735214e+01 4.96503410e+01
    4.81395721e+01 4.45125465e+01 4.83668480e+01 5.16501884e+01
    5.09238548e+01 4.82680206e+01 4.82062721e+01 4.77932205e+01
    4.85520172e+01 4.91488991e+01 4.84099998e+01 4.62963638e+01
    5.08634109e+01 4.81885796e+01 4.93946915e+01 4.76035194e+01
    4.45511780e+01 4.83612556e+01 5.14020767e+01 5.05127487e+01
    4.81582985e+01 4.81902657e+01 4.76167984e+01 4.85061264e+01
