<?xml version="1.0"?>
<opencv_storage>
<training_set_points type_id="opencv-matrix">
  <rows>120</rows>
  <cols>15</cols>
  <dt>f</dt>
  <data>
    9.16680222e+01 9.26170425e+01 9.39218750e+01 9.41992798e+01
    9.31267548e+01 9.18045044e+01 9.09009857e+01 9.18967361e+01
    8.69878387e+01 8.54622345e+01 8.57088928e+01 8.31246262e+01
    8.64165573e+01 8.70094299e+01 8.63610535e+01 8.16013107e+01
    8.01110840e+01 7.97337646e+01 7.81819153e+01 7.66530914e+01
    7.56508179e+01 7.46620407e+01 7.56818924e+01 7.12946091e+01
    6.87736816e+01 7.00390167e+01 6.82369080e+01 7.01301956e+01
    7.13454590e+01 6.90276184e+01 7.84941330e+01 7.51039886e+01
    7.52536926e+01 7.45247116e+01 6.88850632e+01 6.99235611e+01
    7.28824158e+01 7.09706268e+01 7.45419922e+01 7.48425827e+01
    7.34276276e+01 7.35388260e+01 7.23300858e+01 7.32017059e+01
    7.31758194e+01 8.51277847e+01 8.11340561e+01 8.01910172e+01
    7.65656357e+01 7.49958191e+01 7.62339096e+01 7.69957581e+01
    7.76452332e+01 7.81502838e+01 7.85488281e+01 7.79582214e+01
    7.88413773e+01 7.78461380e+01 7.96504745e+01 8.00300446e+01
    8.43113861e+01 8.50527954e+01 8.65461121e+01 8.77115631e+01
    8.72960815e+01 8.43883286e+01 8.22723846e+01 8.19520874e+01
    7.88519440e+01 7.86647034e+01 7.81232300e+01 7.69670715e+01
    7.80529175e+01 7.87574234e+01 7.82646408e+01 8.67695541e+01
    8.70328598e+01 8.61081467e+01 8.70882797e+01 8.67233810e+01
    8.61164017e+01 8.58475723e+01 8.60623474e+01 8.54144974e+01
    8.51415634e+01 8.46408997e+01 8.35034943e+01 8.43472900e+01
    8.54997787e+01 8.56580200e+01 7.81771851e+01 7.84317856e+01
    7.88698044e+01 7.99604340e+01 8.31441574e+01 8.47522430e+01
    8.46182251e+01 8.14696884e+01 7.93402634e+01 7.79745178e+01
    7.58982544e+01 7.54065857e+01 7.30840530e+01 7.26775742e+01
    7.19730072e+01 7.08651123e+01 7.35192871e+01 7.64079132e+01
    7.50499573e+01 7.47632217e+01 7.47385712e+01 7.51445465e+01
    7.62664185e+01 7.16236115e+01 6.90208435e+01 6.83851852e+01
    6.49316559e+01 6.81026001e+01 6.82162399e+01 6.74501266e+01
    8.72468262e+01 8.97481232e+01 8.91648331e+01 8.57894287e+01
    8.67911987e+01 8.56628494e+01 8.44467926e+01 8.41755981e+01
    7.90381012e+01 7.82742615e+01 7.82705917e+01 7.53609619e+01
    7.86921768e+01 8.01531982e+01 7.78660049e+01 8.96571350e+01
    9.18577118e+01 9.10876999e+01 9.07173462e+01 9.46732941e+01
    9.54484711e+01 9.60630188e+01 9.39315720e+01 9.22258453e+01
    8.97811813e+01 8.85375061e+01 8.68132401e+01 8.53936996e+01
    8.41744919e+01 8.33640594e+01 7.26508560e+01 7.30348129e+01
    7.39765396e+01 7.27866745e+01 7.08873520e+01 7.06232376e+01
    7.24749374e+01 7.15313797e+01 7.30608749e+01 7.32937546e+01
    7.30498886e+01 7.28202820e+01 7.22446136e+01 7.25784836e+01
    7.33574371e+01 7.01350555e+01 7.45597229e+01 7.90545120e+01
    7.83720779e+01 7.72155151e+01 7.31117477e+01 6.96402283e+01
    6.91782532e+01 6.44535446e+01 6.17770386e+01 5.98657684e+01
    5.79925613e+01 5.73115883e+01 5.74332237e+01 5.70101624e+01
    6.92607117e+01 7.04157562e+01 7.08219986e+01 7.26746292e+01
    7.24332886e+01 7.23770294e+01 7.27531891e+01 7.14462967e+01
    7.06507797e+01 7.05392990e+01 6.99603729e+01 6.95858688e+01
    6.91284180e+01 7.00007629e+01 7.01524582e+01 7.21007843e+01
    7.38811035e+01 7.53247452e+01 7.21070786e+01 7.02583084e+01
    7.03512344e+01 7.04589767e+01 7.16654510e+01 6.81821976e+01
    6.74280090e+01 6.70478134e+01 6.58643112e+01 6.79164429e+01
    7.04179077e+01 6.96103210e+01 6.38907661e+01 6.87057114e+01
    7.38419189e+01 7.80116730e+01 7.92975998e+01 7.81834717e+01
    7.78414612e+01 7.51745911e+01 7.50906067e+01 7.38945007e+01
    7.18397064e+01 7.20310516e+01 6.77756348e+01 6.59877319e+01
    6.49441223e+01 6.96033020e+01 6.86549225e+01 6.83035431e+01
    6.60604324e+01 6.50775681e+01 6.65111771e+01 6.82752075e+01
    6.70778427e+01 6.91590042e+01 6.85823517e+01 6.76620712e+01
    6.82021561e+01 6.61281281e+01 6.54628601e+01 6.59446640e+01
    6.06473579e+01 6.44128876e+01 6.67551041e+01 6.79308167e+01
    6.77772141e+01 7.04693985e+01 7.17699738e+01 7.02677307e+01
    6.56443100e+01 6.50365219e+01 6.48822784e+01 6.55544281e+01
    6.57429199e+01 6.64737549e+01 6.67960052e+01 4.40920410e+01
    4.25673485e+01 3.08379631e+01 1.84084892e+01 2.79815559e+01
    4.31521606e+01 5.21660690e+01 4.60581207e+01 6.28593750e+01
    6.43908234e+01 6.21224251e+01 7.11408997e+01 5.67673264e+01
    5.40941925e+01 5.44841080e+01 4.48210678e+01 3.92337379e+01
    2.89107494e+01 2.91792068e+01 3.46985283e+01 4.93214722e+01
    5.93214798e+01 4.77952652e+01 6.80678864e+01 7.02158508e+01
    6.76947021e+01 7.56667938e+01 6.27761879e+01 5.80720482e+01
    5.75408897e+01 5.35693398e+01 5.90520515e+01 6.63425903e+01
    7.34675980e+01 7.31355057e+01 7.38573532e+01 7.51485825e+01
    7.12012177e+01 7.59183960e+01 7.56259155e+01 7.52437592e+01
    8.04540863e+01 7.20666275e+01 6.82706985e+01 6.72657928e+01
    5.49016571e+01 5.30714149e+01 4.35270729e+01 3.94141426e+01
    4.94595261e+01 6.04455719e+01 6.71026306e+01 6.17946701e+01
    7.64832230e+01 7.89824753e+01 7.64738617e+01 8.27578659e+01
    7.20474014e+01 6.68597870e+01 6.88256149e+01 6.40409317e+01
    6.83269196e+01 7.54177475e+01 7.92849960e+01 7.98818359e+01
    8.26863708e+01 8.67405014e+01 8.37285461e+01 9.08119202e+01
    9.08203964e+01 9.06819153e+01 9.24616394e+01 8.77045364e+01
    8.46516953e+01 8.44617920e+01 6.21111488e+01 6.03372345e+01
    4.73532410e+01 4.32607117e+01 5.66320496e+01 6.59043503e+01
    7.20158234e+01 6.78302307e+01 7.89530563e+01 8.03378067e+01
    7.92891159e+01 8.55878143e+01 7.59296417e+01 7.37262878e+01
    7.40541534e+01 5.97747459e+01 5.76236572e+01 5.59983177e+01
    5.76347008e+01 6.13564110e+01 6.80959625e+01 7.28904648e+01
    6.66347580e+01 8.21620407e+01 8.42881851e+01 8.18085632e+01
    8.94764099e+01 7.64648819e+01 7.17577133e+01 7.06911621e+01
    6.59516830e+01 7.22781982e+01 7.77619019e+01 8.12101288e+01
    8.27982864e+01 8.44903183e+01 8.65748520e+01 8.59682083e+01
    8.95635681e+01 8.90766983e+01 8.84808731e+01 8.99975128e+01
    8.59901733e+01 8.49126205e+01 8.37594147e+01 6.69210281e+01
    7.08916092e+01 7.63498383e+01 7.80904388e+01 8.18336716e+01
    8.53691788e+01 8.76874619e+01 8.51210403e+01 8.48243103e+01
    8.30016251e+01 8.19773941e+01 7.96585083e+01 7.90823212e+01
    7.79562302e+01 7.61686935e+01 6.27806320e+01 6.68086319e+01
    7.14997711e+01 7.56794586e+01 8.04862747e+01 8.33832092e+01
    8.45991211e+01 8.37640457e+01 8.34464645e+01 8.21777344e+01
    8.09491882e+01 7.92256851e+01 7.90847397e+01 7.91448212e+01
    7.73962021e+01 7.17553940e+01 7.44433975e+01 7.73430481e+01
    7.38786545e+01 7.53875046e+01 7.56854782e+01 7.53473511e+01
    7.61781769e+01 7.33438263e+01 7.44204025e+01 7.33329391e+01
    7.30303345e+01 7.31570053e+01 7.38843689e+01 7.41360397e+01
    6.76915970e+01 6.85305099e+01 6.08513184e+01 6.20109634e+01
    6.92729187e+01 7.56280975e+01 8.05954742e+01 7.78442841e+01
    8.58765717e+01 8.66881561e+01 8.54953995e+01 8.79160461e+01
    8.37918777e+01 8.21437378e+01 8.23815536e+01 6.99234848e+01
    7.19572601e+01 7.61055984e+01 7.96337814e+01 8.32604675e+01
    8.73882141e+01 8.87125549e+01 8.80324936e+01 8.78004684e+01
    8.72441788e+01 8.69095306e+01 8.79958801e+01 8.66977158e+01
    8.72234879e+01 8.64250793e+01 6.89594345e+01 7.19350128e+01
    7.45575638e+01 7.94002075e+01 8.33822403e+01 8.63931580e+01
    8.96546631e+01 8.75444794e+01 9.29591599e+01 9.24737930e+01
    9.30728760e+01 9.48646851e+01 9.04600906e+01 8.87943115e+01
    8.68220749e+01 6.60707092e+01 7.35722504e+01 7.73445282e+01
    8.22785645e+01 8.73928680e+01 8.97627716e+01 9.10502167e+01
    9.17478485e+01 9.45514755e+01 9.47747650e+01 9.41921692e+01
    9.66147003e+01 9.26721802e+01 9.20266037e+01 9.20919876e+01
    5.87460823e+01 5.90140381e+01 6.07697906e+01 6.23482285e+01
    6.13204994e+01 5.94709969e+01 5.82792740e+01 5.87296448e+01
