<?xml version="1.0"?>
<opencv_storage>
<training_set_points type_id="opencv-matrix">
  <rows>61</rows>
  <cols>15</cols>
  <dt>f</dt>
  <data>
    4.76253357e+01 4.94748840e+01 5.15807877e+01 5.17415390e+01
    5.17047653e+01 5.33836021e+01 5.04750443e+01 4.91406822e+01
    4.92053146e+01 5.08403778e+01 5.01823730e+01 5.11111145e+01
    5.01039505e+01 5.12067146e+01 5.35385513e+01 4.97148094e+01
    5.01586990e+01 5.27681580e+01 5.34814873e+01 4.99465981e+01
    5.83509789e+01 5.96174507e+01 5.60412407e+01 5.60220566e+01
    5.76198807e+01 5.69180412e+01 5.84068451e+01 5.60260506e+01
    5.64851952e+01 5.77099419e+01 7.14355011e+01 7.43807602e+01
    6.71434937e+01 6.55964127e+01 5.76366730e+01 5.49123955e+01
    5.17677956e+01 4.91270561e+01 5.25731087e+01 5.66181107e+01
    5.44982605e+01 5.74159088e+01 5.48719406e+01 5.42772713e+01
    5.68459930e+01 6.45817566e+01 6.56633453e+01 6.67346344e+01
    6.68438339e+01 6.13973923e+01 6.65265121e+01 6.44804077e+01
    5.96604614e+01 5.74066238e+01 5.66144409e+01 5.74019737e+01
    5.59780884e+01 5.56223106e+01 5.51569977e+01 5.17894707e+01
    5.38785133e+01 5.75402832e+01 5.83242645e+01 6.27988510e+01
    6.04416084e+01 6.85503845e+01 6.77036133e+01 6.37465210e+01
    5.52301369e+01 5.25532265e+01 5.05774040e+01 4.94517288e+01
    4.83129921e+01 4.76968842e+01 4.98122978e+01 4.34008636e+01
    4.40658798e+01 4.74071159e+01 5.01514168e+01 7.18193893e+01
    5.46754036e+01 5.32548904e+01 5.08314896e+01 5.05972786e+01
    5.17025528e+01 5.15500107e+01 5.21485252e+01 5.25247040e+01
    5.21534424e+01 5.70397415e+01 8.33813477e+01 8.79869843e+01
    9.00610428e+01 9.43632507e+01 8.06728363e+01 7.91394501e+01
    6.49204636e+01 5.94558830e+01 5.74309120e+01 5.61144562e+01
    5.63273926e+01 5.35447693e+01 5.19872055e+01 5.00610695e+01
    4.56241226e+01 6.74551620e+01 7.03615494e+01 7.53841095e+01
    7.46252060e+01 6.69818878e+01 6.76801834e+01 5.89859924e+01
    5.59976501e+01 5.27198181e+01 5.17580833e+01 5.17776070e+01
    4.91111832e+01 5.31025047e+01 4.65966263e+01 5.18276443e+01
    5.05189362e+01 5.19996681e+01 5.54061546e+01 5.44492188e+01
    5.19821930e+01 5.42583694e+01 5.41294174e+01 4.93034935e+01
    5.21453323e+01 5.25904045e+01 5.06738358e+01 5.15632439e+01
    4.93484421e+01 5.38122215e+01 5.16307487e+01 5.77325630e+01
    6.07150841e+01 6.07338638e+01 6.62771378e+01 6.33701782e+01
    6.76322556e+01 5.61451035e+01 5.37190704e+01 5.43980255e+01
    5.55725250e+01 5.37061882e+01 5.42410583e+01 5.26839180e+01
    5.18094177e+01 5.19752731e+01 8.61948318e+01 9.30913162e+01
    8.11613541e+01 8.11423645e+01 7.76178665e+01 6.82632217e+01
    6.57267609e+01 6.02370834e+01 5.55963669e+01 5.38694534e+01
    5.37422829e+01 5.21851273e+01 5.60781746e+01 5.24092712e+01
    4.96280746e+01 5.07089539e+01 5.12202187e+01 5.38266106e+01
    5.54324188e+01 6.42062378e+01 5.44605637e+01 5.10114136e+01
    4.57645721e+01 4.64575958e+01 4.80731316e+01 4.63430519e+01
    4.69892426e+01 4.68055992e+01 4.92258072e+01 4.60589371e+01
    5.31537666e+01 5.38003578e+01 5.62870598e+01 5.75532951e+01
    6.41364746e+01 5.37171402e+01 5.13463402e+01 4.79518967e+01
    4.71490593e+01 4.72316856e+01 4.57535133e+01 4.50938606e+01
    4.39803505e+01 4.28164978e+01 4.38722458e+01 4.86242104e+01
    5.09055138e+01 5.40216675e+01 5.58705521e+01 7.60701294e+01
    6.22914200e+01 6.21180573e+01 5.91754379e+01 5.64534416e+01
    5.84109497e+01 5.87298622e+01 5.86729279e+01 5.78131256e+01
    5.56112633e+01 5.98678322e+01 6.28486633e+01 7.28263931e+01
    7.86311111e+01 7.39527054e+01 6.68563385e+01 7.36486053e+01
    6.98529968e+01 5.87161598e+01 6.76488876e+01 7.22903061e+01
    7.05141602e+01 7.30075226e+01 7.12435608e+01 7.51301117e+01
    7.39626160e+01 5.61495476e+01 5.76661758e+01 5.87169800e+01
    6.14179001e+01 6.63863220e+01 7.86106262e+01 7.71737213e+01
    7.56153564e+01 7.45707092e+01 7.53052750e+01 7.36751251e+01
    7.34431076e+01 7.20954132e+01 7.01315155e+01 7.26791382e+01
    5.62500534e+01 5.97012558e+01 6.21648788e+01 6.45826263e+01
    6.25383835e+01 7.27442932e+01 7.65591354e+01 7.50796509e+01
    7.36885910e+01 7.37757111e+01 7.23785172e+01 7.25978012e+01
    7.05693207e+01 7.10928497e+01 7.15497742e+01 5.77479782e+01
    6.05778465e+01 6.28607368e+01 6.36951141e+01 6.31431198e+01
    7.35588074e+01 7.77670746e+01 7.69382935e+01 7.52140350e+01
    7.54334030e+01 7.46091919e+01 7.41615753e+01 7.23484573e+01
    7.13671570e+01 7.01603622e+01 5.48228645e+01 5.76042213e+01
    6.28533173e+01 6.33746223e+01 6.98296127e+01 5.57088470e+01
    5.44039803e+01 4.95273399e+01 4.52601509e+01 4.53054199e+01
    4.29678421e+01 4.21734619e+01 4.15627022e+01 4.01780281e+01
    4.71548920e+01 5.34081726e+01 5.44821739e+01 5.83598557e+01
    5.86048279e+01 6.23404427e+01 7.05962601e+01 6.78279572e+01
    7.21625900e+01 7.41909332e+01 7.65427856e+01 7.55130692e+01
    7.48154678e+01 7.38145905e+01 7.01379700e+01 7.33539276e+01
    5.28526115e+01 5.83203011e+01 6.36269302e+01 6.36404572e+01
    5.74077530e+01 6.45285339e+01 7.32279434e+01 7.27440643e+01
    7.55811310e+01 7.75403137e+01 7.67213364e+01 7.65949631e+01
    7.45863342e+01 7.31827393e+01 7.28282242e+01 6.92629852e+01
    6.60863037e+01 6.07801132e+01 6.62920074e+01 6.46579514e+01
    6.25225105e+01 5.98646049e+01 5.66938286e+01 5.50277214e+01
    5.04121780e+01 5.40831413e+01 4.91670876e+01 5.19204674e+01
    4.56615868e+01 4.48736954e+01 5.93184967e+01 6.42899475e+01
    7.06164093e+01 6.61216202e+01 6.69440613e+01 7.05160065e+01
    6.47631073e+01 6.13092270e+01 6.16331367e+01 6.21794243e+01
    6.05399017e+01 6.16656952e+01 6.14803543e+01 6.67040482e+01
    6.55415802e+01 5.76521187e+01 5.88794975e+01 6.07978745e+01
    5.94105110e+01 5.79513016e+01 5.94864922e+01 6.91385803e+01
    6.37329941e+01 6.95063400e+01 7.15500107e+01 7.04450989e+01
    7.07896729e+01 6.84788589e+01 7.04647141e+01 7.05619125e+01
    6.17485504e+01 6.25943794e+01 6.41884613e+01 6.07777100e+01
    6.13538589e+01 6.17303276e+01 5.06703033e+01 4.51176491e+01
    5.87810745e+01 6.43231735e+01 6.22132263e+01 6.31717339e+01
    6.15732918e+01 6.39132805e+01 6.36725502e+01 6.02695541e+01
    6.25672989e+01 6.37557068e+01 5.81861382e+01 8.95570526e+01
    9.81383438e+01 8.43590927e+01 8.59030609e+01 7.80759430e+01
    7.44174271e+01 7.29121323e+01 6.86761169e+01 6.72446289e+01
    6.17399406e+01 5.89014206e+01 5.98725777e+01 6.37862854e+01
    7.07540359e+01 7.75152206e+01 6.32962151e+01 6.53022995e+01
    7.46122971e+01 7.96359406e+01 7.31949921e+01 6.89495010e+01
    6.58609009e+01 6.34059448e+01 6.45799179e+01 5.64403229e+01
    5.39070358e+01 4.99420395e+01 5.27954483e+01 5.52347412e+01
    5.27278671e+01 5.71504440e+01 6.08503380e+01 5.95260658e+01
    5.94988403e+01 6.15279961e+01 5.71933823e+01 5.81167412e+01
    5.68317184e+01 5.68380241e+01 6.51335754e+01 5.27269859e+01
    5.68033524e+01 5.87458878e+01 6.21267776e+01 6.37374268e+01
    8.00829544e+01 6.19283409e+01 5.79724274e+01 5.25792732e+01
    4.87270927e+01 4.88893356e+01 4.72043610e+01 4.59650917e+01
    4.58489227e+01 4.34007225e+01 4.50118484e+01 5.41451187e+01
    5.56491165e+01 5.65552826e+01 5.78365746e+01 7.95234451e+01
    6.84486237e+01 7.43413620e+01 7.42056503e+01 7.12657928e+01
    6.69413376e+01 6.74628448e+01 6.56619720e+01 6.58782501e+01
    6.66536407e+01 5.81263542e+01 5.21676559e+01 5.38011436e+01
    5.80541344e+01 5.39552498e+01 5.72483978e+01 5.16960602e+01
    5.28743172e+01 4.98182945e+01 4.87521782e+01 4.80615501e+01
    4.70173569e+01 4.53486557e+01 4.40259247e+01 4.50852928e+01
    4.55711098e+01 4.84902306e+01 5.24691772e+01 5.77654190e+01
    5.80161591e+01 6.19538040e+01 6.85135422e+01 6.78871231e+01
    6.91504135e+01 6.51146469e+01 6.41747665e+01 6.32251587e+01
    6.19279480e+01 6.20498352e+01 5.65470657e+01 6.25516701e+01
    5.16382484e+01 5.08001404e+01 5.33650818e+01 5.32820511e+01
    5.73675613e+01 6.48731766e+01 6.71500168e+01 6.61484070e+01
