<?xml version="1.0"?>
<opencv_storage>
<training_set_points type_id="opencv-matrix">
  <rows>64</rows>
  <cols>15</cols>
  <dt>f</dt>
  <data>
    8.45525513e+01 8.56634216e+01 9.09494781e+01 9.20274811e+01
    8.89567642e+01 8.66707458e+01 8.63467407e+01 8.96299210e+01
    9.03306274e+01 8.91531067e+01 8.46909180e+01 8.15872803e+01
    7.88589706e+01 8.02446442e+01 8.11407776e+01 7.45392532e+01
    7.55183716e+01 6.81971817e+01 6.42297516e+01 6.45369110e+01
    6.53875809e+01 6.34672508e+01 6.79580383e+01 6.84965515e+01
    6.66817627e+01 6.39243011e+01 6.25306473e+01 5.98087311e+01
    6.80800018e+01 7.00157013e+01 6.65523529e+01 6.35917435e+01
    5.84498444e+01 5.59284782e+01 5.39248123e+01 5.15587502e+01
    5.10646591e+01 5.28596039e+01 5.20605164e+01 5.37625732e+01
    5.41111031e+01 5.21209450e+01 5.24604645e+01 5.36869621e+01
    5.42609978e+01 1.01328987e+02 1.03588181e+02 1.03962296e+02
    1.04375763e+02 1.03642639e+02 1.02420502e+02 1.03198578e+02
    1.05973732e+02 1.05928612e+02 1.04639992e+02 1.03401604e+02
    1.03009315e+02 1.02489090e+02 1.02403191e+02 1.02413879e+02
    8.75005188e+01 8.58790054e+01 8.13321075e+01 8.05878830e+01
    7.06077652e+01 6.40804520e+01 6.13434525e+01 6.16262207e+01
    5.88212318e+01 5.99416199e+01 5.93715401e+01 5.76105728e+01
    5.81424294e+01 5.73988800e+01 5.79146194e+01 1.04650291e+02
    1.06077423e+02 1.07628448e+02 1.08396965e+02 1.05256577e+02
    1.02976433e+02 1.01032097e+02 1.03388435e+02 1.04362274e+02
    1.02095894e+02 9.65869751e+01 9.33887558e+01 9.19021835e+01
    9.50001678e+01 9.56310349e+01 6.82998505e+01 7.35799561e+01
    6.99634094e+01 6.47467194e+01 6.42426529e+01 6.20121002e+01
    6.01891861e+01 6.33787308e+01 6.25849075e+01 5.95607719e+01
    5.71669617e+01 5.44838486e+01 5.26928444e+01 5.37879829e+01
    5.50639000e+01 5.03526993e+01 5.24219131e+01 5.97231483e+01
    6.13107719e+01 5.97399406e+01 5.80391655e+01 5.63291855e+01
    5.91131096e+01 5.94614143e+01 5.99144287e+01 5.86955223e+01
    5.52063293e+01 5.10170097e+01 4.96602402e+01 5.00573349e+01
    6.94548569e+01 7.50970612e+01 7.93558884e+01 7.84612961e+01
    6.79570160e+01 6.11283340e+01 5.91624069e+01 6.08780861e+01
    6.24155960e+01 6.21787796e+01 6.02356453e+01 5.62366371e+01
    5.54102783e+01 5.57466164e+01 5.68884239e+01 1.14607452e+02
    1.17119774e+02 9.25842133e+01 8.82200851e+01 1.05970108e+02
    1.04232040e+02 8.24716339e+01 8.66165543e+01 9.18925018e+01
    8.00391006e+01 6.70452271e+01 6.36852455e+01 6.06532173e+01
    5.89887772e+01 5.66259346e+01 7.20832062e+01 8.03602219e+01
    1.01062195e+02 1.14472343e+02 9.18477783e+01 8.46669464e+01
    6.83366318e+01 6.74430618e+01 6.59395981e+01 6.56293030e+01
    5.99923553e+01 5.55641327e+01 4.97493095e+01 4.96024590e+01
    4.95262108e+01 5.85952911e+01 6.01361313e+01 5.85364990e+01
    5.41324120e+01 5.26064911e+01 5.20199852e+01 5.49219284e+01
    5.37027435e+01 5.26375504e+01 5.32298584e+01 5.25760994e+01
    4.84410019e+01 4.78352890e+01 4.87531128e+01 4.87126122e+01
    7.75644684e+01 7.40657272e+01 7.70377121e+01 8.16545944e+01
    7.80367355e+01 7.79012527e+01 7.90866852e+01 7.80893021e+01
    7.59371719e+01 6.72106018e+01 6.02589798e+01 5.29578438e+01
    4.66432114e+01 4.33876495e+01 4.32404976e+01 1.37887390e+02
    1.16051666e+02 1.05404160e+02 1.29817490e+02 1.24753487e+02
    1.11986206e+02 8.88302536e+01 1.06796967e+02 1.24973846e+02
    8.00019836e+01 5.67226334e+01 5.36908417e+01 5.18594513e+01
    5.27404480e+01 5.40553894e+01 6.69096603e+01 6.80495682e+01
    6.33851547e+01 5.85629807e+01 6.57671890e+01 6.98411865e+01
    5.76624107e+01 5.92704849e+01 5.93381195e+01 5.07748375e+01
    4.60983009e+01 4.66842194e+01 4.96138573e+01 4.85764389e+01
    4.80920448e+01 4.94904900e+01 5.27861443e+01 6.12447319e+01
    6.58742065e+01 6.64372787e+01 6.36159172e+01 5.94472084e+01
    6.01895638e+01 5.96436424e+01 5.61728897e+01 5.24573250e+01
    5.09457054e+01 5.15387077e+01 5.00844383e+01 5.09665833e+01
    4.76898575e+01 4.87808609e+01 5.04746399e+01 5.21410866e+01
    5.55613632e+01 5.78526917e+01 5.52293358e+01 5.57245445e+01
    5.37365265e+01 5.33904762e+01 5.46292458e+01 5.42653275e+01
    5.57135086e+01 5.28493919e+01 5.25853539e+01 4.34672089e+01
    4.46966476e+01 4.95392761e+01 5.20280037e+01 5.43815155e+01
    5.40303192e+01 5.18765030e+01 5.48555984e+01 5.69648323e+01
    5.30331726e+01 5.37424469e+01 5.42795105e+01 5.54426727e+01
    5.34110298e+01 5.22068176e+01 4.69425926e+01 4.48546677e+01
    4.34883575e+01 4.57453957e+01 4.49025230e+01 4.39720497e+01
    4.27020988e+01 4.24806786e+01 4.60305710e+01 4.81002579e+01
    4.73188477e+01 5.05753708e+01 4.85462799e+01 4.51386375e+01
    4.35065308e+01 8.08720551e+01 8.04381180e+01 7.66475983e+01
    7.35072479e+01 6.10966454e+01 5.40165634e+01 5.54921265e+01
    5.43681793e+01 5.20266342e+01 6.35289650e+01 6.80693436e+01
    6.45616379e+01 6.88045807e+01 6.36243591e+01 6.22125626e+01
    7.33451691e+01 7.22600174e+01 7.27838364e+01 7.71008148e+01
    6.40610275e+01 5.42826805e+01 5.37985458e+01 5.59246902e+01
    5.53483620e+01 5.48638039e+01 5.28478317e+01 5.12888718e+01
    5.59133644e+01 5.77252693e+01 5.78655167e+01 7.99020081e+01
    8.27535934e+01 7.73296814e+01 7.85128098e+01 7.60168686e+01
    6.62840729e+01 6.24582672e+01 6.45161285e+01 6.36771240e+01
    6.47270813e+01 6.84299927e+01 6.19939842e+01 6.41347275e+01
    6.59376602e+01 6.45728836e+01 7.99258423e+01 7.91704178e+01
    7.08375015e+01 7.38201599e+01 6.63339691e+01 5.55555840e+01
    5.25819244e+01 5.62145844e+01 5.75141869e+01 5.55556946e+01
    5.43248482e+01 5.29903145e+01 5.67009735e+01 6.13572960e+01
    6.16603584e+01 4.63024368e+01 4.96150284e+01 5.17008972e+01
    4.99546471e+01 5.06088524e+01 5.06725883e+01 4.95315399e+01
    5.17219963e+01 5.29969826e+01 5.29692116e+01 5.52423706e+01
    5.49129105e+01 6.11016731e+01 6.14352684e+01 6.10053062e+01
    7.92495270e+01 8.40480194e+01 8.41812668e+01 7.87454681e+01
    7.89297943e+01 7.90657120e+01 7.75476303e+01 8.10060730e+01
    8.22920074e+01 6.44202576e+01 5.72541122e+01 6.38356857e+01
    7.13746643e+01 6.70904922e+01 6.19955673e+01 7.93320694e+01
    8.06634140e+01 7.64841003e+01 7.21437454e+01 7.27747955e+01
    6.93498459e+01 6.32341003e+01 6.71675720e+01 6.81641617e+01
    6.62329712e+01 6.42897186e+01 6.27416649e+01 6.68898621e+01
    5.67112732e+01 5.09170761e+01 6.88657837e+01 6.44809875e+01
    6.39067764e+01 6.88994904e+01 5.72377205e+01 5.01640625e+01
    4.69126587e+01 4.99463272e+01 5.25058136e+01 5.22435760e+01
    5.31295738e+01 5.42855110e+01 5.90909615e+01 5.05676003e+01
    4.57819519e+01 9.86696854e+01 9.75577087e+01 8.36739197e+01
    8.01991272e+01 8.58894196e+01 8.21598053e+01 8.03168259e+01
    8.16155167e+01 7.70887299e+01 8.58545456e+01 9.01170654e+01
    7.64925613e+01 7.76693649e+01 7.79451447e+01 7.46129761e+01
    8.37465515e+01 8.34688339e+01 8.90723877e+01 9.24810944e+01
    8.41673813e+01 7.34630356e+01 7.05449600e+01 7.43747330e+01
    7.75728683e+01 7.67385864e+01 7.15501633e+01 7.00827560e+01
    6.24186478e+01 5.78489418e+01 5.33427429e+01 7.10663605e+01
    6.74779358e+01 7.51103516e+01 8.16794281e+01 6.49112396e+01
    6.63679733e+01 6.68078308e+01 7.10986786e+01 7.28976440e+01
    6.99112549e+01 7.09433289e+01 6.19030418e+01 4.57555923e+01
    4.31710777e+01 4.18397751e+01 6.86057587e+01 7.31187210e+01
    6.44629669e+01 6.07232742e+01 6.35058250e+01 5.62181702e+01
    5.21477127e+01 5.40248489e+01 5.39024582e+01 5.80337257e+01
    6.00937080e+01 5.36274948e+01 4.05771370e+01 3.95112076e+01
    3.77657509e+01 6.89403915e+01 6.84721069e+01 6.62564392e+01
    5.87206192e+01 5.06207809e+01 4.69054642e+01 4.84554672e+01
    5.03240280e+01 5.09208450e+01 5.36732483e+01 5.74417953e+01
    5.75234985e+01 5.55923805e+01 4.45487785e+01 4.05793152e+01
    1.24807709e+02 1.18893913e+02 1.10419586e+02 1.04094177e+02
    9.12007370e+01 7.49507904e+01 8.27972031e+01 7.67985229e+01
