<?xml version="1.0"?>
<opencv_storage>
<training_set_points type_id="opencv-matrix">
  <rows>64</rows>
  <cols>15</cols>
  <dt>f</dt>
  <data>
    8.30858078e+01 7.55141830e+01 7.58707275e+01 6.72282486e+01
    6.37977638e+01 6.18166389e+01 6.05859642e+01 5.72493629e+01
    5.72325859e+01 5.32507172e+01 3.93810234e+01 3.34465408e+01
    3.46529732e+01 4.16692162e+01 3.50438614e+01 7.01013565e+01
    6.30836983e+01 6.31847305e+01 5.84035912e+01 5.65848732e+01
    5.53901367e+01 5.46223755e+01 5.39021683e+01 5.54414978e+01
    5.75177803e+01 5.67315025e+01 5.36247520e+01 5.30484962e+01
    5.11863480e+01 5.28733902e+01 9.91460037e+01 9.12126617e+01
    8.85593796e+01 8.66944351e+01 8.65894394e+01 8.30106964e+01
    8.39678955e+01 8.15197678e+01 8.20973358e+01 8.05457077e+01
    7.57339935e+01 7.29004517e+01 7.37108994e+01 7.80484161e+01
    7.46660919e+01 7.52162094e+01 6.65823517e+01 5.86549377e+01
    5.24085808e+01 4.92324409e+01 4.86992416e+01 4.93303986e+01
    5.00448303e+01 5.08740692e+01 5.26458054e+01 6.59952011e+01
    6.89371948e+01 6.65669708e+01 4.78071289e+01 5.62358665e+01
    6.68333130e+01 6.02928238e+01 5.99356689e+01 5.55942192e+01
    5.34454918e+01 5.01950798e+01 5.03920479e+01 5.10152435e+01
    5.19291992e+01 5.08052101e+01 4.54288254e+01 4.22652817e+01
    4.46310043e+01 5.19200439e+01 4.46148453e+01 7.08925095e+01
    6.46254120e+01 5.67630005e+01 5.05601158e+01 4.82920761e+01
    4.70923004e+01 4.79124908e+01 4.85261803e+01 4.97254066e+01
    5.05602493e+01 5.03716278e+01 4.64143982e+01 4.77207451e+01
    5.01930504e+01 4.98083954e+01 7.33199005e+01 6.99877396e+01
    7.30830078e+01 6.80579300e+01 6.43535767e+01 6.16673698e+01
    5.82491341e+01 5.28071938e+01 5.10954018e+01 4.98718758e+01
    4.87801819e+01 5.03735886e+01 4.85159569e+01 5.28886147e+01
    4.77585297e+01 6.31294899e+01 5.73793793e+01 5.88078690e+01
    5.58081055e+01 5.48996735e+01 5.47841949e+01 5.41796761e+01
    5.39864769e+01 5.50931244e+01 5.76959763e+01 5.36370964e+01
    5.19530449e+01 5.15493507e+01 5.21072884e+01 5.17864342e+01
    8.76895142e+01 9.13144684e+01 8.59066010e+01 8.81269073e+01
    8.89982986e+01 8.64422455e+01 7.95443726e+01 6.25252647e+01
    6.11352882e+01 5.81904373e+01 5.79023972e+01 5.24122200e+01
    5.46967621e+01 6.15159302e+01 5.98354111e+01 6.00076447e+01
    5.75122604e+01 5.35499763e+01 5.00676537e+01 4.91577911e+01
    4.90041504e+01 4.91995888e+01 4.84445038e+01 4.89311676e+01
    4.97242470e+01 5.14402962e+01 5.26819115e+01 5.14844360e+01
    5.23330803e+01 5.00590782e+01 7.97833633e+01 7.60839462e+01
    7.70858612e+01 7.71717987e+01 7.84331665e+01 7.77923203e+01
    7.89161224e+01 7.88573685e+01 8.03524780e+01 8.35734253e+01
    8.71009598e+01 8.57438126e+01 8.69342422e+01 9.13243179e+01
    8.93479767e+01 6.78006973e+01 6.51783371e+01 6.66652069e+01
    6.77026138e+01 6.63056946e+01 6.54129257e+01 6.24958038e+01
    5.78452911e+01 5.43257141e+01 5.25979042e+01 4.57862091e+01
    4.66074905e+01 4.46247826e+01 4.49299202e+01 4.10953979e+01
    6.69478760e+01 5.98431931e+01 6.31581383e+01 5.68904228e+01
    5.35208817e+01 5.27018738e+01 5.05144310e+01 4.89993477e+01
    4.95159149e+01 5.15347061e+01 5.17162094e+01 5.39111137e+01
    5.22371330e+01 4.83560410e+01 5.00879288e+01 6.38951797e+01
    6.03663864e+01 5.88099899e+01 5.31006279e+01 5.00915146e+01
    4.93593330e+01 4.92049828e+01 4.96169624e+01 4.92450943e+01
    4.83709946e+01 4.95586624e+01 5.10260429e+01 4.99440002e+01
    5.20942116e+01 5.08925552e+01 1.32566437e+02 1.09459831e+02
    1.23110893e+02 1.18278870e+02 1.09337204e+02 1.01131119e+02
    9.35943527e+01 8.00886230e+01 8.50922394e+01 1.10539124e+02
    1.15363739e+02 7.70733337e+01 8.70780792e+01 9.58453140e+01
    9.72651596e+01 1.01350113e+02 1.06845032e+02 9.64231110e+01
    9.27776489e+01 8.73044357e+01 8.96152039e+01 9.04034119e+01
    9.63961105e+01 9.05997925e+01 8.60966187e+01 7.78873978e+01
    7.64183578e+01 8.01173477e+01 1.10628456e+02 9.25903091e+01
    8.26162796e+01 7.89900894e+01 9.20959930e+01 9.13241577e+01
    1.00974594e+02 1.02335571e+02 1.04720192e+02 1.04637779e+02
    9.29382401e+01 7.64430161e+01 1.08247177e+02 1.07052071e+02
    1.09700401e+02 1.03986832e+02 1.11095985e+02 1.12144592e+02
    8.94465790e+01 1.30164276e+02 1.03554680e+02 9.14467163e+01
    8.42480621e+01 9.05744476e+01 1.01568924e+02 1.04666344e+02
    9.71859131e+01 9.58284760e+01 8.79743423e+01 9.83669434e+01
    8.98428192e+01 1.10803261e+02 1.15546249e+02 1.10044495e+02
    1.16340919e+02 1.22545677e+02 1.10036270e+02 1.00044609e+02
    9.22110977e+01 9.09878845e+01 8.69160461e+01 7.93041229e+01
    9.01276855e+01 7.95080109e+01 8.46689529e+01 9.07225266e+01
    9.88791122e+01 1.08026344e+02 1.07415802e+02 1.15668900e+02
    9.22254562e+01 8.43378067e+01 8.43251190e+01 8.85711136e+01
    9.58277969e+01 9.05071869e+01 7.75840607e+01 7.33685532e+01
    5.76670113e+01 5.97436790e+01 6.86860199e+01 5.95108070e+01
    7.38017502e+01 7.06236267e+01 7.66158905e+01 7.64154968e+01
    7.69219284e+01 7.72347641e+01 7.53364029e+01 7.63275299e+01
    7.23106995e+01 6.75207214e+01 6.51272583e+01 7.10371094e+01
    6.91915054e+01 6.58001709e+01 6.23257790e+01 1.41509445e+02
    1.24182915e+02 1.02438438e+02 1.08942932e+02 1.07195274e+02
    1.13673729e+02 1.05176056e+02 8.91429443e+01 8.07676849e+01
    6.97567062e+01 9.05426102e+01 6.68082657e+01 7.71113586e+01
    8.84751053e+01 9.38080139e+01 1.18375137e+02 1.10789307e+02
    1.00387894e+02 1.33836578e+02 1.42133163e+02 1.26766800e+02
    1.08598816e+02 7.90630417e+01 8.37662582e+01 9.48264618e+01
    9.24575119e+01 8.68092575e+01 9.21252747e+01 8.10739670e+01
    7.85642853e+01 1.03043518e+02 1.15473106e+02 1.11894974e+02
    1.05080254e+02 9.44037781e+01 9.85030212e+01 8.79867477e+01
    8.50142593e+01 8.53186188e+01 8.39720001e+01 7.32783737e+01
    6.37839050e+01 6.49684525e+01 7.26463623e+01 6.32639160e+01
    7.12048950e+01 6.82118607e+01 7.34433060e+01 7.45110855e+01
    7.61961365e+01 7.79826050e+01 7.54585266e+01 7.41399689e+01
    7.14025574e+01 6.85413437e+01 6.20300522e+01 6.06315231e+01
    6.43009109e+01 6.86198120e+01 5.96359253e+01 1.00211906e+02
    1.03273987e+02 8.62156372e+01 9.32939224e+01 9.21791000e+01
    9.39751587e+01 9.16447372e+01 8.94256134e+01 8.93254547e+01
    8.76083145e+01 8.57508774e+01 8.37726059e+01 8.46752167e+01
    8.41047974e+01 8.67157745e+01 6.56141891e+01 4.95498962e+01
    7.34921112e+01 1.05974388e+02 1.13733025e+02 8.82594376e+01
    7.99731293e+01 7.67394562e+01 8.04625549e+01 9.72699738e+01
    9.34374619e+01 1.08781670e+02 9.52441025e+01 7.71122818e+01
    7.65373764e+01 1.05148956e+02 1.15361969e+02 1.11930893e+02
    6.69267502e+01 7.38661041e+01 9.32960205e+01 9.84541702e+01
    1.22974068e+02 1.08298943e+02 7.09380798e+01 6.85839844e+01
    6.40371246e+01 6.91505661e+01 7.07434464e+01 7.65680618e+01
    1.28150513e+02 9.56218414e+01 7.97087326e+01 5.44793777e+01
    6.89121246e+01 8.16831436e+01 9.10098419e+01 1.04765579e+02
    1.00892578e+02 8.80718155e+01 8.07442856e+01 9.78747940e+01
    8.97613068e+01 9.64837036e+01 8.03009338e+01 8.55940094e+01
    9.09345016e+01 8.07769928e+01 9.59313583e+01 9.53749542e+01
    8.42135391e+01 9.26945953e+01 1.15562004e+02 1.00749947e+02
    8.97794876e+01 8.74985046e+01 7.09211044e+01 7.42145538e+01
    7.16324768e+01 7.62895355e+01 1.20661858e+02 1.05799240e+02
    1.09581047e+02 9.60955963e+01 6.88311081e+01 1.00416656e+02
    9.75182800e+01 9.53118286e+01 9.49566040e+01 9.10381012e+01
    7.39535446e+01 7.18297882e+01 7.08440628e+01 7.76680450e+01
    6.09236794e+01 3.63048096e+01 2.82015762e+01 4.45040779e+01
    3.87992134e+01 5.44779892e+01 7.48314285e+01 6.01230850e+01
    4.94257660e+01 5.70671730e+01 8.88509064e+01 9.45031738e+01
    8.10261078e+01 8.47185211e+01 6.66925812e+01 8.87750397e+01
    9.63561096e+01 8.51399078e+01 7.80692215e+01 9.45475388e+01
    7.84089127e+01 8.82797775e+01 9.94692688e+01 1.09725800e+02
