<?xml version="1.0"?>
<opencv_storage>
<training_set_points type_id="opencv-matrix">
  <rows>62</rows>
  <cols>15</cols>
  <dt>f</dt>
  <data>
    8.96543274e+01 8.34336319e+01 7.99433670e+01 7.43441086e+01
    7.44929504e+01 7.24962769e+01 7.30001221e+01 7.29349823e+01
    7.07837753e+01 7.04145203e+01 7.17690277e+01 7.15689163e+01
    7.11476517e+01 6.79492111e+01 6.55191193e+01 7.55802307e+01
    6.81232910e+01 6.60625381e+01 6.43526230e+01 7.45418854e+01
    7.42386627e+01 6.87829285e+01 7.21015244e+01 7.41450119e+01
    7.36794739e+01 7.33239975e+01 7.47109985e+01 7.37421722e+01
    7.41226959e+01 7.31896286e+01 9.35947266e+01 9.55392151e+01
    9.13383789e+01 8.85149078e+01 8.73827515e+01 8.33683243e+01
    8.36090088e+01 7.86141434e+01 8.13841400e+01 8.15147247e+01
    8.11362305e+01 7.70352402e+01 7.64671783e+01 6.91865692e+01
    6.38564415e+01 8.84609146e+01 8.53853607e+01 8.17128525e+01
    8.23054810e+01 8.84603958e+01 8.95128479e+01 8.36572495e+01
    8.57054596e+01 8.76212234e+01 8.51385040e+01 8.43644409e+01
    8.38416824e+01 8.50004959e+01 8.01751404e+01 7.61565018e+01
    6.88009872e+01 7.27248001e+01 7.26479874e+01 7.31062775e+01
    7.38617172e+01 7.65739136e+01 7.16923599e+01 7.40631943e+01
    7.79153442e+01 7.48467712e+01 7.46864853e+01 7.98148880e+01
    8.25512314e+01 8.10828094e+01 7.93890305e+01 7.88440857e+01
    7.71604385e+01 7.28478851e+01 7.52559204e+01 8.05944061e+01
    8.14369278e+01 7.87307892e+01 7.77521362e+01 7.90726318e+01
    8.34628830e+01 8.44017944e+01 8.83012772e+01 9.05341034e+01
    8.93180923e+01 9.00464783e+01 9.20843277e+01 8.16036835e+01
    7.22872009e+01 7.05972366e+01 7.36450653e+01 6.71217041e+01
    6.43048706e+01 6.08825760e+01 5.65344963e+01 6.40284271e+01
    6.56552963e+01 5.78688202e+01 5.58178787e+01 4.94927292e+01
    4.55671082e+01 7.20307846e+01 6.87129669e+01 7.08668365e+01
    7.05318756e+01 7.02192841e+01 7.03011017e+01 7.41805038e+01
    7.11956177e+01 6.69805908e+01 6.76436539e+01 6.93130264e+01
    6.82206879e+01 6.75027542e+01 6.71154022e+01 6.86904984e+01
    7.34093018e+01 7.24211273e+01 7.89006042e+01 7.61569061e+01
    6.60825729e+01 6.28738327e+01 6.31694450e+01 6.23391533e+01
    5.92100525e+01 5.03625221e+01 4.95576286e+01 4.20907745e+01
    4.00927200e+01 3.42448463e+01 3.60424805e+01 8.08378067e+01
    7.97503967e+01 7.79870300e+01 7.16874084e+01 6.94148483e+01
    7.31649323e+01 6.28271942e+01 5.97030144e+01 7.13859329e+01
    5.97825851e+01 5.83529739e+01 5.02673912e+01 4.61234894e+01
    5.24647903e+01 5.72165871e+01 6.56639099e+01 6.86313477e+01
    7.40255203e+01 7.41600494e+01 6.89092331e+01 6.35373230e+01
    5.26292458e+01 5.91704636e+01 5.91001701e+01 6.00746918e+01
    5.59340973e+01 5.56819115e+01 5.68041267e+01 4.58214684e+01
    4.84173851e+01 7.28681641e+01 6.97814026e+01 6.94419937e+01
    6.86882706e+01 7.48564987e+01 7.87742386e+01 7.59413528e+01
    7.86885071e+01 7.87597046e+01 7.38005219e+01 7.42946472e+01
    7.59003220e+01 7.63674164e+01 7.24447632e+01 7.25125732e+01
    6.67737274e+01 7.60673218e+01 8.13844147e+01 8.18980331e+01
    6.45735855e+01 5.98544884e+01 6.74593201e+01 5.88093491e+01
    6.06999474e+01 7.26919708e+01 7.55614929e+01 6.03813019e+01
    5.02947922e+01 5.27365532e+01 4.96712799e+01 4.76306114e+01
    6.03780708e+01 5.44901199e+01 4.75905266e+01 5.45685349e+01
    5.98337364e+01 5.79532890e+01 4.65986824e+01 7.35508575e+01
    5.98376389e+01 6.65525589e+01 5.24427528e+01 4.68237610e+01
    4.35340424e+01 4.30436363e+01 5.72812195e+01 6.60801468e+01
    6.38079491e+01 6.67757111e+01 5.44299240e+01 4.66937943e+01
    4.38029785e+01 4.70370140e+01 4.32449036e+01 5.76676941e+01
    5.78063622e+01 5.72048302e+01 5.77076340e+01 5.32352409e+01
    5.49350510e+01 7.19601593e+01 7.78310471e+01 8.05993652e+01
    7.90906601e+01 7.47916412e+01 7.66006241e+01 7.43997726e+01
    7.82099228e+01 6.63172836e+01 6.52353516e+01 6.46004257e+01
    5.91037254e+01 5.39534607e+01 6.83489304e+01 5.84427071e+01
    5.97106438e+01 4.59957428e+01 3.84276085e+01 3.70548477e+01
    5.46047745e+01 6.04688950e+01 5.31334572e+01 6.62830200e+01
    6.07784195e+01 4.73662338e+01 4.88323631e+01 5.61669464e+01
    6.14875717e+01 5.41140518e+01 5.62992668e+01 4.63493271e+01
    6.52383270e+01 4.28296661e+01 4.06045380e+01 3.23771744e+01
    2.86688709e+01 3.65112457e+01 3.20655785e+01 2.71995544e+01
    3.40706482e+01 3.10251427e+01 3.78349838e+01 3.98794022e+01
    4.09044533e+01 4.13504143e+01 6.72933044e+01 8.23145981e+01
    8.08125534e+01 7.36633301e+01 6.43069458e+01 5.33514175e+01
    5.49217644e+01 5.09936371e+01 5.19283104e+01 5.74775467e+01
    5.78501549e+01 4.57751732e+01 4.36768227e+01 4.06191940e+01
    3.63659363e+01 4.53659210e+01 5.53519325e+01 4.87185516e+01
    4.59301109e+01 3.66876030e+01 3.28260651e+01 4.97138710e+01
    4.74258461e+01 3.20796776e+01 3.19079742e+01 3.27567024e+01
    4.61979370e+01 5.67225037e+01 4.91592712e+01 5.17054596e+01
    7.34305954e+01 6.98770676e+01 7.62571640e+01 8.57714767e+01
    6.42906799e+01 5.28205605e+01 6.05971565e+01 5.29643402e+01
    5.23936386e+01 5.16681671e+01 4.69438286e+01 4.22089882e+01
    4.22047501e+01 3.59000893e+01 3.52383728e+01 7.78008728e+01
    7.62848587e+01 7.78633804e+01 7.81039124e+01 8.03812103e+01
    8.24964752e+01 7.98354568e+01 8.24134521e+01 8.12172394e+01
    7.19350586e+01 7.09089813e+01 7.75238876e+01 8.48683777e+01
    8.13147583e+01 7.76556778e+01 5.92058563e+01 5.57349091e+01
    6.09469910e+01 5.80816307e+01 4.27642975e+01 3.84437447e+01
    4.52660408e+01 4.20278854e+01 3.81012917e+01 3.42899513e+01
    3.29453316e+01 2.83510132e+01 2.76332054e+01 2.71006660e+01
    2.84988365e+01 6.22001686e+01 7.41781921e+01 7.72910995e+01
    7.91119690e+01 6.15494156e+01 5.30694618e+01 5.32666092e+01
    5.07346306e+01 5.14712334e+01 6.03675232e+01 5.90110779e+01
    4.54402390e+01 4.28353920e+01 3.57245827e+01 3.38077393e+01
    6.18111534e+01 7.45099564e+01 6.11932602e+01 6.63154755e+01
    5.26568527e+01 5.00268478e+01 4.98563766e+01 5.23639412e+01
    5.48109093e+01 4.75709457e+01 4.58133125e+01 5.26344299e+01
    5.86232529e+01 4.72767334e+01 4.57094917e+01 6.39612732e+01
    6.10036736e+01 5.79445724e+01 5.05625763e+01 4.59228401e+01
    4.30978165e+01 4.96006432e+01 4.54824295e+01 4.04098244e+01
    3.70913620e+01 3.80025330e+01 3.20008202e+01 2.86492596e+01
    2.97236843e+01 2.80464535e+01 6.44096222e+01 7.12980728e+01
    5.76759071e+01 5.54490814e+01 6.01583328e+01 5.36708374e+01
    5.26476402e+01 5.29571877e+01 5.70274734e+01 6.90888824e+01
    7.48868637e+01 5.81522141e+01 5.14577713e+01 5.84136124e+01
    5.64303589e+01 3.50663681e+01 4.44131851e+01 3.56967964e+01
    3.34390144e+01 2.78987236e+01 2.41869202e+01 2.99718552e+01
    2.41170216e+01 2.22053261e+01 2.99387913e+01 2.63394947e+01
    3.17273979e+01 3.32882919e+01 3.87712555e+01 4.30123444e+01
    5.19514847e+01 6.02278900e+01 5.91764603e+01 6.28186378e+01
    5.57342949e+01 5.06878662e+01 5.54147377e+01 5.18382416e+01
    5.04333191e+01 5.42236786e+01 5.31496086e+01 4.82409515e+01
    4.61626396e+01 4.52849808e+01 4.56376076e+01 8.01876297e+01
    7.83422623e+01 7.72123718e+01 7.75314026e+01 8.38750076e+01
    8.56430435e+01 8.28113785e+01 8.17306137e+01 8.17372208e+01
    7.66760712e+01 7.56692123e+01 8.13843002e+01 8.52029190e+01
    8.54347534e+01 8.75570221e+01 2.91457100e+01 3.52001152e+01
    3.11286488e+01 2.99835186e+01 2.91063709e+01 2.88951015e+01
    2.57238598e+01 2.32425098e+01 3.04716377e+01 3.49929733e+01
    3.33651085e+01 3.61895561e+01 3.56645699e+01 3.97074623e+01
    4.03544846e+01 4.88210373e+01 5.41088295e+01 6.39997978e+01
    6.06810112e+01 4.76481171e+01 4.56862640e+01 4.87135468e+01
    4.63751717e+01 4.06280861e+01 3.99151611e+01 3.89054871e+01
    3.36142616e+01 3.17123184e+01 2.91931133e+01 2.65345497e+01
    6.72369156e+01 6.48053360e+01 6.28302650e+01 6.17076492e+01
    6.25592842e+01 6.10955696e+01 6.16643677e+01 5.47823105e+01
