<?xml version="1.0"?>
<opencv_storage>
<training_set_points type_id="opencv-matrix">
  <rows>60</rows>
  <cols>15</cols>
  <dt>f</dt>
  <data>
    1.08471008e+02 1.08104538e+02 1.07627586e+02 1.07390656e+02
    1.07016304e+02 1.06727852e+02 1.06281990e+02 1.06513748e+02
    1.05119171e+02 1.03554176e+02 1.02958641e+02 1.02574890e+02
    1.02825226e+02 1.02690758e+02 1.03080925e+02 1.05571335e+02
    1.06408447e+02 1.07347694e+02 1.07567612e+02 1.08407318e+02
    1.08808563e+02 1.09316956e+02 1.09513870e+02 1.08314789e+02
    1.06868195e+02 1.07541519e+02 1.07546196e+02 1.07770866e+02
    1.08239998e+02 1.08189522e+02 9.19558334e+01 9.13757248e+01
    9.01024628e+01 8.98586731e+01 9.00054092e+01 8.98417587e+01
    8.98409729e+01 8.99071198e+01 8.82416077e+01 8.68908539e+01
    8.63756409e+01 8.59602737e+01 8.60823135e+01 8.58057785e+01
    8.61245117e+01 1.02324020e+02 1.02139191e+02 1.02181152e+02
    1.02050224e+02 1.02211929e+02 1.03046753e+02 1.03721031e+02
    1.04346283e+02 1.02659004e+02 1.01007927e+02 1.01918335e+02
    1.02565399e+02 1.02699738e+02 1.03249176e+02 1.03057968e+02
    1.00986801e+02 1.00236954e+02 9.96923599e+01 9.94857101e+01
    9.93187027e+01 9.96699677e+01 9.97903137e+01 1.00219864e+02
    9.87139893e+01 9.70824280e+01 9.72912521e+01 9.77991867e+01
    9.78376541e+01 9.78455048e+01 9.78343887e+01 9.87510452e+01
    9.85273285e+01 9.84824982e+01 9.84222260e+01 9.86217422e+01
    9.91113358e+01 9.91432419e+01 9.95237045e+01 9.81742554e+01
    9.65380630e+01 9.68542633e+01 9.69830856e+01 9.68835297e+01
    9.71932068e+01 9.71870499e+01 9.48843536e+01 9.45852661e+01
    9.33719635e+01 9.27483749e+01 9.23120193e+01 9.22365417e+01
    9.08562012e+01 9.06270523e+01 8.90500793e+01 8.72520370e+01
    8.65900269e+01 8.65093536e+01 8.69043884e+01 8.64820175e+01
    8.66618423e+01 9.41131821e+01 9.44398422e+01 9.37929306e+01
    9.39824982e+01 9.41153259e+01 9.40475006e+01 9.38387299e+01
    9.39054337e+01 9.24980164e+01 9.08681946e+01 9.09903870e+01
    9.11450119e+01 9.12384186e+01 9.12024231e+01 9.13699722e+01
    9.41632843e+01 9.49516830e+01 9.53242188e+01 9.53405075e+01
    9.56550980e+01 9.54350586e+01 9.53421097e+01 9.53270874e+01
    9.34968338e+01 9.22639923e+01 9.19928131e+01 9.19835129e+01
    9.22440109e+01 9.23970566e+01 9.23623428e+01 9.29031067e+01
    9.31354828e+01 9.29550476e+01 9.31161499e+01 9.31957855e+01
    9.29218597e+01 9.34894333e+01 9.34020462e+01 9.19254379e+01
    9.02321320e+01 9.08049316e+01 9.11354065e+01 9.12453156e+01
    9.13837280e+01 9.14046631e+01 9.12812653e+01 9.13204269e+01
    9.12839737e+01 9.14532318e+01 9.20643158e+01 9.19906235e+01
    9.23464279e+01 9.25118561e+01 9.09325867e+01 8.92104492e+01
    8.96146317e+01 8.99169159e+01 8.99924164e+01 8.99951019e+01
    9.01366196e+01 9.11813507e+01 9.23844147e+01 9.22263641e+01
    9.23258972e+01 9.24654312e+01 9.25847473e+01 9.25013809e+01
    9.26008301e+01 9.09267349e+01 8.94859924e+01 8.94257355e+01
    8.90945969e+01 8.93810577e+01 8.93396225e+01 8.95714188e+01
    9.19155579e+01 9.38584595e+01 9.40140839e+01 9.38384018e+01
    9.39193497e+01 9.40753326e+01 9.35320587e+01 9.33069153e+01
    9.18745651e+01 9.02024078e+01 8.99278946e+01 8.95136566e+01
    8.97236557e+01 8.96378326e+01 9.01063843e+01 6.69123230e+01
    7.41333618e+01 8.58552780e+01 9.15423737e+01 9.40051041e+01
    9.50095825e+01 9.51324234e+01 9.51249771e+01 9.29875793e+01
    9.05431747e+01 8.99290924e+01 8.90363617e+01 8.82157288e+01
    8.72214279e+01 8.60626678e+01 7.04620132e+01 7.65275650e+01
    8.54954376e+01 9.04394684e+01 9.40998840e+01 9.58185959e+01
    9.65430145e+01 9.74578705e+01 9.51745071e+01 9.29078598e+01
    9.27385101e+01 9.19535599e+01 9.13212891e+01 9.04005432e+01
    8.94717560e+01 6.85971603e+01 7.52101898e+01 8.40060272e+01
    8.81045685e+01 8.94770966e+01 8.92526550e+01 8.77033081e+01
    8.62661438e+01 8.37783356e+01 8.05430069e+01 7.75335999e+01
    7.47514038e+01 7.28725815e+01 7.11654587e+01 7.00581512e+01
    9.34596786e+01 9.46382904e+01 9.49764633e+01 9.45806351e+01
    9.50693130e+01 9.51325989e+01 9.51380768e+01 9.50729370e+01
    9.31764450e+01 9.10609741e+01 9.10171585e+01 9.11651230e+01
    9.13501740e+01 9.09834061e+01 9.14441299e+01 6.83873291e+01
    7.66772156e+01 8.61810379e+01 9.13661270e+01 9.42082138e+01
    9.52599792e+01 9.58967209e+01 9.60769196e+01 9.42532120e+01
    9.19178009e+01 9.11668930e+01 9.05650101e+01 8.99756165e+01
    8.88111191e+01 8.78899384e+01 7.07506790e+01 7.60056000e+01
    8.34677505e+01 8.85959473e+01 9.29543304e+01 9.62218933e+01
    9.88391876e+01 1.00875343e+02 1.00147263e+02 9.87937622e+01
    9.88862381e+01 9.93931351e+01 9.97230301e+01 9.93631363e+01
    9.94913177e+01 6.17888298e+01 6.93916321e+01 8.24920959e+01
    8.85952225e+01 9.14637070e+01 9.30457535e+01 9.43182983e+01
    9.48840714e+01 9.33282013e+01 9.09086304e+01 9.08285675e+01
    9.05820312e+01 9.01588364e+01 8.95815201e+01 8.90965195e+01
    6.76369247e+01 7.52667770e+01 8.63769073e+01 9.08242645e+01
    9.26328125e+01 9.28505783e+01 9.22260895e+01 9.16088562e+01
    8.94131012e+01 8.66106339e+01 8.46318359e+01 8.30070496e+01
    8.21897888e+01 8.04625778e+01 7.92571487e+01 6.39998360e+01
    7.03702469e+01 7.96525040e+01 8.37302933e+01 8.57068481e+01
    8.57009964e+01 8.48074493e+01 8.38966522e+01 8.07857666e+01
    7.80389709e+01 7.63450775e+01 7.51670151e+01 7.37614670e+01
    7.30296326e+01 7.14755783e+01 6.56233292e+01 7.17706833e+01
    8.13221283e+01 8.63771820e+01 8.90285492e+01 9.04860229e+01
    9.10549316e+01 9.13801346e+01 8.90788269e+01 8.63312759e+01
    8.57002640e+01 8.46349945e+01 8.37888947e+01 8.25066071e+01
    8.10001373e+01 6.70432663e+01 7.31633530e+01 8.29746704e+01
    8.81314011e+01 9.12784348e+01 9.26450806e+01 9.38144608e+01
    9.44175568e+01 9.22475510e+01 8.95018005e+01 8.92035522e+01
    8.84481888e+01 8.77285538e+01 8.64916840e+01 8.55905228e+01
    9.48991241e+01 9.52956238e+01 9.58923035e+01 9.57455292e+01
    9.59250336e+01 9.58775787e+01 9.61492004e+01 9.61307755e+01
    9.41390915e+01 9.20306778e+01 9.14993744e+01 9.15885468e+01
    9.18059158e+01 9.19244690e+01 9.21212997e+01 5.10850639e+01
    5.75977554e+01 6.66698227e+01 7.18843613e+01 7.45975037e+01
    7.64562683e+01 7.76212463e+01 7.84937820e+01 7.67710266e+01
    7.48726730e+01 7.51621628e+01 7.54066772e+01 7.47978363e+01
    7.42481155e+01 7.38667450e+01 6.31641922e+01 7.10353699e+01
    8.12048264e+01 8.52354507e+01 8.68735046e+01 8.81084518e+01
    8.86632614e+01 8.87441254e+01 8.61862488e+01 8.28210602e+01
    8.23551788e+01 8.14425430e+01 8.03072510e+01 7.82079086e+01
    7.63940277e+01 6.78729248e+01 7.39892502e+01 8.20868454e+01
    8.63161316e+01 8.93334351e+01 9.04881210e+01 9.12647400e+01
    9.18327103e+01 9.00869904e+01 8.76981659e+01 8.72437134e+01
    8.66156693e+01 8.61783829e+01 8.52025299e+01 8.43498993e+01
    6.50101929e+01 7.25427704e+01 8.18183212e+01 8.55216675e+01
    8.70190887e+01 8.77469635e+01 8.87090912e+01 8.87551575e+01
    8.63750534e+01 8.25050964e+01 8.30431747e+01 8.25656433e+01
    8.19353180e+01 7.91491394e+01 7.83293839e+01 6.44565659e+01
    6.93747787e+01 7.76449738e+01 8.21354828e+01 8.50157623e+01
    8.72582169e+01 8.83378143e+01 8.84642792e+01 8.62044907e+01
    8.32413483e+01 8.19599838e+01 8.06503983e+01 7.92699585e+01
    7.74401093e+01 7.59805298e+01 6.71507263e+01 7.38044510e+01
    8.18731918e+01 8.59567108e+01 8.86246490e+01 9.01806335e+01
    9.08313370e+01 9.17163467e+01 8.96815109e+01 8.75355377e+01
    8.68916779e+01 8.60759430e+01 8.52925491e+01 8.37195892e+01
    8.26901093e+01 6.60165329e+01 7.47211151e+01 8.41543961e+01
    8.80187836e+01 8.95008621e+01 8.99431305e+01 8.82747650e+01
    8.65191345e+01 8.35665741e+01 8.02910995e+01 7.82011719e+01
    7.65710907e+01 7.56202011e+01 7.40012589e+01 7.31774139e+01
    6.38365707e+01 7.07790298e+01 8.08143845e+01 8.44188843e+01
    8.59479980e+01 8.63322678e+01 8.66322479e+01 8.62741547e+01
