<?xml version="1.0"?>
<opencv_storage>
<training_set_points type_id="opencv-matrix">
  <rows>37</rows>
  <cols>15</cols>
  <dt>f</dt>
  <data>
    6.59956894e+01 6.57996368e+01 6.69624329e+01 6.75801773e+01
    6.86212463e+01 6.91169891e+01 6.99394760e+01 7.06100769e+01
    7.02364120e+01 6.99520416e+01 7.07688446e+01 7.15298996e+01
    7.20928116e+01 7.25653763e+01 7.30848618e+01 7.34049454e+01
    7.47268295e+01 7.55438614e+01 7.54068451e+01 7.61617203e+01
    7.65920486e+01 7.69242859e+01 7.80568237e+01 7.76558990e+01
    7.74490051e+01 7.79014740e+01 7.80587311e+01 7.84631653e+01
    7.88479767e+01 7.91821289e+01 5.73164749e+01 5.72273827e+01
    5.85718460e+01 6.00908356e+01 6.16143532e+01 6.28245773e+01
    6.40042114e+01 6.53458786e+01 6.57702026e+01 6.61182175e+01
    6.72591019e+01 6.78730850e+01 6.85214996e+01 6.89950409e+01
    6.95101013e+01 6.35636215e+01 6.30279198e+01 6.31632729e+01
    6.44299316e+01 6.52143021e+01 6.58362961e+01 6.68079529e+01
    6.74418488e+01 6.72903595e+01 6.69145355e+01 6.74038391e+01
    6.79974976e+01 6.85694580e+01 6.90446854e+01 6.96487274e+01
    9.26158218e+01 1.02108383e+02 9.57358322e+01 9.91664963e+01
    1.03100052e+02 1.03291473e+02 1.00113693e+02 9.61123199e+01
    9.09567337e+01 8.77366333e+01 8.81858597e+01 8.62459717e+01
    8.58328400e+01 8.54357834e+01 8.54179306e+01 6.63686981e+01
    6.67246933e+01 6.70950851e+01 6.77573242e+01 6.81922379e+01
    6.83413849e+01 6.91392593e+01 6.96334991e+01 6.89763336e+01
    6.84308929e+01 6.88261261e+01 6.92855530e+01 6.94528809e+01
    6.95872040e+01 6.97394714e+01 6.07261086e+01 6.09092827e+01
    6.21830521e+01 6.38998108e+01 6.54767303e+01 6.65350266e+01
    6.78081970e+01 6.89859772e+01 6.91914749e+01 6.91699371e+01
    7.02587204e+01 7.08422241e+01 7.14404678e+01 7.18769836e+01
    7.23226776e+01 6.63614731e+01 6.60732269e+01 6.66603317e+01
    6.75257797e+01 6.82556458e+01 6.88262711e+01 6.92004852e+01
    6.97592163e+01 6.93308640e+01 6.91445007e+01 6.94061279e+01
    6.97257919e+01 6.98257675e+01 6.99411926e+01 6.99626846e+01
    7.06921158e+01 7.01776581e+01 7.10595932e+01 7.17336884e+01
    7.23843079e+01 7.28698502e+01 7.30951462e+01 7.35558701e+01
    7.29353180e+01 7.22430191e+01 7.26296082e+01 7.29309158e+01
    7.31100159e+01 7.32977600e+01 7.33401642e+01 6.31618958e+01
    6.32212791e+01 6.39360199e+01 6.46067886e+01 6.55926361e+01
    6.62573090e+01 6.71204224e+01 6.78174820e+01 6.78767776e+01
    6.79334564e+01 6.85854340e+01 6.86368866e+01 6.94859009e+01
    7.00298767e+01 7.07137070e+01 6.48903198e+01 6.58156509e+01
    6.66827011e+01 6.74442596e+01 6.82764511e+01 6.87766037e+01
    6.95259171e+01 7.00376205e+01 6.94527359e+01 6.91243439e+01
    6.96085129e+01 6.99028320e+01 7.02410355e+01 7.03664398e+01
    7.06087799e+01 7.25021362e+01 7.27954712e+01 7.33248138e+01
    7.42098541e+01 7.47731400e+01 7.54610291e+01 7.58453064e+01
    7.63963776e+01 7.62202225e+01 7.57653351e+01 7.61088943e+01
    7.64444351e+01 7.68492584e+01 7.71341476e+01 7.74817200e+01
    6.38045692e+01 6.40183105e+01 6.46501923e+01 6.57177429e+01
    6.67150726e+01 6.74272766e+01 6.84954147e+01 6.94270782e+01
    6.93841171e+01 6.97997284e+01 7.05994339e+01 7.12499237e+01
    7.18493347e+01 7.22908020e+01 7.29796143e+01 5.18809738e+01
    5.26262970e+01 5.49933167e+01 5.70723457e+01 5.87597771e+01
    6.04677505e+01 6.19230270e+01 6.31775017e+01 6.34929886e+01
    6.38863754e+01 6.45243225e+01 6.53322067e+01 6.58847961e+01
    6.66654434e+01 6.71124954e+01 7.62305374e+01 7.60306091e+01
    7.63782196e+01 7.68269882e+01 7.74232330e+01 7.76398621e+01
    7.80787735e+01 7.81639633e+01 7.75759048e+01 7.71264267e+01
    7.71702652e+01 7.74430923e+01 7.73258514e+01 7.70458221e+01
    7.73071976e+01 6.95107880e+01 6.98579330e+01 7.08366241e+01
    7.20783310e+01 7.26321869e+01 7.32449417e+01 7.37168198e+01
    7.42413330e+01 7.38749847e+01 7.36978226e+01 7.43030396e+01
    7.46983871e+01 7.49843903e+01 7.53309860e+01 7.54388580e+01
    7.47485657e+01 7.50087814e+01 7.60787582e+01 7.71886368e+01
    7.86626434e+01 7.98814926e+01 8.05612106e+01 8.10118179e+01
    8.04120789e+01 7.98636169e+01 8.00492325e+01 8.00402756e+01
    8.01516495e+01 8.03321991e+01 8.03280640e+01 6.95103989e+01
    6.98813705e+01 7.06497345e+01 7.15263977e+01 7.22111664e+01
    7.33177872e+01 7.38470306e+01 7.44830704e+01 7.44039917e+01
    7.39179840e+01 7.43881836e+01 7.45217590e+01 7.46467285e+01
    7.45972137e+01 7.47463989e+01 7.49572983e+01 7.58744965e+01
    7.85474091e+01 8.22778244e+01 8.61731644e+01 9.10395050e+01
    9.30711212e+01 9.48828659e+01 9.65383530e+01 9.68783493e+01
    9.59253464e+01 9.44285965e+01 9.46749954e+01 9.37761765e+01
    9.35118866e+01 7.51594696e+01 7.50302963e+01 7.54085007e+01
    7.57613144e+01 7.61292648e+01 7.63929596e+01 7.65483704e+01
    7.68212128e+01 7.61850586e+01 7.55096130e+01 7.56262207e+01
    7.59672241e+01 7.60373535e+01 7.60982513e+01 7.61212463e+01
    6.04542999e+01 6.07786865e+01 6.08802032e+01 6.15500183e+01
    6.20334625e+01 6.24986801e+01 6.29077682e+01 6.34571457e+01
    6.30815926e+01 6.28328705e+01 6.31373253e+01 6.35335388e+01
    6.39344292e+01 6.40314178e+01 6.43405762e+01 7.41954575e+01
    7.41694031e+01 7.49407959e+01 7.54741364e+01 7.65085602e+01
    7.67939377e+01 7.76175537e+01 7.81409912e+01 7.78900146e+01
    7.77110062e+01 7.81079483e+01 7.85379639e+01 7.87293930e+01
    7.91485443e+01 7.93124161e+01 6.99834366e+01 7.01992874e+01
    7.03991623e+01 7.11412201e+01 7.16018906e+01 7.18579254e+01
    7.22902679e+01 7.23566132e+01 7.20115967e+01 7.12944641e+01
    7.19031830e+01 7.20999985e+01 7.20345688e+01 7.21871490e+01
    7.19791260e+01 7.28618317e+01 7.33159561e+01 7.36188354e+01
    7.43686142e+01 7.47978058e+01 7.52686005e+01 7.56949387e+01
    7.62334290e+01 7.58155746e+01 7.56800079e+01 7.59894180e+01
    7.64757690e+01 7.67553787e+01 7.71968231e+01 7.76192093e+01
    6.48922043e+01 6.53837204e+01 6.69815292e+01 6.76243210e+01
    6.86227875e+01 6.94544067e+01 6.99960938e+01 7.06736145e+01
    7.04578094e+01 7.03400040e+01 7.08334961e+01 7.06048279e+01
    7.10120010e+01 7.16349258e+01 7.21735229e+01 6.96103058e+01
    6.97768707e+01 7.00525055e+01 7.05335617e+01 7.09644394e+01
    7.14203568e+01 7.18395309e+01 7.22631760e+01 7.18682022e+01
    7.14770508e+01 7.20988770e+01 7.24658966e+01 7.27386856e+01
    7.33471832e+01 7.35957718e+01 6.72383423e+01 7.14372559e+01
    6.98480606e+01 6.84730835e+01 6.92501831e+01 6.96719437e+01
    7.04575424e+01 7.07768097e+01 7.01851501e+01 7.01994171e+01
    7.08391647e+01 7.07645569e+01 7.18924408e+01 7.20224304e+01
    7.28148956e+01 9.88400269e+01 9.39875641e+01 9.11745071e+01
    9.03875427e+01 9.01389236e+01 8.98141785e+01 8.85576401e+01
    8.88152695e+01 8.84530411e+01 8.71893005e+01 8.79599533e+01
    8.80143051e+01 8.90580368e+01 8.92581482e+01 9.11139984e+01
    6.59250336e+01 6.60581970e+01 6.67208405e+01 6.71150208e+01
    6.75307312e+01 6.81938705e+01 6.84368744e+01 6.89508209e+01
    6.84748459e+01 6.83775253e+01 6.86853638e+01 6.90002060e+01
    6.90887451e+01 6.93974304e+01 6.97212677e+01 5.94827881e+01
    6.00284119e+01 6.16145706e+01 6.28930626e+01 6.42918701e+01
    6.53193893e+01 6.59347229e+01 6.68961487e+01 6.65106659e+01
    6.64915161e+01 6.69289093e+01 6.72133408e+01 6.75337143e+01
    6.77152939e+01 6.77771988e+01 6.89013138e+01 6.99521637e+01
    7.13136139e+01 7.22013855e+01 7.32618561e+01 7.39013214e+01
    7.48921585e+01 7.55484161e+01 7.51467896e+01 7.50622559e+01
    7.55530472e+01 7.58400879e+01 7.62368927e+01 7.63572464e+01
    7.66708069e+01 6.98954773e+01 6.99129257e+01 7.08144226e+01
    7.14038925e+01 7.19473648e+01 7.25852966e+01 7.29621658e+01
    7.34836349e+01 7.28204117e+01 7.24639816e+01 7.27571564e+01
    7.29804535e+01 7.31003494e+01 7.33136826e+01 7.33614883e+01
    6.29355927e+01 6.33231888e+01 6.43423462e+01 6.46294022e+01
    6.55638580e+01 6.61281586e+01 6.66989822e+01 6.74015732e+01
