<?xml version="1.0"?>
<opencv_storage>
<training_set_points type_id="opencv-matrix">
  <rows>60</rows>
  <cols>15</cols>
  <dt>f</dt>
  <data>
    7.55473862e+01 7.89746780e+01 7.99097672e+01 7.86260452e+01
    8.00796967e+01 8.06502914e+01 7.95632172e+01 7.92367783e+01
    7.85850906e+01 7.83014832e+01 7.86582413e+01 7.90413361e+01
    7.85645370e+01 8.13888016e+01 8.21260300e+01 7.91589508e+01
    7.81866150e+01 7.98022003e+01 7.88458939e+01 8.02308578e+01
    8.00687103e+01 7.86771164e+01 7.86158524e+01 7.78121262e+01
    7.67008820e+01 7.67187119e+01 7.68079147e+01 7.65954819e+01
    7.86847076e+01 7.95400543e+01 8.03002930e+01 8.42317886e+01
    8.54868011e+01 8.31889572e+01 8.17270813e+01 8.14104156e+01
    8.10632782e+01 7.93758392e+01 7.88803253e+01 7.98817978e+01
    8.03926697e+01 8.11355286e+01 8.09281921e+01 8.37554550e+01
    8.37529907e+01 7.48649063e+01 7.72524643e+01 7.56850204e+01
    7.42346573e+01 7.67913284e+01 7.71238327e+01 7.55831680e+01
    7.52657242e+01 7.48560028e+01 7.45274277e+01 7.51856689e+01
    7.62106628e+01 7.55703735e+01 7.79653473e+01 7.77635956e+01
    8.16168518e+01 8.05615540e+01 8.16500702e+01 8.10696411e+01
    8.26554108e+01 8.26995850e+01 8.06915283e+01 7.85918350e+01
    7.73301086e+01 7.68618774e+01 7.63962097e+01 7.68460236e+01
    7.72974930e+01 7.82569122e+01 7.90348206e+01 7.86908112e+01
    7.73178482e+01 7.90432663e+01 7.84545517e+01 7.88624039e+01
    7.91486359e+01 8.00328293e+01 7.87290955e+01 7.73896255e+01
    7.72409210e+01 7.73702621e+01 7.79024277e+01 7.78437653e+01
    7.94795380e+01 7.88197784e+01 7.62185669e+01 7.78847580e+01
    7.72573471e+01 7.56926651e+01 7.70475006e+01 7.78806305e+01
    7.44547882e+01 7.53983841e+01 7.58488617e+01 7.48842010e+01
    7.49928741e+01 7.54187241e+01 7.49741974e+01 7.71353531e+01
    7.77334824e+01 8.46627579e+01 8.56622620e+01 8.51326447e+01
    8.30907059e+01 8.27214432e+01 8.29267731e+01 7.92249985e+01
    7.90941467e+01 7.91697540e+01 7.95016022e+01 7.99297180e+01
    8.02736130e+01 7.94800568e+01 8.26573563e+01 8.30971451e+01
    7.46242294e+01 7.40745010e+01 7.52956772e+01 7.57964325e+01
    7.74298630e+01 7.79289398e+01 7.74128952e+01 7.66626205e+01
    7.65628052e+01 7.51521683e+01 7.47969666e+01 7.51031342e+01
    7.51932144e+01 7.66493835e+01 7.71240692e+01 8.31663742e+01
    8.40725479e+01 8.47150879e+01 8.25566711e+01 8.25591354e+01
    8.23045883e+01 8.10849380e+01 7.92226334e+01 7.86002655e+01
    7.87790375e+01 7.85146942e+01 7.86833878e+01 7.89250336e+01
    8.06783295e+01 8.07321701e+01 8.03140335e+01 8.31702271e+01
    8.42228317e+01 8.31779709e+01 8.37966309e+01 8.36767044e+01
    8.07111359e+01 7.90996552e+01 7.87475128e+01 7.82245407e+01
    7.76709366e+01 7.76136703e+01 7.83731155e+01 7.91824799e+01
    7.86072083e+01 7.33908463e+01 7.17859268e+01 7.51455460e+01
    7.54264908e+01 7.65824661e+01 7.63261566e+01 7.54860992e+01
    7.46404190e+01 7.30113831e+01 7.31414032e+01 7.37341232e+01
    7.40529099e+01 7.38442841e+01 7.48638458e+01 7.45774765e+01
    7.74311523e+01 8.33290329e+01 8.44934158e+01 8.18960114e+01
    8.30673904e+01 8.31515656e+01 8.11273956e+01 7.91598816e+01
    7.81006622e+01 7.77857971e+01 7.78814926e+01 7.81277237e+01
    7.78930283e+01 8.00581970e+01 8.05933762e+01 7.51755905e+01
    8.01691895e+01 8.18984528e+01 8.22173691e+01 8.40001221e+01
    8.38217392e+01 8.17116394e+01 8.00813599e+01 7.88738708e+01
    7.87126007e+01 7.85701370e+01 7.87155685e+01 7.84089355e+01
    8.05961914e+01 8.06901474e+01 6.87573853e+01 7.31074219e+01
    7.62377548e+01 7.53927460e+01 7.58945847e+01 7.60830383e+01
    7.54789963e+01 7.66418228e+01 7.65490265e+01 7.71087036e+01
    7.73922653e+01 7.80092316e+01 7.80675735e+01 7.93843002e+01
    7.94827652e+01 7.61628036e+01 8.00291519e+01 8.31633301e+01
    8.21838455e+01 8.21232300e+01 8.14298859e+01 8.01721268e+01
    7.91304016e+01 7.73276672e+01 7.77474976e+01 7.82745209e+01
    7.87207413e+01 7.76848984e+01 8.02633591e+01 8.04081497e+01
    7.07090683e+01 7.62676163e+01 7.71832504e+01 7.75775604e+01
    7.76175842e+01 7.81477737e+01 7.56695328e+01 7.57530670e+01
    7.58013306e+01 7.74656067e+01 7.75927658e+01 7.83857574e+01
    7.77738800e+01 8.07075806e+01 7.96973877e+01 7.42830582e+01
    7.65488968e+01 7.85479507e+01 7.71408386e+01 7.85466156e+01
    7.91333618e+01 8.02517700e+01 7.84410553e+01 7.66754074e+01
    7.61491394e+01 7.61679840e+01 7.64201965e+01 7.57310562e+01
    7.85975266e+01 7.95096436e+01 7.95269012e+01 7.88622208e+01
    7.66074753e+01 7.60318375e+01 7.71382446e+01 7.80901947e+01
    7.89496002e+01 7.78302307e+01 7.68735352e+01 7.68505859e+01
    7.67958527e+01 7.74125366e+01 7.71169815e+01 7.92720032e+01
    7.98060379e+01 7.10862045e+01 7.24086151e+01 7.37734604e+01
    7.20292587e+01 7.31595306e+01 7.35914764e+01 7.43065491e+01
    7.21315384e+01 7.03810349e+01 7.13104401e+01 7.19396133e+01
    7.27277451e+01 7.16913757e+01 7.52240295e+01 7.56653442e+01
    6.95926132e+01 7.03851624e+01 7.08333206e+01 6.91854706e+01
    7.06163940e+01 7.14370575e+01 7.19656372e+01 7.10696945e+01
    7.03074799e+01 6.90989609e+01 6.92108154e+01 6.94985580e+01
    6.87657547e+01 7.12459869e+01 7.13403854e+01 6.00012703e+01
    7.00719833e+01 7.25174789e+01 7.14389267e+01 7.25531006e+01
    7.25993195e+01 7.17706451e+01 7.14043198e+01 7.04909134e+01
    6.94245453e+01 6.92004776e+01 6.95383453e+01 6.88846054e+01
    7.08458862e+01 7.08335419e+01 6.88992157e+01 7.02088089e+01
    6.96288452e+01 6.82381210e+01 7.02132874e+01 7.09486160e+01
    7.17419739e+01 7.26312103e+01 7.29755630e+01 7.16930923e+01
    7.07149506e+01 7.09390030e+01 7.08936539e+01 7.18993149e+01
    7.19790802e+01 6.01792793e+01 6.85619812e+01 7.02537918e+01
    6.91264038e+01 7.08959274e+01 7.13340607e+01 7.15704041e+01
    7.16175232e+01 7.09772568e+01 6.97231216e+01 6.91312103e+01
    6.96133423e+01 6.93125763e+01 6.98321304e+01 6.96529312e+01
    7.37639160e+01 7.12675705e+01 6.98917847e+01 7.01114349e+01
    7.17489777e+01 7.21145782e+01 7.19671173e+01 7.25887604e+01
    7.27020874e+01 7.18771286e+01 7.15651169e+01 7.17187805e+01
    7.16419296e+01 7.33608551e+01 7.33983078e+01 5.65878448e+01
    6.80989914e+01 7.01656570e+01 6.91938782e+01 7.05283432e+01
    7.06135178e+01 6.97074585e+01 6.95906219e+01 6.91519012e+01
    6.83485870e+01 6.80148163e+01 6.81606369e+01 6.80916748e+01
    6.99255600e+01 6.99173660e+01 7.19093857e+01 7.03500366e+01
    7.05188293e+01 6.93368607e+01 6.97503281e+01 6.95532379e+01
    6.97616272e+01 7.11495056e+01 7.09030914e+01 7.01630402e+01
    6.99626541e+01 7.05263672e+01 6.98438416e+01 7.18072128e+01
    7.20702362e+01 7.73391800e+01 7.11345825e+01 6.93644867e+01
    6.98936844e+01 7.21452789e+01 7.28181763e+01 7.05857239e+01
    7.10005493e+01 7.13137665e+01 7.04035339e+01 6.96513519e+01
    6.96348495e+01 6.98274536e+01 7.07455902e+01 7.10448990e+01
    6.67067108e+01 7.34234467e+01 7.99685135e+01 8.74876251e+01
    9.74932404e+01 1.02827438e+02 7.30494156e+01 7.10762100e+01
    8.20214157e+01 8.28986816e+01 7.60603256e+01 7.58924637e+01
    7.97206268e+01 7.36807861e+01 6.76225128e+01 6.79521332e+01
    7.86247482e+01 8.95635529e+01 8.55497437e+01 9.05439529e+01
    9.44315491e+01 9.42809525e+01 8.83289261e+01 9.45280380e+01
    8.62231293e+01 8.18238831e+01 8.22775574e+01 8.51957855e+01
    7.99123154e+01 7.59056244e+01 6.88058014e+01 7.31166534e+01
    8.80609741e+01 9.42725372e+01 9.31535797e+01 9.21973267e+01
    9.13863678e+01 9.10659790e+01 1.01526009e+02 8.85375214e+01
    8.28653564e+01 8.36813736e+01 8.78689651e+01 8.23602905e+01
    7.83962708e+01 7.16383286e+01 7.03906250e+01 7.38135757e+01
    7.67546616e+01 8.96011658e+01 9.13066025e+01 8.15674362e+01
    8.14091721e+01 8.94230728e+01 8.12556610e+01 7.67764969e+01
    7.80331039e+01 8.12389908e+01 7.70682220e+01 7.26943970e+01
    7.20877609e+01 7.96744080e+01 7.89019547e+01 8.08311234e+01
    8.48536453e+01 8.78294220e+01 1.04332397e+02 9.39063110e+01
