<?xml version="1.0"?>
<opencv_storage>
<training_set_points type_id="opencv-matrix">
  <rows>60</rows>
  <cols>15</cols>
  <dt>f</dt>
  <data>
    1.13524788e+02 1.13378914e+02 1.09028313e+02 1.08312019e+02
    1.07746086e+02 1.07504578e+02 1.07248329e+02 1.07920868e+02
    1.08308563e+02 1.07665718e+02 1.07375511e+02 1.07664246e+02
    1.07564835e+02 1.07631676e+02 1.08079933e+02 1.13157516e+02
    1.14267838e+02 1.15773056e+02 1.16680367e+02 1.17313522e+02
    1.17326752e+02 1.17602600e+02 1.17174194e+02 1.16474815e+02
    1.15967857e+02 1.15554756e+02 1.15605476e+02 1.15388374e+02
    1.15624100e+02 1.15936836e+02 1.17792542e+02 1.17340378e+02
    1.16927368e+02 1.16461975e+02 1.16784012e+02 1.17128731e+02
    1.17073090e+02 1.17538437e+02 1.17289116e+02 1.16843094e+02
    1.16109016e+02 1.16253494e+02 1.15347855e+02 1.15282036e+02
    1.15767532e+02 1.19864983e+02 1.19013557e+02 1.18626305e+02
    1.18502609e+02 1.18788498e+02 1.19019386e+02 1.19259514e+02
    1.19595108e+02 1.19309586e+02 1.18652931e+02 1.17981789e+02
    1.18022232e+02 1.17439339e+02 1.17345642e+02 1.17790749e+02
    1.09549507e+02 1.09468353e+02 1.06735611e+02 1.06803314e+02
    1.07105568e+02 1.07108635e+02 1.07235031e+02 1.07921806e+02
    1.08591820e+02 1.08106621e+02 1.07407036e+02 1.07976936e+02
    1.07545235e+02 1.07815910e+02 1.08594627e+02 1.20960861e+02
    1.21036232e+02 1.21148674e+02 1.21194565e+02 1.21317856e+02
    1.21896706e+02 1.22055679e+02 1.22594315e+02 1.21580009e+02
    1.20661278e+02 1.20692268e+02 1.20656639e+02 1.20572304e+02
    1.20587601e+02 1.20471664e+02 1.14280663e+02 1.14418709e+02
    1.15282799e+02 1.16010094e+02 1.17094238e+02 1.17484421e+02
    1.17840981e+02 1.17267525e+02 1.15739906e+02 1.15174637e+02
    1.14651894e+02 1.14759644e+02 1.14530846e+02 1.15007690e+02
    1.15087242e+02 1.16137115e+02 1.16291702e+02 1.17277382e+02
    1.17438751e+02 1.17793091e+02 1.17708267e+02 1.18003510e+02
    1.17914749e+02 1.17320724e+02 1.16826370e+02 1.16639313e+02
    1.16836205e+02 1.17145248e+02 1.17344727e+02 1.18425003e+02
    9.64632187e+01 9.64648285e+01 9.66948853e+01 9.72068024e+01
    9.76153030e+01 9.77947159e+01 9.79618225e+01 9.85195923e+01
    9.88702698e+01 9.88252869e+01 9.79401550e+01 9.79301834e+01
    9.72770767e+01 9.72042694e+01 9.74556427e+01 1.14586540e+02
    1.14046082e+02 1.14115158e+02 1.14162315e+02 1.14363480e+02
    1.14092140e+02 1.14611496e+02 1.14961342e+02 1.14569504e+02
    1.13754875e+02 1.13365150e+02 1.13256706e+02 1.13856430e+02
    1.13679390e+02 1.15074409e+02 1.16221611e+02 1.15740494e+02
    1.12723709e+02 1.10799271e+02 1.09737900e+02 1.09759674e+02
    1.09441658e+02 1.09577606e+02 1.09209656e+02 1.08694046e+02
    1.08184502e+02 1.08408989e+02 1.08236465e+02 1.08965591e+02
    1.06904739e+02 1.12265976e+02 1.13992935e+02 1.15707779e+02
    1.16211639e+02 1.16006760e+02 1.16369019e+02 1.15675751e+02
    1.14681503e+02 1.13533409e+02 1.13278610e+02 1.13345886e+02
    1.12852036e+02 1.13162239e+02 1.13499489e+02 1.12407722e+02
    1.11567169e+02 1.13224258e+02 1.15369431e+02 1.15930374e+02
    1.16355995e+02 1.16520477e+02 1.15852859e+02 1.15137848e+02
    1.13991066e+02 1.13592751e+02 1.13837616e+02 1.13307823e+02
    1.13471138e+02 1.13895699e+02 1.12275299e+02 9.01638718e+01
    9.27100906e+01 9.57662277e+01 9.57180405e+01 9.51353302e+01
    9.63193436e+01 9.64073181e+01 9.61250305e+01 9.43018875e+01
    9.44746552e+01 9.57192841e+01 9.44080276e+01 9.47175140e+01
    9.54031219e+01 9.27061691e+01 1.13838974e+02 1.14874519e+02
    1.16302536e+02 1.16616203e+02 1.16829651e+02 1.17353806e+02
    1.17556763e+02 1.17534798e+02 1.16621857e+02 1.16457535e+02
    1.16893303e+02 1.16490067e+02 1.16528320e+02 1.16920891e+02
    1.15237366e+02 1.08171555e+02 1.09686058e+02 1.11568558e+02
    1.11522888e+02 1.11482269e+02 1.12100571e+02 1.10824036e+02
    1.09739479e+02 1.08664200e+02 1.08301804e+02 1.09085983e+02
    1.08289543e+02 1.09165627e+02 1.09807137e+02 1.08027130e+02
    1.02366013e+02 1.02617302e+02 1.01826904e+02 1.01714851e+02
    1.01111961e+02 1.01900513e+02 1.01435806e+02 1.01474167e+02
    9.98899155e+01 9.99390259e+01 1.00034576e+02 9.93498001e+01
    9.93982925e+01 9.94863281e+01 9.58188477e+01 1.09568565e+02
    1.10036888e+02 1.10628113e+02 1.11324066e+02 1.11251198e+02
    1.11682343e+02 1.11443352e+02 1.10901039e+02 1.09724632e+02
    1.09318329e+02 1.08557144e+02 1.08502831e+02 1.08307838e+02
    1.08538033e+02 1.06604782e+02 1.12117805e+02 1.12711533e+02
    1.11929703e+02 1.12731400e+02 1.12506210e+02 1.13312096e+02
    1.13320564e+02 1.12715012e+02 1.13056030e+02 1.12002167e+02
    1.11317970e+02 1.11534058e+02 1.10856094e+02 1.10768242e+02
    1.10129539e+02 1.03388725e+02 1.05342270e+02 1.06490204e+02
    1.06601990e+02 1.06962975e+02 1.08073486e+02 1.05946648e+02
    1.04565453e+02 1.03311508e+02 1.02936821e+02 1.03877655e+02
    1.02772247e+02 1.03315010e+02 1.03931732e+02 1.01819756e+02
    8.38412018e+01 8.50276184e+01 8.70807953e+01 8.72045059e+01
    8.75323181e+01 8.76088409e+01 8.82086792e+01 8.80647583e+01
    8.74407349e+01 8.73567886e+01 8.79580078e+01 8.79579544e+01
    8.84281464e+01 8.87930222e+01 8.95368500e+01 1.08006409e+02
    1.07558372e+02 1.07620636e+02 1.08179642e+02 1.08454887e+02
    1.09023315e+02 1.09175858e+02 1.08712120e+02 1.07516930e+02
    1.07340355e+02 1.07151115e+02 1.07195374e+02 1.06837418e+02
    1.07260857e+02 1.03751968e+02 1.06236130e+02 1.06395844e+02
    1.06961510e+02 1.07149986e+02 1.08164391e+02 1.07743668e+02
    1.09014977e+02 1.09677361e+02 1.09769905e+02 1.09328308e+02
    1.09795044e+02 1.09910027e+02 1.10766792e+02 1.11378242e+02
    1.11697456e+02 1.08902679e+02 1.08286270e+02 1.09494545e+02
    1.10399147e+02 1.10846748e+02 1.13869873e+02 1.13534386e+02
    1.13037804e+02 1.10669044e+02 1.11038429e+02 1.12531609e+02
    1.10407463e+02 1.10590981e+02 1.10695587e+02 1.06670593e+02
    6.88931122e+01 7.04595871e+01 7.20472260e+01 7.23502350e+01
    7.29599457e+01 7.35471497e+01 7.37452621e+01 7.35749054e+01
    7.22499313e+01 7.25652924e+01 7.33564987e+01 7.23512726e+01
    7.24024048e+01 7.32442322e+01 6.70413055e+01 1.00837257e+02
    1.00912003e+02 1.01424644e+02 1.01427055e+02 1.02314468e+02
    1.02563835e+02 1.03350212e+02 1.03436279e+02 1.02223717e+02
    1.02282875e+02 1.04655777e+02 1.03746140e+02 1.05700371e+02
    1.08202103e+02 1.07375488e+02 8.26304855e+01 8.43619461e+01
    8.54944916e+01 8.65803070e+01 8.61830292e+01 8.74783936e+01
    8.52196274e+01 8.47483902e+01 8.41710587e+01 8.35870972e+01
    8.31854172e+01 8.29386520e+01 8.16125793e+01 8.19210968e+01
    7.63027420e+01 6.82477188e+01 7.14214096e+01 7.45556412e+01
    7.48381729e+01 7.59659576e+01 7.67900696e+01 7.71841354e+01
    7.78047256e+01 7.57528839e+01 7.60720749e+01 7.89276581e+01
    7.69492111e+01 7.92325974e+01 8.10708389e+01 7.92804794e+01
    1.01471451e+02 1.01167854e+02 1.00743919e+02 1.00894150e+02
    1.01080368e+02 1.00894821e+02 1.01162193e+02 1.01195007e+02
    1.01835197e+02 1.00714485e+02 9.98347702e+01 1.00795372e+02
    1.00850525e+02 1.00056427e+02 1.02939407e+02 6.36860809e+01
    6.58173065e+01 7.06788559e+01 7.10359573e+01 7.33792191e+01
    7.40769196e+01 7.55653763e+01 7.74293900e+01 7.58657074e+01
    7.66480179e+01 8.14351578e+01 7.94787140e+01 8.32407990e+01
    8.53542786e+01 8.46114655e+01 7.53251877e+01 7.71902084e+01
    7.78948669e+01 8.08806076e+01 8.02914124e+01 8.34151306e+01
    8.22047577e+01 8.15925293e+01 8.07905960e+01 8.08539581e+01
    8.01393890e+01 7.94476700e+01 7.86113815e+01 7.83395538e+01
    7.30686340e+01 1.04819595e+02 1.04341125e+02 1.04672050e+02
    1.05482162e+02 1.05555779e+02 1.06154045e+02 1.06469231e+02
    1.06172455e+02 1.06086845e+02 1.05096558e+02 1.04398071e+02
    1.04391441e+02 1.03773590e+02 1.03463486e+02 1.02714920e+02
    6.72018890e+01 6.67273331e+01 6.70087051e+01 6.89159164e+01
    7.05921021e+01 7.09316559e+01 7.25730591e+01 7.41212921e+01
