<?xml version="1.0"?>
<opencv_storage>
<training_set_points type_id="opencv-matrix">
  <rows>34</rows>
  <cols>15</cols>
  <dt>f</dt>
  <data>
    8.68716125e+01 8.63630905e+01 8.55010300e+01 8.50648575e+01
    8.62511063e+01 8.73522415e+01 8.65418091e+01 8.75471420e+01
    8.69504929e+01 8.67903976e+01 8.67018051e+01 8.59919281e+01
    8.41333084e+01 8.17849960e+01 7.75896149e+01 8.55754395e+01
    8.43229141e+01 8.05759125e+01 7.78479004e+01 8.18548431e+01
    8.54911804e+01 8.36372528e+01 8.41725159e+01 8.43231812e+01
    8.50073547e+01 8.59716492e+01 8.51684647e+01 8.41687393e+01
    8.33572235e+01 7.94885712e+01 9.70896301e+01 1.09610245e+02
    1.09649048e+02 1.16692657e+02 1.09734306e+02 1.07303085e+02
    1.04293358e+02 9.68803940e+01 9.66613770e+01 1.02522758e+02
    1.05781784e+02 9.87087021e+01 8.88183060e+01 8.43069534e+01
    7.97866898e+01 8.40175095e+01 8.35158234e+01 8.31873016e+01
    8.38419342e+01 8.34214096e+01 8.26905899e+01 8.26906586e+01
    8.36259995e+01 8.28733826e+01 8.14046402e+01 8.13416672e+01
    8.02199860e+01 7.60909195e+01 7.23859253e+01 7.47373810e+01
    8.06257095e+01 8.06524582e+01 8.10822983e+01 8.18437805e+01
    8.28715210e+01 8.35090179e+01 8.35041809e+01 8.32596741e+01
    8.22715225e+01 8.17883759e+01 8.18462448e+01 8.00394592e+01
    7.86790009e+01 8.04589996e+01 8.28957291e+01 9.55525208e+01
    8.91283951e+01 8.29922638e+01 8.26933212e+01 8.28702393e+01
    8.38961487e+01 8.34053421e+01 8.45518188e+01 8.47736435e+01
    8.23519516e+01 8.23826141e+01 8.10008698e+01 7.94178619e+01
    7.83738785e+01 7.89282684e+01 8.85590057e+01 8.80620041e+01
    8.67426453e+01 8.56623993e+01 8.84356155e+01 9.03169479e+01
    8.81121597e+01 9.06908112e+01 9.04396133e+01 8.97920227e+01
    9.00813828e+01 8.88065643e+01 8.40325089e+01 8.35529251e+01
    8.37167816e+01 8.23612976e+01 8.21449127e+01 7.94171906e+01
    7.98252411e+01 8.28421555e+01 8.32361832e+01 7.98133926e+01
    8.31995697e+01 8.22265625e+01 8.19127197e+01 8.18198929e+01
    7.91535263e+01 7.59554520e+01 7.33963699e+01 7.27753754e+01
    8.17757645e+01 8.04450684e+01 7.79258728e+01 7.63543320e+01
    7.79176178e+01 7.85109177e+01 7.67013931e+01 8.05478134e+01
    8.06867676e+01 7.79841690e+01 7.87094803e+01 8.05059586e+01
    8.08281326e+01 8.07073364e+01 8.13406906e+01 7.47200928e+01
    7.73856049e+01 7.97060471e+01 7.91183777e+01 8.06429443e+01
    8.26850128e+01 8.14884720e+01 8.35875702e+01 8.32969666e+01
    8.22046585e+01 8.26998215e+01 8.38456421e+01 8.17513657e+01
    7.47137985e+01 8.36430817e+01 7.68171310e+01 8.00436478e+01
    8.26627045e+01 8.56310120e+01 8.10334854e+01 7.90251923e+01
    8.14519958e+01 7.68602982e+01 7.86539612e+01 7.84474640e+01
    8.15435410e+01 8.25826721e+01 8.29692917e+01 8.34697189e+01
    8.19202347e+01 8.17060776e+01 7.97668686e+01 8.37131348e+01
    8.25944061e+01 8.00951233e+01 8.24785156e+01 8.34461365e+01
    8.07044220e+01 8.20899887e+01 8.13182526e+01 8.23563080e+01
    8.30734711e+01 8.27898102e+01 8.29900360e+01 8.13755875e+01
    8.41021347e+01 8.51644821e+01 8.63192444e+01 8.98492737e+01
    8.69104767e+01 8.14866180e+01 8.47162933e+01 9.46220551e+01
    9.18475494e+01 8.71831970e+01 9.44184952e+01 1.00154709e+02
    9.64584427e+01 8.99214783e+01 8.53512421e+01 7.63367157e+01
    7.34796295e+01 6.94218445e+01 6.61328125e+01 7.29163895e+01
    7.68133011e+01 7.25151520e+01 7.70102158e+01 7.44600067e+01
    7.44331436e+01 7.31571426e+01 6.48102112e+01 5.72001038e+01
    5.01948128e+01 5.04877853e+01 6.07187080e+01 5.94428177e+01
    5.91647644e+01 5.95962830e+01 5.70069427e+01 5.57588310e+01
    5.77162437e+01 5.86085892e+01 5.81892281e+01 5.55086517e+01
    5.61480522e+01 5.60746803e+01 5.51983871e+01 5.47488289e+01
    5.74479637e+01 7.71431885e+01 7.49252167e+01 7.20828552e+01
    6.86356964e+01 7.17053680e+01 7.63504181e+01 7.23481827e+01
    7.87266235e+01 8.13674393e+01 7.86800308e+01 8.09066772e+01
    8.23225937e+01 8.33767548e+01 8.45176163e+01 8.55873489e+01
    8.01756744e+01 7.73541870e+01 7.43429337e+01 7.38158112e+01
    7.39142456e+01 7.33933716e+01 7.22874756e+01 7.55938644e+01
    7.59776230e+01 7.32567291e+01 7.39659271e+01 7.57496796e+01
    7.76667786e+01 8.04921112e+01 8.20137634e+01 8.33984528e+01
    8.28536530e+01 8.06581955e+01 8.15211487e+01 8.36864929e+01
    8.46249542e+01 8.21315308e+01 8.50570755e+01 8.47605820e+01
    8.38426819e+01 8.42673950e+01 8.54343109e+01 8.72008362e+01
    8.95126343e+01 9.05245972e+01 8.29660645e+01 8.34919891e+01
    8.59972305e+01 8.70726395e+01 8.60325241e+01 9.09210434e+01
    8.87700500e+01 8.72420044e+01 8.55077515e+01 8.67253952e+01
    8.55969009e+01 8.38610306e+01 8.20278778e+01 7.98420868e+01
    7.70009232e+01 6.44406204e+01 6.42461700e+01 6.60908203e+01
    6.52065582e+01 6.63347626e+01 7.01588440e+01 6.92849426e+01
    6.56574020e+01 6.20803947e+01 6.40729980e+01 6.28956490e+01
    5.60562592e+01 5.18550339e+01 5.00949173e+01 5.19003067e+01
    9.11019974e+01 9.05298538e+01 9.00443115e+01 9.07361526e+01
    9.04179688e+01 9.05979385e+01 9.10746841e+01 9.18986816e+01
    9.15102158e+01 9.02791824e+01 9.02218323e+01 9.24653473e+01
    9.37813263e+01 9.33008957e+01 9.07929688e+01 8.36690903e+01
    8.05535202e+01 7.77913208e+01 7.75986176e+01 7.89107132e+01
    8.10931396e+01 7.70214539e+01 8.27481689e+01 8.34928284e+01
    8.17090073e+01 8.27427063e+01 8.41377335e+01 8.46633377e+01
    8.54738007e+01 8.57536926e+01 5.92010498e+01 6.26538620e+01
    6.29314957e+01 6.13806229e+01 6.40772018e+01 6.55317688e+01
    6.18606110e+01 6.29435349e+01 6.22040596e+01 6.17820930e+01
    6.13420525e+01 6.07878265e+01 5.31345139e+01 4.68099136e+01
    4.66241112e+01 8.92142792e+01 9.20914536e+01 9.41200027e+01
    9.65568390e+01 9.63347473e+01 9.57798462e+01 9.99495697e+01
    9.25346832e+01 9.00539246e+01 9.21968613e+01 9.03646698e+01
    8.82211609e+01 8.62108536e+01 8.37767258e+01 8.22856369e+01
    8.78993225e+01 9.05461121e+01 9.63356934e+01 9.99607468e+01
    9.42174072e+01 9.16932526e+01 1.01927711e+02 8.89469910e+01
    8.72790680e+01 8.87214890e+01 8.74171066e+01 8.58689499e+01
    8.38011932e+01 8.23666153e+01 8.20681458e+01 7.36694717e+01
    7.37682190e+01 7.78042526e+01 7.84866486e+01 7.97484741e+01
    8.08489151e+01 7.98993073e+01 7.45523911e+01 7.44653625e+01
    7.85236969e+01 7.95226440e+01 7.92133484e+01 7.85812836e+01
    7.88681717e+01 7.93693542e+01 7.10723877e+01 7.29650192e+01
    7.45261383e+01 7.37360001e+01 7.54978714e+01 7.77926331e+01
    7.72777328e+01 7.81800995e+01 7.82719193e+01 7.68835144e+01
    7.79698868e+01 8.06102295e+01 8.23445740e+01 8.51018600e+01
    8.60260315e+01 7.77879333e+01 7.88877411e+01 7.91304855e+01
    8.04101791e+01 8.04323349e+01 8.05133209e+01 8.15418777e+01
    7.98259506e+01 7.89633942e+01 7.88530731e+01 7.85037842e+01
    7.85835114e+01 7.87714157e+01 7.92657166e+01 7.83367004e+01
    6.28412514e+01 6.38607063e+01 6.46386719e+01 6.35575218e+01
    6.60412827e+01 6.88787994e+01 6.81175461e+01 6.90714722e+01
    6.89205627e+01 6.80861893e+01 6.88871460e+01 7.04020233e+01
    7.14188004e+01 7.35967026e+01 7.39685287e+01 6.03265991e+01
    6.01762848e+01 6.27540779e+01 6.31736259e+01 6.31756325e+01
    6.46799545e+01 6.60358810e+01 6.52300339e+01 6.48197784e+01
    6.40815201e+01 6.50087128e+01 6.61985550e+01 6.63383484e+01
    6.71100998e+01 6.79695435e+01 8.04370422e+01 8.05008240e+01
    7.93940353e+01 7.81720886e+01 8.06442719e+01 8.27746429e+01
    8.10118790e+01 8.32913132e+01 8.24654083e+01 8.20888138e+01
    8.19637909e+01 8.23574677e+01 8.33923111e+01 8.57585220e+01
    8.65451736e+01 8.17338409e+01 8.27301636e+01 8.36777344e+01
    8.42842712e+01 8.38097992e+01 8.36398544e+01 8.45769653e+01
    8.28872910e+01 8.20628281e+01 8.17836990e+01 8.14757996e+01
    8.16741943e+01 8.15334015e+01 8.12912292e+01 7.93116684e+01
    7.92513351e+01 7.84756012e+01 7.74307632e+01 7.71181717e+01
    7.85815125e+01 7.90363770e+01 7.83811646e+01 7.96682205e+01
