<?xml version="1.0"?>
<opencv_storage>
<training_set_points type_id="opencv-matrix">
  <rows>60</rows>
  <cols>15</cols>
  <dt>f</dt>
  <data>
    8.26102448e+01 8.71092987e+01 1.08377327e+02 7.91444168e+01
    7.80608902e+01 7.87249985e+01 7.95794601e+01 8.18104935e+01
    8.04106979e+01 7.81979218e+01 8.07285309e+01 7.78226700e+01
    7.76552353e+01 7.93802490e+01 7.97431030e+01 6.07385712e+01
    6.32017136e+01 6.56571960e+01 6.42332764e+01 6.50690231e+01
    6.53917389e+01 6.62528229e+01 6.52230835e+01 6.48334198e+01
    6.45227051e+01 6.48364487e+01 6.49371643e+01 6.54040985e+01
    6.51304398e+01 6.49750519e+01 5.37076225e+01 5.82024345e+01
    6.13026276e+01 6.18533859e+01 6.12710724e+01 6.07001266e+01
    6.39112053e+01 6.20272560e+01 6.21851044e+01 5.84089508e+01
    5.91267471e+01 5.80076065e+01 5.77802734e+01 6.06481781e+01
    6.04877090e+01 8.92554016e+01 8.69042892e+01 7.78001404e+01
    8.04717331e+01 7.84419403e+01 8.08320541e+01 8.31226196e+01
    8.48831787e+01 8.63704300e+01 8.14061890e+01 8.21770248e+01
    8.13479004e+01 7.96732864e+01 8.70484543e+01 8.55655823e+01
    1.45719955e+02 1.04642891e+02 8.61306992e+01 8.25850906e+01
    9.84990997e+01 1.00288803e+02 8.04020691e+01 9.32774658e+01
    9.79796066e+01 8.08600311e+01 8.33482895e+01 8.32090149e+01
    8.38745193e+01 8.77455215e+01 9.27019806e+01 6.34126472e+01
    6.50619202e+01 6.82144089e+01 6.78664169e+01 6.91987610e+01
    7.00956879e+01 7.26807861e+01 7.19862442e+01 7.28063660e+01
    7.68616638e+01 7.87024612e+01 7.96524429e+01 8.23475418e+01
    8.04749603e+01 8.05650558e+01 5.76977654e+01 5.49551544e+01
    5.83221245e+01 5.87185097e+01 5.79256363e+01 5.90766945e+01
    6.22179260e+01 5.87311249e+01 5.96068954e+01 6.12238770e+01
    6.27886734e+01 6.43216629e+01 6.75586624e+01 6.21171341e+01
    6.21776886e+01 9.60574722e+01 8.03104401e+01 8.20959549e+01
    8.82098236e+01 7.97959061e+01 7.87721939e+01 7.82380295e+01
    7.81553802e+01 7.89930801e+01 8.14934387e+01 8.52359314e+01
    8.35214691e+01 8.56356735e+01 8.52184677e+01 8.56681595e+01
    5.45267563e+01 5.84665871e+01 6.08033104e+01 6.07404518e+01
    6.04975281e+01 6.05427475e+01 6.36108742e+01 6.13534164e+01
    6.10669556e+01 6.15990524e+01 6.17807503e+01 6.22751846e+01
    6.17115059e+01 6.30914917e+01 6.32241821e+01 8.96473389e+01
    8.13263779e+01 7.52861176e+01 7.48565979e+01 7.58317871e+01
    7.67922745e+01 8.05629959e+01 7.99923172e+01 8.12382584e+01
    8.27798615e+01 8.41591949e+01 8.45267715e+01 8.55864029e+01
    8.65690918e+01 8.70872345e+01 7.24758453e+01 7.24058609e+01
    7.07197647e+01 7.34146500e+01 7.39044647e+01 7.59062119e+01
    7.88148651e+01 8.03155289e+01 8.03823547e+01 8.12484741e+01
    8.20699005e+01 8.26777802e+01 8.34551392e+01 8.43594971e+01
    8.42895432e+01 6.63842545e+01 6.17523079e+01 6.66626663e+01
    6.80974274e+01 6.96009521e+01 7.14003830e+01 7.41022186e+01
    7.44450607e+01 7.57802124e+01 7.79470825e+01 7.92216263e+01
    7.87636414e+01 7.79100494e+01 8.03818054e+01 8.11534805e+01
    9.54380951e+01 8.37285614e+01 8.23219070e+01 8.42999039e+01
    8.67929611e+01 8.83986053e+01 8.50627365e+01 9.19167023e+01
    9.09218597e+01 8.52481232e+01 8.79212036e+01 8.65931015e+01
    8.83605652e+01 8.88493271e+01 8.77395401e+01 7.88687439e+01
    7.58597565e+01 7.45934830e+01 7.69233551e+01 7.79729691e+01
    7.98195343e+01 8.15280609e+01 8.26667175e+01 8.34230042e+01
    8.35285263e+01 8.48703232e+01 8.42761307e+01 8.47931061e+01
    8.59186478e+01 8.42558746e+01 6.16412430e+01 6.31417809e+01
    6.54505310e+01 6.97510071e+01 7.02831116e+01 7.21216660e+01
    7.52145615e+01 7.57788849e+01 7.74694061e+01 7.64867477e+01
    7.67200699e+01 7.67289581e+01 7.63130035e+01 8.05004959e+01
    8.10215073e+01 5.53031158e+01 5.90724487e+01 6.14171333e+01
    6.02159386e+01 6.06118698e+01 6.07160950e+01 6.19744263e+01
    6.03371620e+01 5.96456871e+01 5.86128883e+01 5.91744995e+01
    5.96591492e+01 6.08574524e+01 5.89128075e+01 5.87053604e+01
    6.37955551e+01 7.24598007e+01 7.86011581e+01 7.72742538e+01
    7.98142929e+01 8.16763306e+01 8.67323685e+01 8.81460419e+01
    8.74893112e+01 9.37314529e+01 1.00596138e+02 9.40790634e+01
    9.22627029e+01 9.02138519e+01 8.97275162e+01 7.86538925e+01
    7.76387558e+01 7.41333008e+01 7.44200287e+01 7.65958405e+01
    7.83110504e+01 7.81165695e+01 8.06443024e+01 8.05140915e+01
    7.84765549e+01 7.95655823e+01 7.90992279e+01 8.02253113e+01
    8.11257248e+01 8.12699280e+01 4.95693779e+01 5.08770256e+01
    5.45195160e+01 5.41781693e+01 5.47470932e+01 5.53764801e+01
    5.75973358e+01 5.52986069e+01 5.55064430e+01 5.50864143e+01
    5.52626457e+01 5.61591644e+01 5.67360878e+01 5.68304024e+01
    5.77093010e+01 6.34698486e+01 7.16111526e+01 7.47435837e+01
    7.91756210e+01 8.16631088e+01 8.37591782e+01 8.55312729e+01
    8.75777817e+01 8.83573761e+01 8.93117828e+01 9.08046494e+01
    9.00383682e+01 8.95688095e+01 9.09971008e+01 9.17227936e+01
    7.91565628e+01 7.60841904e+01 8.23504105e+01 8.15743942e+01
    8.49799194e+01 8.66036377e+01 8.87236023e+01 9.14094849e+01
    9.10292358e+01 9.11208115e+01 9.19432373e+01 9.21535873e+01
    9.15067825e+01 9.26567078e+01 9.26360474e+01 6.69658279e+01
    6.76463394e+01 6.96431274e+01 7.01951599e+01 7.17317963e+01
    7.36103821e+01 7.35877533e+01 7.49906921e+01 7.58498993e+01
    7.34547195e+01 7.39215698e+01 7.34119644e+01 7.37999420e+01
    7.58946075e+01 7.65335693e+01 8.11383743e+01 7.88801498e+01
    8.27169952e+01 8.22895355e+01 8.52644730e+01 8.75072937e+01
    8.65758438e+01 8.89524384e+01 8.96921768e+01 9.13680038e+01
    9.25644760e+01 9.35993576e+01 9.29970474e+01 9.24082718e+01
    9.03658295e+01 7.96905899e+01 7.86396027e+01 7.93881683e+01
    8.13598862e+01 8.09059448e+01 8.16981735e+01 8.11671906e+01
    8.26699677e+01 8.35793381e+01 8.17314301e+01 8.23178482e+01
    8.14597778e+01 8.04109192e+01 8.40760345e+01 8.40064240e+01
    5.98127747e+01 6.62534637e+01 7.83442841e+01 8.11381149e+01
    8.49763565e+01 8.70197067e+01 8.86631622e+01 9.07458038e+01
    9.16578522e+01 9.10935211e+01 9.21803360e+01 9.09016953e+01
    9.05467682e+01 9.22465668e+01 9.19109650e+01 5.01112671e+01
    5.32593689e+01 5.49232597e+01 5.48272629e+01 5.53299026e+01
    5.58679161e+01 5.84412422e+01 5.63159790e+01 5.64546089e+01
    5.52922707e+01 5.52597313e+01 5.57151337e+01 5.56070251e+01
    5.68511200e+01 5.74860916e+01 9.05307159e+01 8.09570694e+01
    8.14744034e+01 8.15561829e+01 8.49113846e+01 8.60762100e+01
    8.56422272e+01 8.81326752e+01 8.78909378e+01 9.16142731e+01
    9.36777802e+01 9.46757812e+01 9.54396973e+01 9.19489288e+01
    9.19193649e+01 6.36964607e+01 8.46322479e+01 9.34921570e+01
    7.81422424e+01 8.62243423e+01 8.80040665e+01 8.26892776e+01
    8.58506622e+01 8.80516968e+01 8.15554810e+01 7.95878372e+01
    8.07611618e+01 7.36287384e+01 8.71465607e+01 8.75135498e+01
    5.83196487e+01 7.05966644e+01 7.80807266e+01 8.26125946e+01
    8.77904968e+01 9.04669342e+01 8.87912674e+01 9.22889252e+01
    9.27179337e+01 9.01687851e+01 9.08386154e+01 8.98395538e+01
    8.99159393e+01 9.14062653e+01 9.27854233e+01 5.17322998e+01
    5.31713829e+01 5.48910828e+01 5.61276627e+01 5.59311943e+01
    5.63844910e+01 6.02688789e+01 5.78670425e+01 5.82833405e+01
    5.80073357e+01 5.79144058e+01 5.87442932e+01 5.87183418e+01
    6.02575874e+01 6.07532234e+01 5.61566544e+01 5.99456482e+01
    6.23981934e+01 6.15679245e+01 6.16763382e+01 6.17420616e+01
    6.39621277e+01 6.22439575e+01 6.17466583e+01 6.12842102e+01
    6.16992226e+01 6.22985001e+01 6.31081238e+01 6.23179092e+01
    6.23423615e+01 5.93792648e+01 6.64478683e+01 7.72489471e+01
    8.28494415e+01 8.79139175e+01 9.06026459e+01 9.23918839e+01
    9.35487976e+01 9.47987518e+01 9.64739838e+01 9.66054764e+01
    9.63688736e+01 9.39240952e+01 9.64813538e+01 9.70056610e+01
    5.16815872e+01 5.49043770e+01 5.60533028e+01 5.70301933e+01
    5.69926834e+01 5.74301910e+01 6.13323631e+01 5.82408485e+01
