<?xml version="1.0"?>
<opencv_storage>
<training_set_points type_id="opencv-matrix">
  <rows>60</rows>
  <cols>15</cols>
  <dt>f</dt>
  <data>
    1.05193634e+02 1.05787033e+02 1.05685013e+02 1.06855827e+02
    1.07234428e+02 1.06902817e+02 1.10991661e+02 1.07705261e+02
    1.08042465e+02 1.08193031e+02 1.07960709e+02 1.07936020e+02
    1.08386269e+02 1.09029129e+02 1.09162758e+02 1.04934982e+02
    1.05846489e+02 1.06949631e+02 1.08124542e+02 1.08993309e+02
    1.09488853e+02 1.12952026e+02 1.10462639e+02 1.10246521e+02
    1.10570923e+02 1.11493561e+02 1.11427055e+02 1.12396233e+02
    1.12721390e+02 1.13473114e+02 1.07493919e+02 1.09210052e+02
    1.09023232e+02 1.09297394e+02 1.09782997e+02 1.10772156e+02
    1.14154724e+02 1.11719559e+02 1.11400734e+02 1.11000801e+02
    1.11277451e+02 1.11696419e+02 1.12194496e+02 1.12571724e+02
    1.13513268e+02 8.63517685e+01 8.71791000e+01 8.66538925e+01
    8.57726822e+01 8.66682053e+01 8.75792694e+01 9.37977524e+01
    8.92698135e+01 8.91816254e+01 8.92534714e+01 9.02229919e+01
    9.09216003e+01 9.17275162e+01 9.31928711e+01 9.41200638e+01
    1.04779480e+02 1.05870346e+02 1.06189079e+02 1.06147095e+02
    1.06209167e+02 1.07140114e+02 1.11084572e+02 1.08377975e+02
    1.08051323e+02 1.06932396e+02 1.07708107e+02 1.07685555e+02
    1.07691772e+02 1.07686020e+02 1.08538940e+02 1.25139671e+02
    1.20738541e+02 1.22722275e+02 1.24785309e+02 1.24938690e+02
    1.25853912e+02 1.27587013e+02 1.26667343e+02 1.25694290e+02
    1.25152039e+02 1.25607819e+02 1.24873642e+02 1.25981689e+02
    1.25736694e+02 1.25811974e+02 1.10148613e+02 1.11981712e+02
    1.11706535e+02 1.10586327e+02 1.10955681e+02 1.11066811e+02
    1.14200775e+02 1.12164009e+02 1.10605492e+02 1.09706787e+02
    1.09978096e+02 1.10818558e+02 1.09777267e+02 1.10347305e+02
    1.10802399e+02 9.27548599e+01 9.27777863e+01 9.26684418e+01
    9.20257492e+01 9.26812515e+01 9.32785034e+01 9.87979965e+01
    9.52930832e+01 9.44757767e+01 9.38685303e+01 9.47272491e+01
    9.51355362e+01 9.51545715e+01 9.61822128e+01 9.66663742e+01
    1.01681740e+02 1.02257767e+02 1.01428200e+02 1.00185783e+02
    1.01135506e+02 1.01729141e+02 1.05719604e+02 1.02923401e+02
    1.01625305e+02 1.00734863e+02 1.01374222e+02 1.01041641e+02
    1.00612381e+02 1.00827858e+02 1.01766754e+02 1.14945969e+02
    1.15629784e+02 1.14280533e+02 1.13365303e+02 1.13137413e+02
    1.13990646e+02 1.16263756e+02 1.14392944e+02 1.13211014e+02
    1.12066994e+02 1.12742676e+02 1.13327415e+02 1.12410645e+02
    1.12043335e+02 1.12670715e+02 8.24784470e+01 8.27861252e+01
    8.39982834e+01 8.43187714e+01 8.60437164e+01 8.82109375e+01
    8.96867752e+01 9.10962982e+01 9.24644012e+01 9.48730850e+01
    9.52576447e+01 9.62338638e+01 9.92156525e+01 1.00756363e+02
    1.01899719e+02 1.16084389e+02 1.16527290e+02 1.16057480e+02
    1.14353577e+02 1.14715591e+02 1.14956535e+02 1.17392761e+02
    1.15513451e+02 1.14121704e+02 1.13525284e+02 1.14312813e+02
    1.14247154e+02 1.13770500e+02 1.14089836e+02 1.15073959e+02
    7.62156906e+01 7.82526627e+01 8.04702377e+01 8.12035522e+01
    8.27613907e+01 8.51019211e+01 8.71919785e+01 8.90204315e+01
    9.00192642e+01 9.11131287e+01 9.27197266e+01 9.35792465e+01
    9.49409943e+01 9.62831879e+01 9.69547424e+01 7.89432678e+01
    7.89857101e+01 7.94264755e+01 7.87764053e+01 7.99886932e+01
    8.15067825e+01 8.22831192e+01 8.38254166e+01 8.35563812e+01
    8.39631348e+01 8.45015793e+01 8.54048233e+01 8.67695847e+01
    8.76209106e+01 8.87113266e+01 7.63957672e+01 7.69944000e+01
    7.84559784e+01 7.91931305e+01 8.06778488e+01 8.32042007e+01
    8.47480392e+01 8.61235886e+01 8.76961365e+01 8.81375046e+01
    8.91325836e+01 9.01710205e+01 9.18177032e+01 9.31374359e+01
    9.46906891e+01 8.23092575e+01 8.37827682e+01 8.57100449e+01
    8.66877213e+01 8.80047150e+01 8.91478424e+01 9.06861572e+01
    9.22951431e+01 9.28018417e+01 9.23053665e+01 9.34433212e+01
    9.46121826e+01 9.39636612e+01 9.47759552e+01 9.61777496e+01
    8.19585495e+01 8.28753281e+01 8.39561462e+01 8.55653915e+01
    8.66275635e+01 8.82505188e+01 8.99093018e+01 9.11427383e+01
    9.19794083e+01 9.20737915e+01 9.29254150e+01 9.39602737e+01
    9.42625656e+01 9.49036865e+01 9.62312088e+01 7.33815842e+01
    7.38535309e+01 7.45109482e+01 7.40448456e+01 7.53504105e+01
    7.71134796e+01 7.79229584e+01 7.90344772e+01 7.91090088e+01
    7.91994705e+01 8.00338516e+01 8.11056366e+01 8.16789474e+01
    8.23751068e+01 8.30218048e+01 7.00181732e+01 7.02676468e+01
    7.10853271e+01 7.08032608e+01 7.24689484e+01 7.38488693e+01
    7.49835205e+01 7.63140564e+01 7.69682007e+01 7.75611572e+01
    7.87104034e+01 7.93525009e+01 8.09793549e+01 8.19182892e+01
    8.31913300e+01 1.11804619e+02 1.13119499e+02 1.13860626e+02
    1.12423172e+02 1.12996338e+02 1.13416550e+02 1.17068161e+02
    1.15166260e+02 1.13963028e+02 1.13547768e+02 1.14270561e+02
    1.14383003e+02 1.13873947e+02 1.14167847e+02 1.14760818e+02
    8.62442017e+01 8.17203140e+01 8.10295944e+01 8.08268433e+01
    8.18227844e+01 8.28166504e+01 8.31020966e+01 8.42303543e+01
    8.41409073e+01 8.27293625e+01 8.30279312e+01 8.37388763e+01
    8.31785965e+01 8.31257095e+01 8.41364212e+01 7.73235397e+01
    7.58376541e+01 7.56982803e+01 7.58122711e+01 7.67453842e+01
    7.92133865e+01 7.98000336e+01 8.04190292e+01 8.10659027e+01
    7.99300461e+01 8.10381851e+01 8.14694672e+01 8.07585297e+01
    8.15774765e+01 8.28822556e+01 6.96883774e+01 6.85888214e+01
    6.82940369e+01 6.77521515e+01 6.92141037e+01 7.03973999e+01
    7.13761292e+01 7.25809250e+01 7.27253189e+01 7.21679764e+01
    7.29416351e+01 7.32911224e+01 7.30457458e+01 7.36017990e+01
    7.51777954e+01 6.50841217e+01 6.33940201e+01 6.38540039e+01
    6.42945938e+01 6.57610092e+01 6.75964432e+01 7.68828201e+01
    7.04249649e+01 7.08394623e+01 6.95972137e+01 7.09359665e+01
    7.17948608e+01 7.11285248e+01 7.13530807e+01 7.27156219e+01
    6.20185394e+01 6.16580582e+01 6.32206573e+01 6.56930237e+01
    6.88967667e+01 7.21477661e+01 8.21679535e+01 7.68300552e+01
    7.74221497e+01 7.57901993e+01 7.69821167e+01 7.82109756e+01
    7.61293945e+01 7.56596527e+01 7.69088287e+01 1.15907837e+02
    1.17885269e+02 1.18352608e+02 1.18414642e+02 1.19981171e+02
    1.20090034e+02 1.22974426e+02 1.22176735e+02 1.21214615e+02
    1.21112801e+02 1.21509422e+02 1.21651581e+02 1.21939751e+02
    1.21920433e+02 1.22557037e+02 7.13979263e+01 7.76608734e+01
    8.22538376e+01 8.72110062e+01 9.10121613e+01 9.25872040e+01
    9.62674179e+01 9.83987274e+01 9.97066803e+01 1.02467903e+02
    1.04044540e+02 1.05788429e+02 1.08006462e+02 1.08697975e+02
    1.09965530e+02 6.31809387e+01 6.67900848e+01 7.23516083e+01
    7.62055435e+01 8.05102005e+01 8.37890625e+01 8.68849258e+01
    9.03771744e+01 9.36064911e+01 9.61163635e+01 9.82113571e+01
    1.00308784e+02 1.02871422e+02 1.04416359e+02 1.06024689e+02
    5.75878334e+01 6.32447281e+01 7.09487915e+01 7.44614029e+01
    7.81844559e+01 8.08179016e+01 8.33353882e+01 8.63825150e+01
    8.81036682e+01 8.96374664e+01 9.12063751e+01 9.29721451e+01
    9.49013062e+01 9.60729980e+01 9.74874268e+01 1.17284630e+02
    1.18556198e+02 1.18833565e+02 1.18472412e+02 1.19556168e+02
    1.20605080e+02 1.22728043e+02 1.21829338e+02 1.21735565e+02
    1.21688759e+02 1.21823624e+02 1.21636223e+02 1.22147827e+02
    1.22873878e+02 1.22943024e+02 7.76656189e+01 8.07801819e+01
    8.54140701e+01 8.98448563e+01 9.30972748e+01 9.62686920e+01
    1.00302498e+02 1.02348686e+02 1.04165688e+02 1.08126236e+02
    1.09782852e+02 1.11800034e+02 1.15990479e+02 1.17893883e+02
    1.18884003e+02 6.35414429e+01 6.60479736e+01 7.09651108e+01
    7.56332703e+01 7.98562088e+01 8.22831268e+01 8.61603699e+01
    8.92816696e+01 9.06046906e+01 9.44757996e+01 9.56241455e+01
    9.71005707e+01 9.94946976e+01 1.01110870e+02 1.01620575e+02
    8.62974167e+01 8.93061447e+01 9.52331238e+01 9.95959930e+01
    1.04774620e+02 1.08571442e+02 1.12045410e+02 1.15186020e+02
