<?xml version="1.0"?>
<opencv_storage>
<training_set_points type_id="opencv-matrix">
  <rows>60</rows>
  <cols>15</cols>
  <dt>f</dt>
  <data>
    1.08660675e+02 1.10341095e+02 1.11685898e+02 1.11019707e+02
    1.12173035e+02 1.13500771e+02 1.14598267e+02 1.15229965e+02
    1.12884842e+02 1.11248322e+02 1.12192970e+02 1.12243973e+02
    1.11328659e+02 1.12506287e+02 1.12043579e+02 1.04072281e+02
    1.07126076e+02 1.08414841e+02 1.07937340e+02 1.09191338e+02
    1.10877228e+02 1.11992340e+02 1.12196350e+02 1.10043053e+02
    1.08392799e+02 1.08958191e+02 1.09349854e+02 1.08916473e+02
    1.08847160e+02 1.08764854e+02 9.93949661e+01 1.01304604e+02
    1.04113464e+02 1.02774307e+02 1.05204712e+02 1.05990463e+02
    1.06042976e+02 1.06419380e+02 1.04936043e+02 1.02428009e+02
    1.02383080e+02 1.03139191e+02 1.02686348e+02 1.03400307e+02
    1.03333649e+02 1.11111496e+02 1.12656288e+02 1.13853477e+02
    1.13005173e+02 1.14084473e+02 1.15295288e+02 1.15863243e+02
    1.16056801e+02 1.13652153e+02 1.11906258e+02 1.12457329e+02
    1.12238678e+02 1.11351089e+02 1.12437050e+02 1.11323586e+02
    8.59333954e+01 8.79801941e+01 9.11589661e+01 9.06753616e+01
    9.32205658e+01 9.46280746e+01 9.60869446e+01 9.66248550e+01
    9.44667435e+01 9.27204285e+01 9.32904968e+01 9.30962067e+01
    9.29686279e+01 9.27850113e+01 9.27081146e+01 9.15226898e+01
    9.30942459e+01 9.45581589e+01 9.35347137e+01 9.54386978e+01
    9.69668274e+01 9.79001999e+01 9.84720764e+01 9.66723099e+01
    9.47341156e+01 9.47587280e+01 9.50978851e+01 9.48718185e+01
    9.54292297e+01 9.57340012e+01 9.85173416e+01 1.00252953e+02
    1.00881760e+02 1.00353409e+02 1.02301506e+02 1.03505898e+02
    1.04251312e+02 1.04581230e+02 1.02586304e+02 1.00989098e+02
    1.01178482e+02 1.01434822e+02 1.00993912e+02 1.01173653e+02
    1.01273247e+02 9.26809998e+01 9.50481873e+01 9.59161530e+01
    9.45728378e+01 9.58852081e+01 9.79185715e+01 9.86583939e+01
    9.86941528e+01 9.65571747e+01 9.52853165e+01 9.55217590e+01
    9.53426590e+01 9.29853973e+01 9.61683350e+01 9.52136459e+01
    9.55054474e+01 9.79062195e+01 9.99559174e+01 9.95444565e+01
    1.01010597e+02 1.03086433e+02 1.04032066e+02 1.04763885e+02
    1.03249557e+02 1.01931778e+02 1.02785805e+02 1.03188545e+02
    1.02139397e+02 1.03765366e+02 1.03549881e+02 1.11630478e+02
    1.13171471e+02 1.14772011e+02 1.13720604e+02 1.15188774e+02
    1.16158203e+02 1.16482567e+02 1.17175125e+02 1.15698822e+02
    1.12973938e+02 1.13215347e+02 1.14127892e+02 1.14480988e+02
    1.13910461e+02 1.14513321e+02 8.39273071e+01 8.53237076e+01
    8.81708069e+01 8.78751450e+01 9.01858826e+01 9.19796982e+01
    9.24022751e+01 9.39710083e+01 9.30764847e+01 9.05013733e+01
    9.09881744e+01 9.17496338e+01 9.20110092e+01 9.15248795e+01
    9.22228088e+01 8.77484055e+01 8.89890289e+01 9.02133026e+01
    8.95450363e+01 9.14319000e+01 9.34528580e+01 9.50476837e+01
    9.57325211e+01 9.46756821e+01 9.33838348e+01 9.38303680e+01
    9.48552170e+01 9.47206192e+01 9.44204559e+01 9.50197830e+01
    8.95027771e+01 9.07291260e+01 9.25728226e+01 9.15943451e+01
    9.38037720e+01 9.52997971e+01 9.65911407e+01 9.71777649e+01
    9.59681396e+01 9.37342300e+01 9.43926086e+01 9.49088135e+01
    9.42639008e+01 9.52581329e+01 9.59379272e+01 1.00038612e+02
    1.01242760e+02 1.02512711e+02 1.01603523e+02 1.03050636e+02
    1.04914268e+02 1.05212273e+02 1.05758522e+02 1.03955841e+02
    1.02612389e+02 1.02995270e+02 1.03476646e+02 1.01419601e+02
    1.04332016e+02 1.04025894e+02 8.43656616e+01 8.69358749e+01
    8.83871918e+01 8.72287216e+01 8.87075195e+01 9.02290955e+01
    9.11356735e+01 9.17552414e+01 9.08579483e+01 8.93219833e+01
    8.97935944e+01 9.06093216e+01 9.06467285e+01 9.07148743e+01
    9.10459442e+01 8.06915359e+01 8.16173325e+01 8.18036118e+01
    8.04218292e+01 8.11469574e+01 8.31172638e+01 8.42487793e+01
    8.36064606e+01 8.26525955e+01 8.14940643e+01 8.27154007e+01
    8.29011002e+01 8.05234909e+01 8.48340912e+01 8.38414001e+01
    9.54593506e+01 9.70022507e+01 9.76340027e+01 9.62104721e+01
    9.70931396e+01 9.84375610e+01 9.86110992e+01 9.89232101e+01
    9.76049805e+01 9.60516891e+01 9.60250397e+01 9.67722015e+01
    9.62697144e+01 9.68144531e+01 9.73391571e+01 9.06091614e+01
    9.22147141e+01 9.29227371e+01 9.15547562e+01 9.28178406e+01
    9.49479675e+01 9.59049149e+01 9.61363754e+01 9.46692047e+01
    9.34306717e+01 9.46157227e+01 9.49944382e+01 9.30574493e+01
    9.61639633e+01 9.52528458e+01 8.99109421e+01 8.94372177e+01
    9.12905884e+01 8.90325623e+01 9.15087585e+01 9.31290359e+01
    9.31746597e+01 9.44827576e+01 9.42480927e+01 9.05688705e+01
    9.11751404e+01 9.18611526e+01 9.23549423e+01 9.22512970e+01
    9.25798721e+01 8.92091980e+01 9.06270981e+01 9.01061478e+01
    8.89579315e+01 8.96232986e+01 9.14071426e+01 9.24815750e+01
    9.24635544e+01 9.07628174e+01 8.91547928e+01 9.04222183e+01
    9.06847763e+01 8.89597473e+01 9.12337112e+01 9.05472946e+01
    9.80152054e+01 1.00619652e+02 1.01185104e+02 1.00011688e+02
    1.00611542e+02 1.01662468e+02 1.02643730e+02 1.02660202e+02
    1.00912979e+02 9.96618271e+01 1.00119202e+02 1.00911972e+02
    1.00180756e+02 1.01372795e+02 1.01555115e+02 8.46040039e+01
    8.59286575e+01 8.69388504e+01 8.53594131e+01 8.77339478e+01
    8.96625137e+01 9.06232147e+01 9.17076035e+01 9.08871613e+01
    8.92559967e+01 9.03274231e+01 9.01059494e+01 9.03542862e+01
    9.03475647e+01 8.97356186e+01 9.81411667e+01 1.00745438e+02
    9.95420761e+01 9.79649353e+01 9.88080826e+01 9.99348068e+01
    1.00849678e+02 1.01333069e+02 9.91389008e+01 9.76423721e+01
    9.80026245e+01 9.73788757e+01 9.78449326e+01 9.80973663e+01
    9.80997009e+01 9.41754761e+01 9.55564880e+01 9.72260437e+01
    9.60783463e+01 9.72699280e+01 9.86928787e+01 9.92927628e+01
    1.00611076e+02 9.89795074e+01 9.73733444e+01 9.78931580e+01
    9.86112289e+01 9.90646973e+01 9.87382660e+01 9.98830185e+01
    9.94231491e+01 1.00627983e+02 1.00768364e+02 9.80974045e+01
    9.92414398e+01 1.00440567e+02 1.00357918e+02 1.00716187e+02
    9.88414383e+01 9.76587524e+01 9.82455292e+01 9.83036270e+01
    9.76623306e+01 9.91074524e+01 9.91885834e+01 7.01434402e+01
    6.69986496e+01 7.13039780e+01 6.92154312e+01 7.24037628e+01
    7.40196762e+01 7.33366776e+01 7.55970306e+01 7.61599960e+01
    7.35045166e+01 7.31593018e+01 7.53069229e+01 7.74785767e+01
    7.60119095e+01 7.93389206e+01 8.83904114e+01 8.25427704e+01
    8.84198074e+01 8.48038025e+01 8.78672333e+01 8.98949890e+01
    8.91205444e+01 9.06375427e+01 9.07145844e+01 8.77141266e+01
    8.75439529e+01 8.89031677e+01 8.93595047e+01 8.96796799e+01
    9.24773560e+01 7.97925262e+01 8.16406250e+01 8.21274414e+01
    8.13825684e+01 8.25060883e+01 8.41760559e+01 8.53554459e+01
    8.53938141e+01 8.36426849e+01 8.22546082e+01 8.35424805e+01
    8.29746857e+01 8.26010818e+01 8.34789810e+01 8.30330887e+01
    7.49105530e+01 7.21291504e+01 7.73073730e+01 7.46403122e+01
    7.73482056e+01 7.92524109e+01 7.85602646e+01 8.01933823e+01
    8.01100082e+01 7.74924774e+01 7.70123520e+01 7.86622467e+01
    7.94244843e+01 7.95421066e+01 8.13582001e+01 7.01640625e+01
    7.11363144e+01 7.13538971e+01 7.16271515e+01 7.26850204e+01
    7.43268585e+01 7.64328918e+01 7.67670593e+01 7.45020599e+01
    7.40623169e+01 7.49779358e+01 7.45756683e+01 7.35348282e+01
    7.54995880e+01 7.42043152e+01 9.86448364e+01 9.95795364e+01
    1.00059860e+02 9.86932983e+01 9.96551895e+01 1.00838371e+02
    1.01659912e+02 1.02515686e+02 1.00843369e+02 9.93673401e+01
    9.99674988e+01 1.00618225e+02 1.00343742e+02 1.01002220e+02
    1.01512497e+02 6.59681778e+01 6.52497406e+01 6.89255676e+01
    6.84940948e+01 7.13489380e+01 7.38451233e+01 7.48679581e+01
    7.64958115e+01 7.59949417e+01 7.40507660e+01 7.45013809e+01
    7.58258438e+01 7.66690903e+01 7.52936935e+01 7.66079712e+01
    1.01320786e+02 1.01968040e+02 1.01663460e+02 9.97592010e+01
    9.99544373e+01 1.00908745e+02 1.01422180e+02 1.01789322e+02
