<?xml version="1.0"?>
<opencv_storage>
<training_set_points type_id="opencv-matrix">
  <rows>62</rows>
  <cols>15</cols>
  <dt>f</dt>
  <data>
    5.05780754e+01 5.22424850e+01 5.16757622e+01 5.40585213e+01
    5.59776840e+01 5.46205902e+01 5.57838860e+01 5.65630112e+01
    5.62325478e+01 5.51607437e+01 5.38226891e+01 5.28584747e+01
    5.34073334e+01 5.37790794e+01 5.34123306e+01 4.93207283e+01
    4.86144714e+01 4.98267517e+01 5.07838097e+01 4.99337387e+01
    5.10222626e+01 5.16687355e+01 5.12875938e+01 5.12089882e+01
    5.12761612e+01 4.99259644e+01 5.06670723e+01 5.11728554e+01
    5.24540710e+01 5.11582603e+01 8.19406662e+01 8.32906113e+01
    8.37463760e+01 8.38125992e+01 8.30975189e+01 8.34279709e+01
    8.32041016e+01 8.31627274e+01 8.42430496e+01 8.13041916e+01
    7.94088669e+01 8.10331802e+01 8.13271942e+01 8.17613220e+01
    8.12772446e+01 5.00893211e+01 5.08159599e+01 5.17871056e+01
    5.29206123e+01 5.31790695e+01 5.37582741e+01 5.39494019e+01
    5.34465256e+01 5.43150940e+01 5.53607063e+01 5.24346199e+01
    5.45451088e+01 5.63446007e+01 5.73869743e+01 5.43183556e+01
    1.07723976e+02 7.87111053e+01 5.71331444e+01 6.54622879e+01
    8.13109283e+01 6.37583160e+01 7.36013947e+01 9.89291840e+01
    7.74982681e+01 5.79612885e+01 5.55963860e+01 5.89466400e+01
    6.15800018e+01 6.31343040e+01 6.38937569e+01 5.24581528e+01
    5.42841339e+01 5.51153069e+01 5.93286591e+01 6.39491196e+01
    6.22782745e+01 6.82230377e+01 7.21761627e+01 6.83804092e+01
    6.33199921e+01 6.74053268e+01 6.28032379e+01 6.21551247e+01
    6.47109146e+01 6.07278519e+01 6.06286049e+01 6.25450363e+01
    6.43000565e+01 6.53823700e+01 6.18923569e+01 6.47461853e+01
    6.53433762e+01 6.14538612e+01 6.45381241e+01 7.01416321e+01
    6.96861877e+01 7.44852982e+01 7.80180511e+01 7.92140350e+01
    6.81570053e+01 7.01224518e+01 6.65471268e+01 6.76152344e+01
    7.00968475e+01 6.84173508e+01 6.85889282e+01 7.19970779e+01
    6.89216843e+01 7.04784164e+01 7.69306412e+01 7.51784668e+01
    8.01264496e+01 8.24089737e+01 8.54197235e+01 7.38641510e+01
    1.98864304e+02 1.33968201e+02 1.11046417e+02 1.44867706e+02
    1.42670547e+02 1.20897758e+02 1.29289780e+02 1.28839737e+02
    1.21486969e+02 1.11797920e+02 1.26465912e+02 1.07996590e+02
    9.67212906e+01 1.03369919e+02 9.28592300e+01 7.10874100e+01
    7.20288696e+01 7.45592651e+01 7.53665237e+01 7.30203857e+01
    7.61981888e+01 7.69887085e+01 7.28862686e+01 7.75581970e+01
    8.18971100e+01 8.04658661e+01 8.29555435e+01 8.42590408e+01
    8.52637787e+01 7.89834213e+01 7.30165634e+01 7.51492462e+01
    7.76280441e+01 7.86351318e+01 7.79055328e+01 8.03440857e+01
    8.12269745e+01 7.99972305e+01 8.19795837e+01 8.40312424e+01
    8.17404709e+01 8.29450302e+01 8.38811417e+01 8.35836868e+01
    8.25817490e+01 6.22491074e+01 6.40774155e+01 6.70312500e+01
    6.80698624e+01 7.02358093e+01 7.11775208e+01 7.30246124e+01
    7.40712814e+01 7.51362534e+01 7.32943192e+01 7.11257095e+01
    7.04537888e+01 7.11128922e+01 7.10534515e+01 7.51237183e+01
    7.19381332e+01 7.49654007e+01 8.48205643e+01 9.29458694e+01
    9.43086929e+01 9.58123627e+01 9.68236008e+01 9.64708939e+01
    9.65720596e+01 9.51508179e+01 9.46077652e+01 9.36793365e+01
    8.85189819e+01 8.87973404e+01 8.94820328e+01 6.24947586e+01
    6.71041946e+01 7.35132065e+01 7.98868103e+01 8.34350357e+01
    8.29761505e+01 8.50125961e+01 8.72562943e+01 8.63929977e+01
    8.43680038e+01 8.25450897e+01 8.07661362e+01 7.92533951e+01
    7.91634521e+01 8.16967850e+01 6.06735001e+01 6.44998398e+01
    6.82094116e+01 7.13837738e+01 7.39552917e+01 7.13252335e+01
    7.29550171e+01 7.57029648e+01 7.46290970e+01 7.17328949e+01
    7.19840393e+01 7.19636383e+01 7.23233643e+01 7.37608185e+01
    7.42897873e+01 5.92713356e+01 6.57895889e+01 7.47110291e+01
    7.85986938e+01 8.07436752e+01 8.15849380e+01 8.22099304e+01
    8.32266922e+01 8.26351852e+01 8.02585678e+01 7.74525146e+01
    7.63657379e+01 7.44530182e+01 7.36627197e+01 7.54979019e+01
    5.90348778e+01 6.29534874e+01 6.87153473e+01 7.14199982e+01
    7.05252304e+01 7.16288757e+01 7.21744995e+01 7.10054016e+01
    7.24550552e+01 7.33409653e+01 7.32839203e+01 7.40015335e+01
    7.38088226e+01 7.35859833e+01 7.23110504e+01 7.83274231e+01
    8.24124222e+01 8.15861969e+01 8.86362152e+01 9.23212433e+01
    9.53694992e+01 9.74044037e+01 9.85552368e+01 9.86302948e+01
    9.60729065e+01 9.48575439e+01 9.50017929e+01 9.42369690e+01
    9.42457886e+01 9.36110992e+01 6.23813705e+01 6.85339890e+01
    7.83356323e+01 8.22343292e+01 8.43196945e+01 8.36601028e+01
    8.39842529e+01 8.43668976e+01 8.30917816e+01 8.09658432e+01
    7.86506653e+01 7.91153793e+01 7.82190628e+01 7.88238831e+01
    7.77783966e+01 6.44545135e+01 8.18053131e+01 9.45253296e+01
    1.03555954e+02 9.35614166e+01 9.78321991e+01 9.86556549e+01
    9.81860352e+01 1.01320396e+02 1.02267891e+02 9.79277725e+01
    9.82481079e+01 9.95325699e+01 9.66476974e+01 1.00022629e+02
    1.17240929e+02 1.39461670e+02 1.50173126e+02 1.27358063e+02
    1.23396744e+02 1.28600754e+02 1.22332413e+02 1.06531654e+02
    1.08598358e+02 1.16623444e+02 1.29984665e+02 1.24206810e+02
    1.25482323e+02 1.45920105e+02 1.09614876e+02 6.58133240e+01
    7.61660538e+01 9.31012268e+01 1.02114212e+02 9.54202118e+01
    9.52459030e+01 9.61669769e+01 9.64671555e+01 9.55430374e+01
    9.43934402e+01 9.33794174e+01 9.48905258e+01 9.43065948e+01
    9.75729141e+01 8.58136139e+01 6.94214249e+01 6.95381012e+01
    8.31363907e+01 9.33793411e+01 9.72694778e+01 9.61305542e+01
    9.63841553e+01 9.45178375e+01 9.39188919e+01 9.42123566e+01
    9.47368851e+01 9.45002136e+01 9.04468231e+01 9.09819183e+01
    8.29378357e+01 5.71376762e+01 6.35444031e+01 7.37702942e+01
    7.88297119e+01 8.04256363e+01 8.14510574e+01 8.13522186e+01
    8.16977539e+01 8.06466064e+01 7.99641647e+01 7.95849228e+01
    7.69136353e+01 7.46021423e+01 7.58331833e+01 7.28672256e+01
    5.30715866e+01 5.96831436e+01 6.88748779e+01 7.20574799e+01
    7.54307938e+01 7.75206375e+01 7.75398560e+01 7.81155930e+01
    7.69106064e+01 7.67251511e+01 7.48475342e+01 7.45856857e+01
    7.42134705e+01 7.46932602e+01 7.26088562e+01 5.95669174e+01
    6.82948074e+01 7.75082932e+01 8.00386200e+01 8.42589188e+01
    8.86804428e+01 8.91355972e+01 8.60233154e+01 9.08756180e+01
    1.02887833e+02 8.73302765e+01 8.99730606e+01 9.41765060e+01
    7.84497681e+01 1.00161476e+02 7.51133499e+01 8.12428894e+01
    9.05047684e+01 9.42080612e+01 9.43531952e+01 9.30184326e+01
    9.50138702e+01 1.02407829e+02 9.91030426e+01 9.16173630e+01
    8.79576263e+01 8.60332336e+01 8.56016083e+01 8.53445206e+01
    9.24544296e+01 5.95410194e+01 6.56986847e+01 7.22623596e+01
    7.56654053e+01 7.65777817e+01 7.56370316e+01 7.73622055e+01
    7.99382782e+01 7.93250656e+01 7.45183334e+01 7.22771912e+01
    7.33192749e+01 7.23232269e+01 7.29075851e+01 7.17239456e+01
    5.08371620e+01 5.53014870e+01 6.23427887e+01 6.69579773e+01
    7.08213806e+01 7.15399475e+01 7.33949203e+01 7.50459747e+01
    7.46249847e+01 7.21667404e+01 6.95817795e+01 6.62534943e+01
    6.03481712e+01 6.03680916e+01 6.71172714e+01 4.06802025e+01
    4.36712189e+01 4.96985588e+01 5.10732689e+01 6.05717506e+01
    6.08818016e+01 6.36441154e+01 6.90324173e+01 6.71332474e+01
    6.13199272e+01 5.71206512e+01 5.45386772e+01 5.19154549e+01
    5.14640617e+01 6.25421143e+01 3.70008278e+01 4.07203407e+01
    4.89351044e+01 5.05412483e+01 5.68830872e+01 5.57074013e+01
    5.77178574e+01 6.41120071e+01 6.17254143e+01 5.38042183e+01
    5.13071060e+01 5.10474358e+01 5.74082603e+01 5.57950134e+01
    6.02350998e+01 5.28798599e+01 5.78596153e+01 6.21626129e+01
    6.32015762e+01 7.46451797e+01 7.58115005e+01 7.79588699e+01
    8.48303909e+01 8.28097000e+01 7.76566391e+01 6.78942566e+01
    6.37989349e+01 5.92054062e+01 5.61656494e+01 7.77988129e+01
    4.55815353e+01 5.08217201e+01 5.50226593e+01 5.85636368e+01
    6.65448608e+01 6.35546570e+01 6.64541168e+01 7.34945221e+01
