<?xml version="1.0"?>
<opencv_storage>
<training_set_points type_id="opencv-matrix">
  <rows>67</rows>
  <cols>15</cols>
  <dt>f</dt>
  <data>
    4.43930817e+01 4.49789314e+01 4.80243950e+01 5.22073135e+01
    5.18819695e+01 5.57292976e+01 5.31219444e+01 5.22125740e+01
    5.46746521e+01 5.70584831e+01 5.86639023e+01 6.04668808e+01
    6.28418808e+01 6.43812256e+01 6.37655563e+01 5.38997192e+01
    5.45747986e+01 6.02797775e+01 6.54658890e+01 6.45606689e+01
    6.70355072e+01 6.52815781e+01 6.41626358e+01 6.11218376e+01
    5.58336334e+01 5.45038033e+01 5.41059341e+01 5.53465004e+01
    5.62769356e+01 5.64909515e+01 5.11233139e+01 5.40307770e+01
    6.13975525e+01 6.90269165e+01 7.30734329e+01 7.47068634e+01
    7.36948013e+01 7.50299225e+01 7.36219940e+01 7.40356979e+01
    7.28048477e+01 7.08428345e+01 6.94814529e+01 6.77658997e+01
    6.91183472e+01 4.63455353e+01 5.08483162e+01 5.68201294e+01
    6.54760895e+01 6.50900726e+01 6.79334564e+01 6.45273666e+01
    6.19760284e+01 6.20673561e+01 5.94960480e+01 5.87674141e+01
    5.91524353e+01 5.92400818e+01 5.89213943e+01 5.68400879e+01
    5.20032883e+01 5.36177139e+01 5.83448639e+01 6.55511322e+01
    7.17955170e+01 6.96777039e+01 6.94391174e+01 6.96458588e+01
    6.86854019e+01 6.67518997e+01 6.49150772e+01 6.09605560e+01
    5.75477905e+01 5.52046318e+01 5.62526703e+01 5.61607475e+01
    5.85202103e+01 6.49574966e+01 7.40158081e+01 7.68832321e+01
    8.09719009e+01 7.82451782e+01 7.77246094e+01 7.93630829e+01
    7.78404922e+01 7.80921173e+01 7.90662460e+01 8.22494202e+01
    8.42265778e+01 8.18531570e+01 5.65387039e+01 5.89769707e+01
    6.54250641e+01 7.40970764e+01 7.78726730e+01 7.93280182e+01
    7.74600067e+01 7.79253082e+01 7.75002899e+01 7.78693161e+01
    7.95047073e+01 7.94732361e+01 7.70333405e+01 7.52504501e+01
    7.77967987e+01 4.94750328e+01 5.12011223e+01 5.49366035e+01
    5.77459183e+01 5.59273605e+01 6.10599022e+01 6.02063179e+01
    5.91083755e+01 5.78972015e+01 5.71691437e+01 5.73326645e+01
    5.79569969e+01 5.90356560e+01 5.95523376e+01 5.89178848e+01
    6.26709480e+01 6.86004486e+01 7.34843445e+01 7.71701508e+01
    8.31658936e+01 8.21057663e+01 8.16862640e+01 8.49022064e+01
    8.67087021e+01 9.10623779e+01 8.89917755e+01 8.60997543e+01
    8.50193253e+01 8.57661209e+01 8.50620499e+01 5.57193413e+01
    6.05006142e+01 6.79542389e+01 7.47086487e+01 7.74194336e+01
    7.90731888e+01 7.91205750e+01 7.86259537e+01 7.94316788e+01
    7.96379166e+01 8.16701355e+01 8.07177277e+01 7.98547287e+01
    7.86039429e+01 7.95071640e+01 6.48454666e+01 6.64465714e+01
    7.31057739e+01 8.13985443e+01 8.69113998e+01 8.94464645e+01
    8.97241516e+01 8.90035248e+01 8.85548096e+01 8.79279099e+01
    8.98219452e+01 8.82980728e+01 8.83244019e+01 8.74977798e+01
    8.88138428e+01 5.43411293e+01 5.54856834e+01 5.86578255e+01
    6.42879791e+01 6.81355667e+01 6.45953140e+01 6.33038406e+01
    6.29377174e+01 6.40829773e+01 6.66405563e+01 6.64063034e+01
    6.64864807e+01 6.64251862e+01 6.60013733e+01 6.57065582e+01
    6.80687408e+01 7.60370560e+01 8.10174713e+01 8.76594849e+01
    9.18259048e+01 8.77561340e+01 8.50310745e+01 8.51211853e+01
    8.59705887e+01 8.65244598e+01 8.58137894e+01 8.47245026e+01
    8.45276566e+01 8.72157745e+01 9.26307297e+01 6.47246780e+01
    6.75805588e+01 7.37720947e+01 8.10161819e+01 8.33911438e+01
    8.31495056e+01 8.01206894e+01 8.04487839e+01 8.25404358e+01
    8.55736313e+01 8.62538986e+01 8.47985687e+01 8.26005630e+01
    8.13045044e+01 8.16758804e+01 5.50841103e+01 5.74571075e+01
    6.25457306e+01 6.77927933e+01 6.75175781e+01 7.10916824e+01
    6.91752319e+01 6.68968506e+01 6.66008835e+01 6.62712402e+01
    6.66181335e+01 6.76815643e+01 6.77174225e+01 6.74349976e+01
    6.68864136e+01 5.46531143e+01 5.81317062e+01 6.56912308e+01
    7.38949509e+01 7.71102676e+01 8.15371857e+01 8.17880936e+01
    8.12872314e+01 8.01419601e+01 7.61311569e+01 7.66350250e+01
    7.62945251e+01 7.75127411e+01 7.77622681e+01 7.72699661e+01
    6.87291641e+01 7.12580414e+01 7.57541199e+01 8.25330429e+01
    8.68210297e+01 8.53158722e+01 8.34838867e+01 8.40297394e+01
    8.36002960e+01 8.21996384e+01 8.22736664e+01 8.26633682e+01
    8.30596695e+01 8.46298599e+01 8.19834518e+01 6.35777664e+01
    6.34004135e+01 6.65133057e+01 7.11748123e+01 7.09040680e+01
    7.34123459e+01 7.40670166e+01 7.22985077e+01 7.05531693e+01
    6.75139008e+01 6.67628326e+01 6.58546982e+01 6.50883179e+01
    6.55195160e+01 6.56336823e+01 7.81060104e+01 7.72752075e+01
    8.08926849e+01 8.93176346e+01 9.63936234e+01 9.18003540e+01
    8.88936157e+01 8.80043488e+01 8.68840790e+01 8.03979645e+01
    7.56464157e+01 6.98915710e+01 6.95757217e+01 6.91404190e+01
    6.79613800e+01 6.67961273e+01 6.89008331e+01 7.29579849e+01
    7.73035812e+01 8.00407333e+01 7.75636139e+01 7.53473358e+01
    7.54421387e+01 7.74042587e+01 7.99680252e+01 8.03531342e+01
    7.96972351e+01 7.87782135e+01 7.80876617e+01 7.64114685e+01
    5.90336113e+01 6.30393524e+01 6.93779449e+01 7.58707886e+01
    7.78164749e+01 7.88814926e+01 7.77145538e+01 7.71696625e+01
    7.86992111e+01 7.91566696e+01 7.88109055e+01 7.84652786e+01
    7.91603470e+01 7.99162750e+01 7.77475586e+01 7.25672302e+01
    7.49358215e+01 8.10575562e+01 8.78479538e+01 9.04057465e+01
    9.24607468e+01 8.97667923e+01 8.85243454e+01 8.79142914e+01
    8.61338272e+01 8.54495468e+01 8.48605957e+01 8.49043884e+01
    8.68682098e+01 8.23379440e+01 6.25664864e+01 6.67009201e+01
    7.37436523e+01 7.94035797e+01 8.19348602e+01 8.62904205e+01
    8.40137024e+01 8.34657898e+01 8.38493881e+01 8.69866943e+01
    9.02333832e+01 9.45887146e+01 9.41333847e+01 9.22793045e+01
    9.33276367e+01 6.43332214e+01 6.79287796e+01 7.27666245e+01
    7.61588516e+01 7.71575470e+01 7.72179794e+01 7.45323181e+01
    7.26326370e+01 7.19000092e+01 7.05468216e+01 6.83644485e+01
    6.83043442e+01 6.82766724e+01 6.90551147e+01 6.51234894e+01
    6.92690048e+01 6.76448441e+01 6.80543900e+01 7.05707092e+01
    7.23984756e+01 7.41016922e+01 7.36681900e+01 7.42937317e+01
    7.07937012e+01 6.55067139e+01 6.48285065e+01 6.20102463e+01
    6.04086075e+01 5.96303558e+01 6.01719093e+01 5.59376755e+01
    5.86230888e+01 6.54113235e+01 7.46996460e+01 7.68867264e+01
    7.92171860e+01 7.78758926e+01 7.67531738e+01 7.82198639e+01
    7.75839157e+01 7.83403397e+01 7.81507797e+01 7.95586243e+01
    8.05827484e+01 8.00832367e+01 5.93577538e+01 6.20592079e+01
    6.95542145e+01 8.01439972e+01 8.55971603e+01 8.72890778e+01
    8.59295654e+01 8.56398926e+01 8.60112457e+01 8.55574951e+01
    8.35812607e+01 8.20889587e+01 8.04011536e+01 7.88571777e+01
    7.90701218e+01 6.42292404e+01 6.93667297e+01 7.69388351e+01
    8.58479004e+01 9.19876633e+01 9.35328674e+01 9.00596313e+01
    8.96895294e+01 9.24589081e+01 9.37904510e+01 9.22784271e+01
    9.19480133e+01 9.54722824e+01 9.78833237e+01 9.43713150e+01
    6.51616287e+01 6.96493607e+01 7.73831024e+01 8.41083908e+01
    8.66828842e+01 8.77555847e+01 8.30785599e+01 8.00899963e+01
    7.99593277e+01 7.64260025e+01 7.36171265e+01 7.23801041e+01
    7.40524292e+01 7.43201447e+01 7.18373413e+01 6.70825653e+01
    7.09110184e+01 7.94342194e+01 8.89973602e+01 9.12686615e+01
    9.90232391e+01 9.78676147e+01 9.79169235e+01 9.45489502e+01
    9.01770935e+01 8.99790039e+01 8.80897446e+01 8.54120941e+01
    8.34874802e+01 8.41602478e+01 5.41546516e+01 5.68128471e+01
    6.49704514e+01 7.32165146e+01 7.76629868e+01 8.24082336e+01
    8.27284164e+01 8.19206848e+01 8.18580475e+01 7.98886032e+01
    7.91934052e+01 7.67524796e+01 7.62053833e+01 7.53924866e+01
    7.37103348e+01 6.03485336e+01 6.52606277e+01 7.37746964e+01
    7.88444443e+01 7.53700104e+01 8.09231186e+01 7.96564484e+01
    7.44082489e+01 7.03755493e+01 6.58595734e+01 6.55516357e+01
    6.52966537e+01 6.25995560e+01 6.24100761e+01 6.08872871e+01
    7.02199554e+01 7.29630432e+01 7.76732712e+01 8.59857483e+01
    9.72787781e+01 9.44548950e+01 9.51912231e+01 1.02419228e+02
