<?xml version="1.0"?>
<opencv_storage>
<training_set_points type_id="opencv-matrix">
  <rows>38</rows>
  <cols>15</cols>
  <dt>f</dt>
  <data>
    3.72176628e+01 4.89045219e+01 5.55598297e+01 6.27680130e+01
    6.68745193e+01 6.38693275e+01 6.19392204e+01 6.55658264e+01
    7.28282852e+01 8.06268082e+01 8.47413483e+01 8.87454910e+01
    8.90279617e+01 8.41014175e+01 8.34077301e+01 6.11895905e+01
    7.44175262e+01 9.93104706e+01 1.04863983e+02 1.04728081e+02
    1.03727821e+02 9.44112320e+01 1.04334831e+02 1.06522270e+02
    9.11691284e+01 8.20204926e+01 8.10303116e+01 8.50519714e+01
    8.75055008e+01 8.79131012e+01 4.67314262e+01 5.46090698e+01
    5.98488655e+01 6.89435196e+01 7.25103912e+01 6.77816238e+01
    6.43568497e+01 7.15171967e+01 8.20162354e+01 8.74024277e+01
    8.84122925e+01 8.70648346e+01 8.59620285e+01 8.19537964e+01
    8.15547638e+01 6.48886032e+01 7.69598465e+01 8.41264420e+01
    8.58465271e+01 8.59782333e+01 9.10059967e+01 9.44565582e+01
    1.04157181e+02 9.56722336e+01 1.06083069e+02 9.47696533e+01
    9.55500336e+01 9.17774658e+01 8.88082199e+01 8.71318130e+01
    7.35266190e+01 8.07087097e+01 8.61575928e+01 9.46686859e+01
    1.02227074e+02 9.21058273e+01 8.77863617e+01 9.21869736e+01
    9.75550003e+01 9.63175049e+01 1.04743271e+02 1.13355293e+02
    9.20819397e+01 9.50403595e+01 8.95020676e+01 5.67345734e+01
    7.13947067e+01 8.02126312e+01 8.61352386e+01 8.94955902e+01
    8.69484329e+01 8.52751923e+01 8.80647507e+01 9.20914688e+01
    9.10518570e+01 9.06705627e+01 7.94243469e+01 7.06920013e+01
    7.05698547e+01 6.65551224e+01 8.35622025e+01 8.77865143e+01
    9.36428223e+01 9.23440704e+01 9.15035934e+01 8.98176193e+01
    8.99515152e+01 9.14214478e+01 9.17595367e+01 9.03239822e+01
    8.85943069e+01 8.73800354e+01 8.75835495e+01 8.56672668e+01
    8.45881577e+01 7.50527115e+01 7.30686111e+01 7.66783829e+01
    7.80459290e+01 7.75658264e+01 7.79512787e+01 7.97131119e+01
    7.94489212e+01 7.43074036e+01 7.18604431e+01 6.68386993e+01
    6.12861557e+01 5.76328354e+01 5.68663826e+01 5.59121170e+01
    7.30244827e+01 7.17678452e+01 7.50500259e+01 7.75629044e+01
    7.89174957e+01 8.16621170e+01 8.43306580e+01 8.17520752e+01
    7.63949051e+01 7.67761993e+01 7.18455048e+01 7.18271637e+01
    7.42401886e+01 7.06907959e+01 7.12479019e+01 5.46142883e+01
    5.76995506e+01 6.57529297e+01 7.13955536e+01 7.43917236e+01
    7.17337494e+01 7.09099960e+01 6.99373398e+01 6.88778915e+01
    7.31266022e+01 7.04125061e+01 6.99547501e+01 7.01728821e+01
    6.50341949e+01 6.44152069e+01 6.98417435e+01 8.10327988e+01
    8.26034317e+01 8.57807159e+01 9.37764740e+01 1.20581085e+02
    1.12655457e+02 9.97729187e+01 8.59089355e+01 8.05994797e+01
    8.37484360e+01 7.76231689e+01 6.13051376e+01 7.42538986e+01
    6.18629570e+01 7.67373962e+01 7.04878464e+01 7.58349075e+01
    7.97161026e+01 9.50130920e+01 8.51218567e+01 8.45881729e+01
    8.66215744e+01 8.63957520e+01 9.47363892e+01 1.08913803e+02
    1.06638184e+02 7.68008881e+01 8.92389069e+01 7.28924942e+01
    6.21197433e+01 6.63412323e+01 7.15534134e+01 7.56869888e+01
    8.11643372e+01 8.59558563e+01 8.32322540e+01 9.71222229e+01
    1.05568794e+02 8.36174164e+01 7.16795959e+01 8.41886292e+01
    7.12951355e+01 6.66430359e+01 6.44573898e+01 6.79569016e+01
    7.54031525e+01 8.48113556e+01 8.74824524e+01 9.26646423e+01
    7.95068970e+01 7.50476685e+01 7.49878845e+01 7.49687347e+01
    7.95601273e+01 8.68097534e+01 9.42423706e+01 9.16069794e+01
    1.01049713e+02 9.89984360e+01 7.09619293e+01 8.08762665e+01
    8.69032211e+01 9.06086121e+01 9.12626953e+01 9.33687057e+01
    9.55461197e+01 9.02661514e+01 8.51611404e+01 8.31290436e+01
    8.13807678e+01 8.04240112e+01 9.62974930e+01 1.07839020e+02
    1.16761642e+02 6.83819427e+01 7.51389694e+01 7.41613235e+01
    7.24804916e+01 7.89703293e+01 7.19270401e+01 7.43863297e+01
    7.80159988e+01 8.52396698e+01 8.18542404e+01 8.12090149e+01
    7.38522186e+01 7.08798599e+01 7.37299347e+01 7.23203735e+01
    8.06229095e+01 7.82736740e+01 8.65489273e+01 9.11859283e+01
    9.30501556e+01 9.32218246e+01 9.15406494e+01 8.93891373e+01
    8.56465073e+01 9.22112961e+01 9.59357224e+01 1.05787117e+02
    1.16144333e+02 1.39380035e+02 1.36984344e+02 6.12085609e+01
    6.55658875e+01 7.29926758e+01 7.89243317e+01 8.16931458e+01
    7.96030426e+01 7.95042343e+01 8.09852066e+01 8.33593597e+01
    8.56622772e+01 8.56662445e+01 8.64175262e+01 8.32993927e+01
    8.20973129e+01 8.17817383e+01 8.36053696e+01 7.82831192e+01
    8.56767883e+01 8.99551544e+01 8.99166489e+01 8.66721573e+01
    8.82761765e+01 8.23228531e+01 7.93699799e+01 8.84816666e+01
    9.71000900e+01 1.04534744e+02 9.13971252e+01 1.04575714e+02
    1.01463326e+02 6.36394119e+01 7.56530685e+01 8.54612961e+01
    8.82413940e+01 8.64742508e+01 8.48975754e+01 8.17805252e+01
    7.87656021e+01 7.52804108e+01 7.51733093e+01 7.82878265e+01
    8.95736465e+01 8.59409790e+01 8.62426453e+01 8.44543839e+01
    5.83774681e+01 6.42642975e+01 6.31540108e+01 6.58505096e+01
    6.72264099e+01 7.12399902e+01 7.22401199e+01 7.20569916e+01
    7.03093948e+01 6.88358841e+01 6.90551605e+01 7.59635239e+01
    7.71157684e+01 7.37307129e+01 7.35345001e+01 6.77649612e+01
    7.56587067e+01 8.49432526e+01 1.02077820e+02 1.13192101e+02
    1.06597214e+02 1.08297188e+02 1.10156013e+02 1.08882431e+02
    1.05100830e+02 9.62878571e+01 8.42579803e+01 8.26960068e+01
    8.11845398e+01 7.56082611e+01 5.77165947e+01 6.32365570e+01
    6.93370972e+01 7.23680191e+01 7.34310226e+01 7.41498566e+01
    7.06893311e+01 7.50401306e+01 7.42634506e+01 7.31304321e+01
    6.60599976e+01 6.51828156e+01 6.11727104e+01 5.45613213e+01
    5.15362511e+01 5.59135590e+01 5.88712807e+01 6.15742722e+01
    6.39939690e+01 6.50054703e+01 6.79812775e+01 7.00970612e+01
    6.99943542e+01 6.88186493e+01 7.02083206e+01 7.28750992e+01
    7.72491150e+01 7.38813553e+01 7.14249344e+01 7.17217178e+01
    6.96438293e+01 7.78542175e+01 8.64932861e+01 8.86436996e+01
    8.92123032e+01 8.74222031e+01 8.70866165e+01 8.53265991e+01
    8.01176529e+01 8.38615341e+01 8.03798599e+01 6.60649719e+01
    5.87727661e+01 5.86644592e+01 5.62149620e+01 7.65169220e+01
    8.04833908e+01 7.92960434e+01 8.33242569e+01 8.56897888e+01
    8.38833313e+01 8.74465332e+01 8.74042816e+01 8.51199112e+01
    8.19124756e+01 8.04216843e+01 8.26044922e+01 7.80810089e+01
    7.51690903e+01 7.03905945e+01 8.86574249e+01 9.08155365e+01
    9.73945389e+01 9.78077087e+01 9.31009521e+01 9.20703049e+01
    8.83394623e+01 8.38746185e+01 8.43134995e+01 8.05728531e+01
    8.06171188e+01 7.69415588e+01 6.70626984e+01 6.43464127e+01
    6.37552032e+01 6.40529556e+01 8.05082932e+01 9.49581299e+01
    9.98758240e+01 1.01019203e+02 9.76724854e+01 9.54149246e+01
    8.79692993e+01 8.45860138e+01 7.40662918e+01 7.01496353e+01
    6.37721634e+01 6.31003571e+01 5.80786819e+01 5.70509872e+01
    6.83717117e+01 7.57501144e+01 8.46707382e+01 9.07576904e+01
    9.13873596e+01 9.18940506e+01 9.08797302e+01 8.38701019e+01
    8.22526779e+01 7.81330032e+01 7.79021988e+01 7.84955826e+01
    7.59206848e+01 7.74232254e+01 7.47213135e+01 7.26675034e+01
    8.14494019e+01 8.76626740e+01 9.12181396e+01 8.17880630e+01
    9.29041367e+01 8.23044357e+01 8.58244781e+01 8.00190735e+01
    7.65998001e+01 7.18525009e+01 7.73489532e+01 8.02374268e+01
    7.76228638e+01 8.53881454e+01 6.41440582e+01 7.30345840e+01
    8.13322296e+01 8.23334503e+01 8.28880539e+01 8.21070709e+01
    7.94596024e+01 7.81441345e+01 7.63775482e+01 7.32097244e+01
    6.72009277e+01 7.00825348e+01 7.13681259e+01 7.21973572e+01
    7.24255524e+01 1.26812164e+02 1.54778702e+02 1.76959900e+02
    1.85499451e+02 1.19114944e+02 1.37491913e+02 1.49468155e+02
    1.03654663e+02 1.03807693e+02 1.08809952e+02 9.80187302e+01
    9.40255508e+01 9.28928146e+01 9.15907059e+01 9.21382751e+01
    6.04213562e+01 6.09579315e+01 6.70884552e+01 7.17928925e+01
    7.48212433e+01 7.82396011e+01 7.86669388e+01 7.69768524e+01
