<?xml version="1.0"?>
<opencv_storage>
<training_set_points type_id="opencv-matrix">
  <rows>60</rows>
  <cols>15</cols>
  <dt>f</dt>
  <data>
    9.98833618e+01 1.00385490e+02 1.01447319e+02 1.01355881e+02
    1.00867264e+02 9.81092377e+01 9.70319748e+01 9.63380661e+01
    9.34585266e+01 9.24011841e+01 9.18098907e+01 9.12271347e+01
    9.12907257e+01 9.20795746e+01 9.17731934e+01 8.77803421e+01
    9.01131439e+01 9.26150970e+01 9.53333282e+01 9.51215286e+01
    9.20120544e+01 9.00134735e+01 8.91924057e+01 8.34249496e+01
    8.16160431e+01 8.22738724e+01 7.95649109e+01 8.30305328e+01
    8.39912949e+01 8.24904785e+01 7.15400238e+01 7.86790848e+01
    8.24256668e+01 8.39759674e+01 8.41101151e+01 8.23859787e+01
    8.28952637e+01 8.09867020e+01 7.67991409e+01 7.54713440e+01
    7.62262573e+01 7.60110168e+01 7.75411224e+01 7.76689911e+01
    7.81119537e+01 7.52360077e+01 7.76435471e+01 7.74345169e+01
    7.50224686e+01 7.74790115e+01 8.29710388e+01 8.54869995e+01
    8.24199753e+01 8.26019669e+01 8.01341171e+01 7.82890625e+01
    7.61336212e+01 7.38081970e+01 7.31471100e+01 7.16815796e+01
    8.19963379e+01 8.36330338e+01 8.62869797e+01 8.65889740e+01
    8.48600235e+01 8.25747757e+01 8.14061813e+01 8.07704010e+01
    7.84234619e+01 7.80074387e+01 7.76911240e+01 7.71813583e+01
    7.74672089e+01 7.84237213e+01 7.78954468e+01 8.49696198e+01
    8.45157928e+01 8.68675766e+01 8.52473755e+01 8.40043030e+01
    8.40347061e+01 8.42025757e+01 8.39281006e+01 8.20259552e+01
    8.21631470e+01 8.16538696e+01 8.27695694e+01 8.09056015e+01
    8.19654617e+01 8.26858368e+01 7.43230515e+01 7.63805618e+01
    7.75674057e+01 7.60599289e+01 7.79862823e+01 7.82661972e+01
    7.78437347e+01 7.71407394e+01 7.63837967e+01 7.51212463e+01
    7.32585297e+01 7.14197617e+01 7.05238342e+01 7.09578323e+01
    6.96878815e+01 8.44162445e+01 8.67848282e+01 8.89421768e+01
    9.17385483e+01 9.03506165e+01 8.57236786e+01 8.31920319e+01
    8.29124527e+01 7.74991760e+01 7.60534363e+01 7.67021561e+01
    7.34361038e+01 7.71409225e+01 7.84816895e+01 7.70587387e+01
    6.87374573e+01 7.29852524e+01 7.78433990e+01 7.96061249e+01
    7.91469803e+01 7.73502274e+01 7.58324280e+01 7.49457321e+01
    7.23074722e+01 7.02086945e+01 6.83230515e+01 6.86859283e+01
    6.56290436e+01 6.53697815e+01 6.53076935e+01 8.35264740e+01
    8.38826752e+01 8.36292801e+01 8.34400711e+01 8.24361877e+01
    8.04433212e+01 8.16042557e+01 8.25302734e+01 7.97625656e+01
    7.88652267e+01 7.94564896e+01 7.67228012e+01 7.97022858e+01
    8.14931107e+01 8.09093781e+01 7.33804321e+01 7.76755142e+01
    8.12160263e+01 8.10807114e+01 8.09283066e+01 7.97272186e+01
    7.96583939e+01 7.71364746e+01 7.61459961e+01 7.40402222e+01
    7.15119247e+01 6.97969208e+01 6.75887833e+01 6.69869003e+01
    6.64494247e+01 7.94734955e+01 8.01927872e+01 7.90883560e+01
    8.10585785e+01 8.42722092e+01 8.15423584e+01 7.94503098e+01
    7.82552567e+01 7.72206573e+01 7.74383011e+01 7.71677856e+01
    7.72780380e+01 7.59325867e+01 7.67284927e+01 7.77629395e+01
    6.33134537e+01 6.49455872e+01 6.67382431e+01 6.70232315e+01
    6.41540375e+01 6.29056587e+01 6.23560410e+01 6.36546860e+01
    6.22162399e+01 6.18432465e+01 6.12542877e+01 6.26031990e+01
    6.09459305e+01 6.22706108e+01 6.25942955e+01 5.71139297e+01
    5.84475937e+01 6.32845840e+01 6.35264130e+01 6.20344696e+01
    6.14269447e+01 6.06829948e+01 6.08387604e+01 5.87500916e+01
    5.85431900e+01 5.81202621e+01 5.91245995e+01 5.76409721e+01
    5.79183998e+01 5.87160416e+01 7.60449448e+01 7.47381973e+01
    7.47290649e+01 7.57254333e+01 7.38300247e+01 7.19407272e+01
    7.21210785e+01 7.16741562e+01 7.21632004e+01 7.11983566e+01
    7.10869370e+01 7.02534943e+01 6.94423370e+01 6.98148575e+01
    6.95116882e+01 5.86636505e+01 6.09772453e+01 5.83238983e+01
    5.97482529e+01 6.15846558e+01 6.25574341e+01 6.30963745e+01
    6.31343803e+01 6.29841995e+01 6.31634865e+01 6.22053261e+01
    6.38045654e+01 6.13188858e+01 6.13850441e+01 6.30684471e+01
    7.89307632e+01 8.17114868e+01 8.34929352e+01 8.49112320e+01
    8.57956161e+01 8.66555099e+01 8.65313339e+01 8.75294189e+01
    8.09103470e+01 7.95051117e+01 8.06599960e+01 7.78031082e+01
    8.20157013e+01 8.44314346e+01 8.23791275e+01 6.56188736e+01
    6.71103745e+01 6.73616180e+01 6.68716431e+01 6.67482452e+01
    6.68615494e+01 6.69027863e+01 6.59611511e+01 6.56711197e+01
    6.56053162e+01 6.52617874e+01 6.59361801e+01 6.37331696e+01
    6.41483688e+01 6.50437088e+01 3.76888084e+01 3.21620865e+01
    2.52928734e+01 1.62525978e+01 1.55237627e+01 2.60438042e+01
    3.82267342e+01 3.08459492e+01 5.23003845e+01 5.38890724e+01
    5.15305557e+01 5.77972870e+01 4.65740776e+01 4.22439804e+01
    4.32735176e+01 5.98962746e+01 5.99050713e+01 5.98119850e+01
    5.74454575e+01 5.51279869e+01 5.47466431e+01 5.54249496e+01
    5.64794655e+01 5.73745956e+01 5.74032707e+01 5.62728767e+01
    5.79874077e+01 5.53699493e+01 5.55979424e+01 5.54463692e+01
    2.17574196e+01 1.62614899e+01 2.01290817e+01 2.36504841e+01
    1.42860851e+01 2.02328167e+01 3.27731094e+01 1.94550419e+01
    5.06684456e+01 5.35567207e+01 4.95697479e+01 6.34518051e+01
    4.03546562e+01 3.05547428e+01 3.07377357e+01 5.01883011e+01
    5.42956772e+01 6.16759567e+01 6.91219482e+01 6.21830673e+01
    5.58886642e+01 5.53868790e+01 5.39580078e+01 5.97220802e+01
    6.10493546e+01 5.92682991e+01 6.65600281e+01 5.54379234e+01
    5.29079819e+01 5.17381058e+01 4.13514519e+01 3.51673584e+01
    2.42787571e+01 1.57138710e+01 2.59519463e+01 4.63256340e+01
    5.82618179e+01 4.75461159e+01 6.67439651e+01 6.85804825e+01
    6.65222015e+01 7.46194992e+01 6.09037514e+01 5.43090172e+01
    5.51277542e+01 6.24077721e+01 6.93898392e+01 7.64211502e+01
    8.44557571e+01 8.64381256e+01 8.36787643e+01 8.24389267e+01
    8.16234283e+01 8.43685226e+01 8.37965622e+01 8.32965012e+01
    8.51945114e+01 7.88048096e+01 7.64229889e+01 7.37808228e+01
    5.63057404e+01 5.47619438e+01 3.96923447e+01 3.72832832e+01
    5.35064507e+01 6.42549515e+01 7.04932632e+01 6.51804886e+01
    7.69164429e+01 7.85141449e+01 7.66420517e+01 8.22447433e+01
    7.37817459e+01 7.02457657e+01 7.10150146e+01 6.21800652e+01
    6.04727135e+01 5.48684731e+01 5.45816841e+01 6.03421249e+01
    6.79425354e+01 7.43133621e+01 6.86173248e+01 8.39902115e+01
    8.64928589e+01 8.37240753e+01 9.16225281e+01 7.92790985e+01
    7.50096054e+01 7.52383881e+01 6.47116013e+01 6.90912170e+01
    7.23661804e+01 7.59656296e+01 8.17104645e+01 8.52660904e+01
    8.63226242e+01 8.48451614e+01 8.93184128e+01 8.84595566e+01
    8.83256531e+01 9.10450516e+01 8.45875931e+01 8.29205780e+01
    8.12982178e+01 6.86047363e+01 7.15030899e+01 7.68544006e+01
    7.94091339e+01 8.23620377e+01 8.48825302e+01 8.65307693e+01
    8.64492874e+01 8.97012711e+01 8.93198471e+01 8.82695160e+01
    9.18658752e+01 8.57162628e+01 8.49271774e+01 8.44103622e+01
    6.29624748e+01 6.62972946e+01 6.70978317e+01 7.45088043e+01
    8.00001526e+01 8.26702423e+01 8.53810577e+01 8.29989166e+01
    9.05682907e+01 9.16216888e+01 9.01470337e+01 9.20572815e+01
    8.68382034e+01 8.40194550e+01 8.16601257e+01 6.95068893e+01
    7.31795425e+01 7.71403656e+01 7.93804550e+01 8.34728317e+01
    8.88780136e+01 9.06627655e+01 9.09668732e+01 9.20315628e+01
    9.20733490e+01 9.19480667e+01 9.13973999e+01 9.13409729e+01
    9.19643173e+01 9.05843124e+01 6.68558273e+01 7.38190460e+01
    7.77235947e+01 8.22761993e+01 8.71178131e+01 8.92460022e+01
    9.06297226e+01 8.97015305e+01 9.57709351e+01 9.56514893e+01
    9.53771667e+01 9.99542694e+01 9.12167435e+01 8.85707550e+01
    8.74682770e+01 6.86017609e+01 7.23179321e+01 7.72023697e+01
    8.03114700e+01 8.48287811e+01 8.80650787e+01 8.99630356e+01
    8.86937256e+01 9.44709930e+01 9.45645752e+01 9.41180115e+01
    9.81748352e+01 9.14941330e+01 8.90994339e+01 8.94725571e+01
    7.18244095e+01 7.10884705e+01 6.63192978e+01 6.66936798e+01
    7.37158813e+01 8.47356949e+01 9.09520721e+01 8.73349762e+01
