<?xml version="1.0"?>
<opencv_storage>
<training_set_points type_id="opencv-matrix">
  <rows>60</rows>
  <cols>15</cols>
  <dt>f</dt>
  <data>
    7.80777969e+01 7.84386673e+01 7.75930328e+01 7.32354889e+01
    7.41403351e+01 6.94836197e+01 6.17150879e+01 5.54482307e+01
    5.04442444e+01 4.61993713e+01 4.73803253e+01 4.46652298e+01
    4.44918480e+01 4.62589645e+01 3.91319313e+01 8.79152527e+01
    9.12127380e+01 1.03667168e+02 1.03724533e+02 7.69942627e+01
    7.54151917e+01 7.28730621e+01 6.09943504e+01 5.80781746e+01
    5.26448593e+01 5.54138870e+01 5.06173401e+01 5.15371704e+01
    5.16964569e+01 4.50052414e+01 6.75274048e+01 7.00460663e+01
    6.99460526e+01 6.89032135e+01 6.37645378e+01 5.53036919e+01
    5.16607285e+01 5.41403275e+01 5.40595665e+01 5.81115685e+01
    5.51368294e+01 5.64725037e+01 5.67147446e+01 5.17639503e+01
    5.92035294e+01 9.90052414e+01 7.98380203e+01 6.47704239e+01
    7.27200546e+01 7.43566360e+01 6.90527802e+01 7.30975571e+01
    5.92523041e+01 5.42587204e+01 5.17297325e+01 5.15513000e+01
    4.91645508e+01 4.96529388e+01 4.76265640e+01 4.66065521e+01
    7.31557388e+01 7.37877655e+01 7.20676880e+01 7.73615570e+01
    7.14194565e+01 6.60698090e+01 6.49245071e+01 5.70927277e+01
    4.57242928e+01 4.28783417e+01 4.18712845e+01 4.01104240e+01
    3.98456459e+01 3.99885635e+01 3.91180725e+01 6.29397049e+01
    6.49250565e+01 6.63845444e+01 6.79626236e+01 6.85123291e+01
    6.73718796e+01 6.64251175e+01 6.78090286e+01 6.59382324e+01
    6.83277130e+01 6.73580017e+01 6.78619919e+01 6.79276505e+01
    6.62865143e+01 6.96241455e+01 5.29000854e+01 5.29499092e+01
    5.50080414e+01 5.69852257e+01 6.54414215e+01 5.46574745e+01
    5.05527306e+01 4.95766754e+01 4.57969055e+01 4.56769638e+01
    4.43642349e+01 4.33982277e+01 4.31957855e+01 4.21234016e+01
    4.40753365e+01 7.07691498e+01 7.70806732e+01 8.63730392e+01
    7.75399475e+01 7.81736603e+01 6.66661301e+01 6.11026382e+01
    5.86750793e+01 5.72368660e+01 5.80001984e+01 5.61930161e+01
    5.49716492e+01 5.46558533e+01 4.85002594e+01 5.08704720e+01
    5.52160950e+01 5.81857147e+01 5.93563461e+01 6.78467407e+01
    7.14144974e+01 8.10195618e+01 7.37947388e+01 7.37480392e+01
    6.50094223e+01 6.29763107e+01 6.06470032e+01 5.91506195e+01
    5.66555023e+01 5.26332779e+01 5.20930061e+01 6.12051735e+01
    6.59417267e+01 7.06839600e+01 6.98920135e+01 7.51437225e+01
    7.21929779e+01 6.58104401e+01 6.58698196e+01 6.37971153e+01
    6.53899765e+01 6.32742844e+01 6.24000816e+01 6.20858078e+01
    5.70509796e+01 6.46580353e+01 6.51375351e+01 7.02605286e+01
    7.47536240e+01 7.41653748e+01 7.18749084e+01 6.87558212e+01
    7.12317657e+01 7.15333252e+01 7.03126221e+01 7.16740265e+01
    7.23651505e+01 7.20375748e+01 7.17432098e+01 7.24899216e+01
    7.35623322e+01 4.98559380e+01 5.23110237e+01 5.52391434e+01
    5.73819199e+01 7.75554504e+01 6.32244339e+01 6.33707733e+01
    6.05220184e+01 5.87387619e+01 6.00898285e+01 6.03427429e+01
    6.03057823e+01 5.89128532e+01 5.74935608e+01 5.95045128e+01
    5.93527756e+01 6.42295456e+01 6.83861618e+01 7.33935165e+01
    7.31821594e+01 7.71169586e+01 7.89475174e+01 7.36450043e+01
    7.43017883e+01 7.31099472e+01 7.56893158e+01 7.46487122e+01
    7.34147797e+01 7.82154465e+01 7.42541733e+01 6.01074524e+01
    6.40405884e+01 6.81632080e+01 6.79673615e+01 6.05370026e+01
    6.85218964e+01 7.78538589e+01 7.56264801e+01 7.26629639e+01
    6.93576126e+01 6.97907944e+01 6.91826401e+01 6.79998550e+01
    7.01981964e+01 5.64681129e+01 5.32794342e+01 5.96885986e+01
    6.53361588e+01 6.47569809e+01 6.56755676e+01 7.49056244e+01
    7.59649658e+01 7.76836548e+01 7.75144196e+01 7.77282410e+01
    7.72677841e+01 7.64281998e+01 7.56346817e+01 7.36553574e+01
    7.30313416e+01 8.55862350e+01 8.42798462e+01 8.49087906e+01
    7.49360046e+01 6.06578140e+01 6.01787300e+01 6.46670685e+01
    5.28806343e+01 4.91804199e+01 5.23375168e+01 4.66484375e+01
    4.88053207e+01 4.44440002e+01 4.77902908e+01 4.23373795e+01
    5.52759438e+01 5.80706444e+01 6.32450867e+01 6.31755600e+01
    7.53354568e+01 5.63601799e+01 5.64094543e+01 5.12977142e+01
    4.98071289e+01 4.72217407e+01 4.63847237e+01 4.52062073e+01
    4.38835983e+01 4.29145546e+01 4.01714783e+01 5.32197876e+01
    5.78414345e+01 6.27794228e+01 6.30822830e+01 5.64382172e+01
    6.29613190e+01 7.49700546e+01 7.42686844e+01 7.60412445e+01
    7.87631912e+01 7.71011658e+01 7.70446091e+01 7.56411591e+01
    7.36581802e+01 7.57430725e+01 6.15070648e+01 5.76952896e+01
    5.28861771e+01 6.54211426e+01 7.70328751e+01 7.75037384e+01
    6.59079285e+01 6.26719055e+01 5.97327805e+01 5.66515045e+01
    5.86736908e+01 5.62162895e+01 5.68028030e+01 5.13009491e+01
    5.31501617e+01 8.46005783e+01 8.57338333e+01 7.59008560e+01
    7.39994278e+01 6.41483383e+01 5.94317284e+01 6.52197800e+01
    6.14104004e+01 6.04372559e+01 5.63609467e+01 5.80637703e+01
    5.46118507e+01 5.44501266e+01 5.37259560e+01 4.30436897e+01
    5.60607414e+01 5.90379868e+01 6.13148346e+01 6.06321640e+01
    5.75685387e+01 5.88502350e+01 7.28203583e+01 6.83899841e+01
    7.22565918e+01 7.41647263e+01 7.31302032e+01 7.32097626e+01
    7.09557190e+01 7.17560120e+01 7.23127365e+01 6.23463020e+01
    6.35942039e+01 6.46749573e+01 6.22336845e+01 6.33781586e+01
    6.43629150e+01 5.41357040e+01 5.07618523e+01 6.36941338e+01
    6.69847260e+01 6.62731400e+01 6.60102463e+01 6.53278885e+01
    6.73117371e+01 6.56370850e+01 5.50298233e+01 5.95869751e+01
    6.42842865e+01 6.22009354e+01 5.98284340e+01 6.54013901e+01
    7.22292786e+01 6.74618225e+01 7.29586563e+01 7.52365189e+01
    7.42846527e+01 7.40252762e+01 7.16549225e+01 7.04949722e+01
    7.21341248e+01 5.59106522e+01 5.73960342e+01 6.11135368e+01
    6.36904068e+01 8.04042053e+01 6.40017548e+01 6.57998810e+01
    5.94754257e+01 5.57281952e+01 5.20647087e+01 4.96848717e+01
    4.75331917e+01 4.65473862e+01 4.61929665e+01 4.49804420e+01
    1.01918976e+02 1.05116463e+02 8.52148514e+01 8.80685043e+01
    7.13332138e+01 7.09308090e+01 6.11925812e+01 6.08969765e+01
    5.44431648e+01 5.48630257e+01 5.34214935e+01 5.42126312e+01
    5.41711159e+01 5.53785820e+01 5.39066277e+01 6.49189301e+01
    6.95146179e+01 7.36672287e+01 7.66168976e+01 7.37213821e+01
    7.68582840e+01 7.82781143e+01 8.06643829e+01 6.93026581e+01
    6.43332138e+01 6.22238197e+01 5.91150284e+01 6.01023407e+01
    5.18197212e+01 5.30333176e+01 6.02375679e+01 6.20734901e+01
    6.49575729e+01 6.13089066e+01 6.16664162e+01 6.21440277e+01
    5.17036171e+01 4.93326569e+01 5.28491249e+01 5.91283073e+01
    5.51565628e+01 5.80249405e+01 5.58425980e+01 5.89115868e+01
    6.32491989e+01 5.31314468e+01 5.79900284e+01 6.44309769e+01
    5.82319527e+01 5.97406845e+01 6.60106049e+01 6.67415771e+01
    6.21034126e+01 6.10122261e+01 6.07294464e+01 5.71802521e+01
    5.88016319e+01 5.71037140e+01 6.83300858e+01 6.72723923e+01
    5.46197395e+01 5.53811684e+01 5.60858727e+01 5.52707672e+01
    5.81479568e+01 5.98378448e+01 5.82270088e+01 5.92379150e+01
    5.94035683e+01 5.89030762e+01 5.85675011e+01 5.80467529e+01
    5.79824829e+01 6.17633934e+01 4.93741951e+01 6.79539032e+01
    7.39644241e+01 8.40429535e+01 8.45423431e+01 7.85481033e+01
    7.47685089e+01 7.06106033e+01 6.87889481e+01 7.66165771e+01
    7.75927277e+01 7.87417908e+01 7.58288116e+01 7.70532379e+01
    7.72322159e+01 7.37723389e+01 5.85714455e+01 6.10225258e+01
    6.08069878e+01 6.56045609e+01 5.69048538e+01 5.48688965e+01
    5.68828812e+01 5.79892540e+01 5.78100204e+01 5.84475517e+01
    5.53612175e+01 5.49960518e+01 5.31724777e+01 5.32890129e+01
    5.39903564e+01 6.55737076e+01 6.61404419e+01 6.68081207e+01
    5.82253456e+01 5.76533051e+01 4.91296349e+01 5.07163696e+01
    4.87963638e+01 5.05233459e+01 5.03166428e+01 5.06350212e+01
    4.92303200e+01 4.77858772e+01 4.75056076e+01 4.73122139e+01
    4.48458481e+01 4.84475517e+01 4.97352486e+01 4.98856850e+01
    5.95826530e+01 5.32213669e+01 4.83154678e+01 5.63582764e+01
