<?xml version="1.0"?>
<opencv_storage>
<training_set_points type_id="opencv-matrix">
  <rows>62</rows>
  <cols>15</cols>
  <dt>f</dt>
  <data>
    5.31604919e+01 5.31301689e+01 5.22734108e+01 5.15648651e+01
    5.58940773e+01 5.83087540e+01 5.91577034e+01 6.14943390e+01
    6.17066078e+01 6.27368736e+01 6.02795105e+01 5.93291512e+01
    5.46303825e+01 5.30776711e+01 5.38026390e+01 4.85893135e+01
    5.01632576e+01 5.34235458e+01 5.49095001e+01 6.06109314e+01
    6.55604095e+01 6.55225754e+01 6.72793503e+01 6.72485046e+01
    7.04086533e+01 7.23253937e+01 7.24171448e+01 6.74794006e+01
    6.46088638e+01 6.54087067e+01 5.21540451e+01 6.01002274e+01
    6.59883194e+01 6.46630020e+01 6.29521751e+01 5.99886818e+01
    6.11244698e+01 6.09036751e+01 5.93591003e+01 6.40727310e+01
    6.75369415e+01 6.75634460e+01 6.62243958e+01 6.46079712e+01
    6.53716431e+01 8.09673233e+01 9.40383911e+01 9.39089508e+01
    8.77593613e+01 7.77037354e+01 6.98365784e+01 6.69159393e+01
    7.05296326e+01 7.29213562e+01 6.94933701e+01 6.61285019e+01
    6.14664688e+01 6.13386383e+01 6.24371033e+01 6.51206207e+01
    5.85347481e+01 6.54912186e+01 6.95953979e+01 6.62193756e+01
    6.76968918e+01 6.14459991e+01 5.83783684e+01 6.28752785e+01
    6.41385498e+01 6.26966324e+01 6.04922523e+01 5.79429207e+01
    5.85354080e+01 5.85848503e+01 6.16997986e+01 5.25663795e+01
    6.50488739e+01 6.86604996e+01 6.63850632e+01 6.31835823e+01
    6.14402542e+01 6.11734009e+01 6.11840401e+01 6.00747185e+01
    6.41314850e+01 6.78218079e+01 6.81402130e+01 6.61735687e+01
    6.63590622e+01 6.68765182e+01 6.21099548e+01 6.79768295e+01
    7.22541580e+01 7.13589249e+01 6.79487000e+01 6.31938934e+01
    6.13858299e+01 6.32662430e+01 6.30349464e+01 6.44580841e+01
    6.56010818e+01 6.69138489e+01 6.96570816e+01 7.08724747e+01
    7.03339233e+01 6.88264313e+01 6.77152939e+01 6.47533569e+01
    6.26262016e+01 6.18868523e+01 6.23073196e+01 6.23583794e+01
    6.33069496e+01 6.35949249e+01 6.31747017e+01 6.29828186e+01
    6.03514481e+01 5.60038795e+01 5.34390259e+01 5.31305084e+01
    6.61099854e+01 6.58935013e+01 6.36099358e+01 6.21831436e+01
    6.26746712e+01 6.40126419e+01 6.33664322e+01 6.43849640e+01
    6.39897995e+01 6.38047447e+01 6.51924515e+01 6.22296677e+01
    5.91200867e+01 5.42338638e+01 5.34803352e+01 7.97200928e+01
    8.69983673e+01 8.97082977e+01 8.98640823e+01 1.03021523e+02
    1.03161057e+02 9.01683731e+01 9.33065186e+01 9.12283554e+01
    8.08356628e+01 6.92879028e+01 6.28144379e+01 5.93422508e+01
    5.63330421e+01 5.57873421e+01 1.07927422e+02 9.50027313e+01
    1.04778679e+02 9.19432831e+01 8.81309967e+01 7.73792038e+01
    6.29997177e+01 6.28032799e+01 6.40319977e+01 6.38003693e+01
    5.61084099e+01 5.39659805e+01 5.20049553e+01 5.42783623e+01
    5.50725708e+01 5.50260506e+01 6.19627762e+01 7.15792770e+01
    7.28632202e+01 6.21991577e+01 5.89850159e+01 6.08369370e+01
    5.99871521e+01 5.85329285e+01 5.88256264e+01 6.02256241e+01
    5.94386520e+01 5.87215881e+01 5.62421417e+01 5.64203644e+01
    5.73714218e+01 5.89620247e+01 5.91577988e+01 5.89069786e+01
    5.58844719e+01 5.63531990e+01 5.25762482e+01 5.67495155e+01
    5.98560104e+01 5.61318626e+01 5.46087151e+01 5.42567406e+01
    5.51915283e+01 5.37833786e+01 5.29393768e+01 4.86426697e+01
    4.96146584e+01 6.20053902e+01 9.60713501e+01 1.05670059e+02
    5.72681961e+01 5.78006210e+01 5.74618645e+01 5.84937019e+01
    6.77694550e+01 6.81155090e+01 6.46438293e+01 6.17101440e+01
    5.89666023e+01 5.74053192e+01 5.83972740e+01 5.90656662e+01
    6.59322128e+01 7.10876465e+01 7.46496124e+01 7.72391663e+01
    7.83102493e+01 8.07640381e+01 8.12340240e+01 7.79221268e+01
    7.84704590e+01 8.02871017e+01 8.07237167e+01 8.08259201e+01
    7.98011780e+01 7.17296906e+01 7.60589981e+01 6.56574020e+01
    6.06360931e+01 6.53652496e+01 6.85444031e+01 5.61002045e+01
    5.93720245e+01 6.23333969e+01 5.84948654e+01 5.64165039e+01
    5.72574272e+01 5.86455841e+01 5.77353210e+01 5.84715576e+01
    1.37501495e+02 1.33907761e+02 1.28889648e+02 1.18422646e+02
    8.87807846e+01 7.83178177e+01 6.53694916e+01 6.84877090e+01
    7.09142761e+01 6.69370270e+01 5.89728279e+01 5.60825615e+01
    5.60749855e+01 6.22192268e+01 6.23527718e+01 6.78649063e+01
    7.30118179e+01 7.68908005e+01 7.58216095e+01 7.76215363e+01
    7.89575500e+01 8.03423996e+01 8.25144348e+01 8.33206940e+01
    8.42680969e+01 8.93246918e+01 9.34319916e+01 9.71909485e+01
    9.59335022e+01 9.40313034e+01 9.19386368e+01 9.51198578e+01
    9.45707550e+01 9.04415436e+01 8.44769821e+01 6.79060364e+01
    8.56785431e+01 8.09124527e+01 6.99072952e+01 8.54625244e+01
    8.65244522e+01 7.62073669e+01 6.84372482e+01 7.10031052e+01
    7.26526566e+01 9.29724731e+01 9.47915115e+01 8.81538544e+01
    9.36306839e+01 8.71811371e+01 7.16132736e+01 7.17808304e+01
    7.24534607e+01 6.98713455e+01 7.49407883e+01 7.86151047e+01
    7.31443710e+01 7.17629471e+01 7.54607315e+01 7.57224045e+01
    9.15695648e+01 9.73988953e+01 9.25845566e+01 9.03108444e+01
    8.93765564e+01 8.05331421e+01 7.43543625e+01 7.83901291e+01
    7.65807800e+01 7.76155853e+01 8.19583282e+01 7.37432785e+01
    7.59135208e+01 7.75995560e+01 7.50312195e+01 1.07840973e+02
    1.06973076e+02 1.00202568e+02 9.88451538e+01 9.93103790e+01
    9.24748230e+01 9.04184189e+01 8.90721512e+01 7.81735764e+01
    9.12801819e+01 1.10342056e+02 9.52506332e+01 7.42908936e+01
    8.35211411e+01 8.67026825e+01 9.64122925e+01 9.75688019e+01
    1.02294006e+02 9.70155716e+01 9.33156433e+01 9.38515320e+01
    9.32393875e+01 9.72127533e+01 9.69773636e+01 8.25241165e+01
    6.70378418e+01 6.70116425e+01 8.29350052e+01 8.00684586e+01
    7.37490234e+01 9.23989029e+01 7.95378036e+01 7.35691071e+01
    7.85018616e+01 6.79912720e+01 5.93844719e+01 5.54712944e+01
    5.94440308e+01 6.22492485e+01 6.00038223e+01 6.05905647e+01
    6.12372093e+01 6.69188614e+01 6.46215744e+01 6.04003944e+01
    9.38103714e+01 9.94816208e+01 9.74334641e+01 9.46684799e+01
    8.88574295e+01 9.32838440e+01 8.71738434e+01 9.21616058e+01
    9.65486679e+01 7.24798889e+01 6.75016403e+01 7.69434204e+01
    8.54924927e+01 7.01256409e+01 6.16959496e+01 9.05014572e+01
    9.15289383e+01 8.82028046e+01 8.45349884e+01 8.22645187e+01
    7.81063309e+01 6.91940231e+01 7.42606735e+01 7.60879059e+01
    7.70340118e+01 7.23890228e+01 7.11914215e+01 7.76883621e+01
    6.51248932e+01 5.75504341e+01 9.76363525e+01 9.80769119e+01
    1.04932770e+02 1.07849564e+02 9.68273010e+01 9.10247803e+01
    8.73526382e+01 9.28200302e+01 9.63837433e+01 8.80019989e+01
    8.15641403e+01 7.84955444e+01 8.39396210e+01 7.23671417e+01
    6.44721146e+01 8.35289612e+01 8.05141068e+01 7.93868256e+01
    7.82755814e+01 7.27319031e+01 7.75508499e+01 7.75937424e+01
    7.94712448e+01 7.73133392e+01 7.53015900e+01 7.56018448e+01
    7.32253036e+01 6.56512680e+01 5.19136620e+01 4.55475655e+01
    6.88293228e+01 7.60034103e+01 7.62547913e+01 7.62474976e+01
    7.05961380e+01 5.74358406e+01 5.55866814e+01 5.80876427e+01
    5.96047058e+01 6.31022644e+01 6.55122375e+01 6.51239014e+01
    5.81630402e+01 4.66224213e+01 4.10904007e+01 7.63618317e+01
    7.88560181e+01 7.55891037e+01 7.02070618e+01 5.68063278e+01
    5.36275253e+01 5.62333298e+01 5.80454063e+01 5.88851814e+01
    5.99582367e+01 6.00150185e+01 6.39141884e+01 7.16350632e+01
    5.44445267e+01 4.97116852e+01 1.23981865e+02 1.21107895e+02
    9.83826141e+01 1.00873772e+02 1.04296272e+02 9.99916534e+01
    1.08915863e+02 1.07109047e+02 9.74512177e+01 9.88273392e+01
    8.34004288e+01 8.62527618e+01 9.34246902e+01 8.90758438e+01
    8.10913773e+01 1.11621521e+02 1.02702179e+02 1.01452881e+02
    1.08767418e+02 1.03936646e+02 8.84856491e+01 8.68676300e+01
    8.57379837e+01 8.51787491e+01 9.79298553e+01 8.55606918e+01
    8.51847229e+01 7.60561371e+01 7.21392212e+01 6.67200851e+01
    9.05840225e+01 8.84586487e+01 9.44790955e+01 1.10040649e+02
    8.95849152e+01 8.41990585e+01 6.91091385e+01 7.36856766e+01
