<?xml version="1.0"?>
<opencv_storage>
<training_set_points type_id="opencv-matrix">
  <rows>60</rows>
  <cols>15</cols>
  <dt>f</dt>
  <data>
    1.01031815e+02 9.43562622e+01 9.10944214e+01 8.79463577e+01
    8.43515472e+01 7.67120285e+01 7.83638306e+01 7.31540680e+01
    7.09479828e+01 7.66153259e+01 7.45850754e+01 7.80967407e+01
    8.01987686e+01 7.70799179e+01 7.50966110e+01 1.02508568e+02
    1.00539848e+02 9.81922760e+01 9.74728241e+01 1.03406357e+02
    1.02250420e+02 9.82855301e+01 9.80023193e+01 9.89571304e+01
    9.42676620e+01 9.34958344e+01 8.94045181e+01 8.79178696e+01
    8.70112305e+01 8.63116989e+01 9.03629532e+01 9.27809448e+01
    9.27500839e+01 9.08433304e+01 7.60874557e+01 6.64139175e+01
    7.41613770e+01 6.30719337e+01 5.77277145e+01 7.24227829e+01
    6.62668228e+01 7.11923065e+01 6.65344238e+01 7.67246552e+01
    8.00576172e+01 9.24560471e+01 1.02264160e+02 1.01586853e+02
    1.02319695e+02 9.44865036e+01 8.58242722e+01 9.37186356e+01
    8.71899033e+01 8.02093506e+01 8.80067978e+01 8.36369553e+01
    7.44740067e+01 6.92628555e+01 7.16218338e+01 6.68436813e+01
    7.94252014e+01 7.51206894e+01 8.29773026e+01 8.26328659e+01
    7.71253738e+01 7.79215240e+01 6.67122955e+01 7.14295120e+01
    8.10903702e+01 7.68333359e+01 7.42251129e+01 7.35989761e+01
    7.39700317e+01 7.00348434e+01 6.98678513e+01 8.16688232e+01
    7.23434067e+01 7.12164001e+01 7.02477798e+01 8.00424118e+01
    8.50826035e+01 8.12066422e+01 7.73144073e+01 7.94738464e+01
    7.43655777e+01 7.58232498e+01 7.92755966e+01 8.01550751e+01
    8.23094101e+01 7.83397598e+01 7.15065460e+01 7.35309753e+01
    7.82399139e+01 8.09391327e+01 7.04427414e+01 6.43754196e+01
    6.14157104e+01 6.16346016e+01 6.37082214e+01 5.83086357e+01
    5.24675865e+01 5.42710037e+01 5.32568474e+01 5.92323227e+01
    5.92535591e+01 9.45787125e+01 9.80695877e+01 9.29878540e+01
    9.40975952e+01 9.82101135e+01 1.00353844e+02 9.48379440e+01
    9.72361298e+01 1.03928894e+02 1.03991058e+02 1.04601860e+02
    1.02108269e+02 1.00701653e+02 9.91407623e+01 9.36963501e+01
    8.05531769e+01 7.70078964e+01 7.86678619e+01 7.78558350e+01
    7.80060043e+01 7.92206345e+01 8.31332397e+01 7.98923264e+01
    7.55068359e+01 7.35470200e+01 7.45748291e+01 7.64082413e+01
    7.75514450e+01 7.46378174e+01 7.44557953e+01 9.11871490e+01
    9.09108429e+01 9.35745621e+01 9.41875000e+01 9.07326202e+01
    8.97118301e+01 9.29514618e+01 8.71370850e+01 8.47278442e+01
    8.19536209e+01 8.32930527e+01 8.30408630e+01 8.31732788e+01
    8.28407898e+01 8.23744583e+01 5.47441483e+01 6.21653442e+01
    5.79274750e+01 5.60923843e+01 5.43355637e+01 5.38750191e+01
    4.21877289e+01 4.53120270e+01 5.62142754e+01 6.52074356e+01
    6.49108353e+01 6.62869110e+01 6.52576828e+01 6.64324417e+01
    6.74778442e+01 6.64985886e+01 4.51576881e+01 4.77220650e+01
    3.95820732e+01 4.97587204e+01 5.86938896e+01 5.85516434e+01
    6.31841698e+01 6.19392815e+01 5.22614517e+01 5.46180115e+01
    6.44445190e+01 7.00317230e+01 6.39237785e+01 6.58996048e+01
    6.62387848e+01 6.63868408e+01 6.15568504e+01 5.99714127e+01
    4.58997002e+01 4.10442963e+01 5.45331993e+01 5.39726906e+01
    4.52632523e+01 3.55177345e+01 2.92009869e+01 5.20250015e+01
    6.68673248e+01 5.90679245e+01 6.18311996e+01 7.10822067e+01
    7.60046616e+01 6.26363716e+01 6.18752174e+01 4.94413338e+01
    4.28072929e+01 5.03206367e+01 5.01433830e+01 4.21139336e+01
    4.02637482e+01 3.94603195e+01 3.53280029e+01 3.25847168e+01
    3.20609589e+01 2.83943634e+01 4.59923210e+01 5.65485840e+01
    5.20536499e+01 5.08476486e+01 4.78355751e+01 4.83171806e+01
    3.52594795e+01 3.53203545e+01 4.83921661e+01 5.79892349e+01
    5.56959839e+01 5.51404877e+01 5.08050041e+01 5.86858559e+01
    6.31161194e+01 7.60931549e+01 7.14556503e+01 7.60891953e+01
    7.41052475e+01 6.11247292e+01 5.25708923e+01 5.54911880e+01
    5.39789047e+01 5.19487000e+01 4.49960823e+01 4.07097816e+01
    5.98838425e+01 6.90395126e+01 5.77824020e+01 7.23617554e+01
    7.14065399e+01 7.12507401e+01 6.49457932e+01 6.76384735e+01
    6.86654739e+01 6.35233574e+01 6.54612656e+01 6.21415100e+01
    5.66398315e+01 6.12320976e+01 5.96872368e+01 5.80263405e+01
    5.67790604e+01 5.48601913e+01 5.24865074e+01 5.21882935e+01
    4.88005638e+01 5.10594597e+01 4.50186539e+01 3.40223770e+01
    2.99927139e+01 4.29009628e+01 3.30595207e+01 2.85851326e+01
    3.01431370e+01 2.94973259e+01 2.59534874e+01 2.38890438e+01
    2.49817543e+01 2.66917419e+01 8.35878220e+01 8.04159393e+01
    6.39775581e+01 6.12546196e+01 6.35825768e+01 6.16728973e+01
    5.63747063e+01 6.26284218e+01 6.35102081e+01 5.81631470e+01
    5.82505035e+01 5.47836037e+01 5.29910812e+01 5.14118195e+01
    5.04386559e+01 6.69097748e+01 6.42285690e+01 5.79906769e+01
    5.47072792e+01 5.22912712e+01 5.04512939e+01 4.26011543e+01
    4.45816460e+01 5.00414810e+01 4.78724976e+01 4.55168190e+01
    5.09658203e+01 5.35626030e+01 5.53183784e+01 5.89305916e+01
    6.07723770e+01 6.26940155e+01 7.17699127e+01 6.77851791e+01
    5.56646004e+01 5.41047668e+01 5.61476288e+01 4.96039352e+01
    4.80006676e+01 4.44256325e+01 4.40852928e+01 3.90381813e+01
    3.74330177e+01 3.38051224e+01 2.98982506e+01 5.72821007e+01
    6.72095490e+01 6.33075485e+01 6.57703247e+01 6.48047791e+01
    6.10526810e+01 6.07072792e+01 5.87307281e+01 6.11319351e+01
    5.79890327e+01 5.84408340e+01 5.14685211e+01 4.89556007e+01
    4.58761139e+01 4.24172859e+01 6.45221634e+01 6.91610413e+01
    6.21606522e+01 5.95233727e+01 6.47920837e+01 6.59019318e+01
    6.35666008e+01 6.42051620e+01 6.34312515e+01 5.87929039e+01
    5.77476082e+01 5.73756371e+01 5.66837959e+01 5.60645485e+01
    5.47787018e+01 7.62531967e+01 7.10938110e+01 5.69096947e+01
    5.47869568e+01 5.59997139e+01 5.56065292e+01 5.37931824e+01
    5.95220108e+01 5.92475319e+01 5.41632004e+01 5.20590897e+01
    5.62913208e+01 5.90962830e+01 5.85268021e+01 5.72582970e+01
    8.99999924e+01 8.83719559e+01 9.13125610e+01 9.04781189e+01
    8.83264236e+01 8.83692856e+01 9.15964890e+01 8.89941177e+01
    8.36219940e+01 8.21520462e+01 8.05037689e+01 8.87351990e+01
    9.07467346e+01 9.09541931e+01 9.00153275e+01 3.63379707e+01
    4.61384964e+01 6.19427643e+01 5.98172646e+01 3.86211624e+01
    3.50670586e+01 4.53363686e+01 3.91313477e+01 3.21333160e+01
    3.17983894e+01 3.06980534e+01 2.63242321e+01 2.47762852e+01
    2.50803947e+01 2.49104290e+01 6.78073502e+01 6.94301300e+01
    7.10421524e+01 6.99987106e+01 6.82467804e+01 6.69127197e+01
    6.92315521e+01 5.74752235e+01 5.96839714e+01 5.77908897e+01
    5.71468163e+01 5.42512474e+01 5.29496918e+01 5.63044624e+01
    5.82341232e+01 6.55871658e+01 6.67761307e+01 6.92439194e+01
    6.50743790e+01 6.74194260e+01 6.88714752e+01 6.24984283e+01
    6.86646576e+01 6.44256439e+01 6.27703476e+01 6.24110680e+01
    6.03216019e+01 5.92456703e+01 5.60446014e+01 5.34964561e+01
    6.84213104e+01 6.90125275e+01 7.00376587e+01 7.67509766e+01
    6.52695312e+01 5.51800652e+01 5.79684563e+01 5.69945374e+01
    5.06207085e+01 5.30149918e+01 5.05018997e+01 4.38651505e+01
    3.93739738e+01 4.12453499e+01 4.03979530e+01 2.87363472e+01
    4.69569969e+01 2.99771252e+01 3.41840096e+01 3.76233215e+01
    3.37318764e+01 3.91882401e+01 4.27051926e+01 4.07365837e+01
    4.74976730e+01 4.84481659e+01 4.61734123e+01 4.32030640e+01
    4.44380112e+01 4.46371613e+01 7.75793533e+01 7.49214478e+01
    6.83409729e+01 6.39037704e+01 5.76705513e+01 5.82515144e+01
    5.83738174e+01 6.22597656e+01 6.31806297e+01 5.49867172e+01
    5.45182076e+01 5.62767410e+01 5.58549805e+01 5.62624321e+01
    5.61527252e+01 6.66231918e+01 5.87894554e+01 5.75170326e+01
    5.23888321e+01 5.42763481e+01 5.80963745e+01 4.94621468e+01
    6.75791245e+01 5.74924927e+01 4.84516258e+01 4.96927452e+01
    5.32336693e+01 5.46721344e+01 5.58433800e+01 5.92336922e+01
    8.87895355e+01 6.29781036e+01 5.16494789e+01 5.53006706e+01
    4.66041412e+01 4.65380898e+01 5.74286690e+01 3.16168118e+01
