<?xml version="1.0"?>
<opencv_storage>
<training_set_points type_id="opencv-matrix">
  <rows>60</rows>
  <cols>15</cols>
  <dt>f</dt>
  <data>
    6.46751251e+01 6.50129395e+01 6.47965393e+01 6.41968384e+01
    6.44499512e+01 6.46910934e+01 6.42944641e+01 6.51271133e+01
    6.57430725e+01 6.55021210e+01 6.55055084e+01 6.53379669e+01
    6.51424789e+01 6.46287537e+01 6.48052521e+01 9.79935074e+01
    9.80020599e+01 9.85124283e+01 1.01531242e+02 1.02882217e+02
    9.96314011e+01 9.94610138e+01 9.85870514e+01 9.88479080e+01
    9.91220703e+01 9.95228424e+01 9.95201874e+01 9.94156647e+01
    1.00358879e+02 1.00600883e+02 9.05891037e+01 9.07790298e+01
    9.06235275e+01 9.20317841e+01 9.22044296e+01 9.20814133e+01
    9.24357758e+01 9.15441284e+01 9.21313019e+01 9.26120453e+01
    9.17007828e+01 9.21107101e+01 9.15427933e+01 9.23273544e+01
    9.27009506e+01 7.53829880e+01 7.54586029e+01 7.53188934e+01
    7.50480499e+01 7.51688690e+01 7.56472092e+01 7.52910309e+01
    7.59255829e+01 7.67841187e+01 7.67187653e+01 7.64895401e+01
    7.65142822e+01 7.61654205e+01 7.61763687e+01 7.59504852e+01
    9.58499908e+01 9.56290283e+01 9.55866852e+01 9.63001251e+01
    9.58153000e+01 9.56231689e+01 9.55117645e+01 9.55887833e+01
    9.59022369e+01 9.62686996e+01 9.64099426e+01 9.63250198e+01
    9.65308914e+01 9.77582016e+01 9.88433075e+01 9.03405991e+01
    9.04461670e+01 9.05556259e+01 9.11498108e+01 9.14571991e+01
    9.14963989e+01 9.14091492e+01 9.15648041e+01 9.23086243e+01
    9.31265869e+01 9.33517914e+01 9.33343811e+01 9.32409134e+01
    9.31929321e+01 9.31307068e+01 8.15898666e+01 8.18407745e+01
    8.27208633e+01 8.51543274e+01 8.49029617e+01 8.60040512e+01
    8.57423782e+01 8.65355682e+01 8.67173920e+01 8.65729218e+01
    8.72525558e+01 8.68503494e+01 8.59136734e+01 8.59973297e+01
    8.44944687e+01 6.48181381e+01 6.45929718e+01 6.42600098e+01
    6.39532890e+01 6.42975769e+01 6.43600311e+01 6.40850677e+01
    6.47982864e+01 6.50548325e+01 6.50922318e+01 6.52063141e+01
    6.52312851e+01 6.48339310e+01 6.46445312e+01 6.45771637e+01
    9.08441772e+01 9.15082169e+01 9.23838501e+01 9.46339417e+01
    9.42428589e+01 9.41223145e+01 9.47468948e+01 9.44710464e+01
    9.46583557e+01 9.54836426e+01 9.58764420e+01 9.61865082e+01
    9.63989487e+01 9.70691299e+01 9.76814880e+01 7.95568771e+01
    7.97028198e+01 7.94237366e+01 8.03908539e+01 8.01675720e+01
    7.98971329e+01 8.01884079e+01 8.00110474e+01 8.04591751e+01
    8.12746887e+01 8.10972977e+01 8.06468353e+01 8.06278229e+01
    8.05761566e+01 8.06763763e+01 9.34778824e+01 9.35226593e+01
    9.42022858e+01 9.52633209e+01 9.48635712e+01 9.43588486e+01
    9.48894653e+01 9.44124985e+01 9.44570007e+01 9.54501572e+01
    9.64087219e+01 9.73713455e+01 9.67087479e+01 9.65875244e+01
    9.63928223e+01 9.11907730e+01 9.15582428e+01 9.19489288e+01
    9.35014038e+01 9.33908691e+01 9.37727737e+01 9.36820450e+01
    9.42568207e+01 9.47317505e+01 9.55087967e+01 9.61638565e+01
    9.62674789e+01 9.58701324e+01 9.59461365e+01 9.54559326e+01
    8.39478149e+01 8.37654190e+01 8.42795563e+01 8.62559738e+01
    8.60447311e+01 8.61708908e+01 8.70372467e+01 8.68037415e+01
    8.68700256e+01 8.79286346e+01 8.84183350e+01 8.96663208e+01
    8.89949341e+01 8.93778763e+01 8.90247879e+01 7.49483337e+01
    7.49176788e+01 7.47838745e+01 7.56177902e+01 7.53840332e+01
    7.51412201e+01 7.54967499e+01 7.55517273e+01 7.58245468e+01
    7.65052490e+01 7.66712189e+01 7.70607147e+01 7.62648087e+01
    7.66486511e+01 7.66228714e+01 6.38342438e+01 6.36915436e+01
    6.39293022e+01 6.58348541e+01 6.52105103e+01 6.51286621e+01
    6.56422958e+01 6.54462280e+01 6.58832626e+01 6.65865326e+01
    6.66927414e+01 6.65127106e+01 6.59107971e+01 6.58640289e+01
    6.53333969e+01 8.57845154e+01 8.59592209e+01 8.60552979e+01
    8.70118713e+01 8.66828918e+01 8.72301178e+01 8.71158981e+01
    8.70333862e+01 8.70165863e+01 8.78078690e+01 8.80491486e+01
    8.82259216e+01 8.81731720e+01 8.81483459e+01 8.86071625e+01
    9.45346451e+01 9.46100540e+01 9.42050247e+01 9.45972824e+01
    9.48990402e+01 9.49266663e+01 9.46338577e+01 9.49862595e+01
    9.55547028e+01 9.56636276e+01 9.56977386e+01 9.47566986e+01
    9.44517517e+01 9.39034729e+01 9.32935944e+01 7.08374634e+01
    7.11164169e+01 7.13367004e+01 7.21861496e+01 7.20861053e+01
    7.24732819e+01 7.25323563e+01 7.30037689e+01 7.34529495e+01
    7.38567276e+01 7.38232727e+01 7.37228012e+01 7.32167435e+01
    7.28965454e+01 7.21385880e+01 7.19293594e+01 7.17171555e+01
    7.14778900e+01 7.20116425e+01 7.19694519e+01 7.21828766e+01
    7.21730042e+01 7.21065369e+01 7.23806686e+01 7.26347656e+01
    7.28721848e+01 7.26111908e+01 7.19319611e+01 7.16638336e+01
    7.12639236e+01 8.12610397e+01 8.11153183e+01 8.08135605e+01
    8.07151108e+01 8.07157593e+01 8.08472672e+01 8.08020630e+01
    8.14024277e+01 8.21010132e+01 8.24791718e+01 8.28061600e+01
    8.31703033e+01 8.27847977e+01 8.34302063e+01 8.39108887e+01
    4.45293045e+01 4.46228218e+01 4.54892578e+01 4.88101006e+01
    4.78550262e+01 4.70544319e+01 4.86391907e+01 4.73771515e+01
    4.71106110e+01 4.91419945e+01 4.90108032e+01 4.92849083e+01
    4.83996010e+01 4.85863914e+01 4.90266151e+01 8.50181808e+01
    8.59195633e+01 8.63143005e+01 8.73795624e+01 8.77524490e+01
    8.87500000e+01 8.78302689e+01 9.00633850e+01 9.11974869e+01
    8.98942032e+01 8.96902847e+01 8.87517548e+01 8.94381027e+01
    8.91195221e+01 8.90042572e+01 7.04718857e+01 7.13491516e+01
    7.20602264e+01 6.99173126e+01 6.96502380e+01 7.04178314e+01
    6.99925766e+01 7.11346893e+01 7.15885468e+01 7.08926620e+01
    7.17688522e+01 7.08941040e+01 7.00539780e+01 7.02875977e+01
    6.86822662e+01 7.12252579e+01 7.13885498e+01 7.14326019e+01
    7.11169586e+01 7.10416718e+01 7.15670547e+01 7.00890274e+01
    7.10369797e+01 7.09441299e+01 6.97282867e+01 6.96434555e+01
    6.87845230e+01 6.76980591e+01 6.73107452e+01 6.59571686e+01
    7.68056030e+01 7.65570602e+01 7.64332962e+01 7.52839737e+01
    7.51576843e+01 7.50009003e+01 7.40967560e+01 7.44145889e+01
    7.49215622e+01 7.41978455e+01 7.37214813e+01 7.29596481e+01
    7.30577698e+01 7.23039627e+01 7.19422150e+01 5.93855858e+01
    5.85171356e+01 5.52562218e+01 4.43059082e+01 4.61294212e+01
    4.64809532e+01 4.38890190e+01 4.48501892e+01 4.66975327e+01
    4.37247543e+01 4.19395142e+01 4.11176910e+01 4.34680634e+01
    4.33104744e+01 4.32079926e+01 6.43929520e+01 6.32948456e+01
    6.24436569e+01 6.09844055e+01 5.99502411e+01 5.84483833e+01
    5.83943977e+01 5.72269325e+01 5.71704025e+01 5.71255112e+01
    5.54624405e+01 5.43031464e+01 5.33479462e+01 5.23670807e+01
    5.17136803e+01 7.13226089e+01 7.12458801e+01 7.08974228e+01
    7.22223740e+01 7.15367279e+01 7.08505096e+01 7.06814117e+01
    6.98500443e+01 6.93248062e+01 6.89686813e+01 6.77324982e+01
    6.60341187e+01 6.48986359e+01 6.35900154e+01 6.18033485e+01
    6.89768753e+01 6.87711945e+01 6.84381104e+01 6.86405945e+01
    6.85850677e+01 6.85990829e+01 6.84267273e+01 6.88190231e+01
    6.92816162e+01 7.00311813e+01 6.96597443e+01 6.96644287e+01
    6.92703934e+01 6.94698486e+01 6.94328766e+01 6.40260468e+01
    6.44883499e+01 6.51099014e+01 6.72651215e+01 6.62877960e+01
    6.59372482e+01 6.58174591e+01 6.47045135e+01 6.37147713e+01
    6.37918930e+01 6.29279709e+01 6.20053558e+01 6.03616180e+01
    5.91021500e+01 5.77759895e+01 7.76384735e+01 7.73249969e+01
    7.59194641e+01 7.28755722e+01 7.27658157e+01 7.27617035e+01
    7.06988220e+01 7.15302582e+01 7.18724747e+01 6.90852661e+01
    6.67622833e+01 6.46796265e+01 6.40249176e+01 6.19720879e+01
    6.01206245e+01 7.15021133e+01 7.17192383e+01 7.20471115e+01
    7.23065338e+01 7.24412689e+01 7.23043442e+01 7.26111221e+01
    7.24647827e+01 7.20565262e+01 7.11770554e+01 6.94129715e+01
    6.67897034e+01 6.39017563e+01 6.04958305e+01 5.63877678e+01
    6.31368790e+01 6.33347511e+01 6.32572098e+01 6.25918503e+01
    6.29697952e+01 6.35652428e+01 6.25307159e+01 6.39349098e+01
