<?xml version="1.0"?>
<opencv_storage>
<training_set_points type_id="opencv-matrix">
  <rows>60</rows>
  <cols>15</cols>
  <dt>f</dt>
  <data>
    8.18962555e+01 7.83163910e+01 7.54896240e+01 7.57903976e+01
    7.53512497e+01 7.51869278e+01 7.49346619e+01 7.47643280e+01
    7.30145645e+01 7.13254700e+01 7.17032623e+01 7.15145264e+01
    7.16192245e+01 7.15877151e+01 7.15195007e+01 9.33288879e+01
    9.29628372e+01 9.26771011e+01 9.22335052e+01 9.20794601e+01
    9.18927155e+01 9.16444016e+01 9.17287216e+01 8.99314270e+01
    8.84359589e+01 8.80860596e+01 8.79232330e+01 8.83809738e+01
    8.80979004e+01 8.83892975e+01 8.54519577e+01 8.22105560e+01
    7.98990326e+01 7.95908508e+01 7.89725647e+01 7.86246109e+01
    7.79320450e+01 7.71251602e+01 7.55071106e+01 7.38064575e+01
    7.29347610e+01 7.28225784e+01 7.26515121e+01 7.25480194e+01
    7.29320221e+01 1.10704109e+02 1.10964516e+02 1.10702271e+02
    1.11103271e+02 1.11641029e+02 1.11772781e+02 1.11980453e+02
    1.11891205e+02 1.10532761e+02 1.09373978e+02 1.09893112e+02
    1.10091385e+02 1.10513412e+02 1.10767456e+02 1.10744652e+02
    1.18193954e+02 1.18874489e+02 1.19270966e+02 1.19792351e+02
    1.20684265e+02 1.20938911e+02 1.21823700e+02 1.22441940e+02
    1.20882095e+02 1.19117126e+02 1.19734238e+02 1.20211342e+02
    1.20783562e+02 1.21346550e+02 1.21482178e+02 9.89577637e+01
    9.93113785e+01 9.95230179e+01 9.95203934e+01 9.96899948e+01
    9.98482513e+01 1.00679680e+02 1.01326584e+02 9.96038284e+01
    9.82776947e+01 9.86716995e+01 9.91481934e+01 9.97326965e+01
    9.93991852e+01 9.96812363e+01 9.69286575e+01 9.71760635e+01
    9.72223129e+01 9.68512421e+01 9.64979248e+01 9.66981888e+01
    9.58858261e+01 9.57618866e+01 9.38535004e+01 9.19328613e+01
    9.09734726e+01 9.11607437e+01 9.12482910e+01 9.03932495e+01
    9.06213989e+01 9.81427536e+01 9.82417908e+01 9.74554520e+01
    9.68734207e+01 9.57122040e+01 9.53903809e+01 9.38644485e+01
    9.32744446e+01 9.17188568e+01 9.03381805e+01 8.92395935e+01
    8.90076904e+01 8.90512314e+01 8.89703217e+01 8.94167252e+01
    1.10514549e+02 1.10796524e+02 1.11056717e+02 1.11596619e+02
    1.12336441e+02 1.12678848e+02 1.13031258e+02 1.13285042e+02
    1.11917679e+02 1.10151497e+02 1.10768875e+02 1.11036331e+02
    1.10945358e+02 1.11175659e+02 1.11355408e+02 9.62953110e+01
    9.57201309e+01 9.56800690e+01 9.54397812e+01 9.57543030e+01
    9.57899704e+01 9.55356522e+01 9.52767258e+01 9.38246307e+01
    9.18465958e+01 9.14238434e+01 9.14366455e+01 9.13488922e+01
    9.07744141e+01 9.08725967e+01 9.74693298e+01 9.73932190e+01
    9.68281479e+01 9.64777679e+01 9.65419159e+01 9.63081741e+01
    9.62603989e+01 9.63386536e+01 9.44118042e+01 9.25816956e+01
    9.25300064e+01 9.26672363e+01 9.23793945e+01 9.28105087e+01
    9.25139694e+01 9.51189728e+01 9.48311844e+01 9.44863586e+01
    9.42279968e+01 9.44888229e+01 9.42949448e+01 9.42490540e+01
    9.43313522e+01 9.27078247e+01 9.09561615e+01 9.06687317e+01
    9.07032013e+01 9.07938385e+01 9.07451401e+01 9.08126297e+01
    1.03371300e+02 1.04173973e+02 1.05266907e+02 1.05486412e+02
    1.05998772e+02 1.07040314e+02 1.07752068e+02 1.08338417e+02
    1.06840736e+02 1.05142212e+02 1.05776146e+02 1.06440483e+02
    1.06380905e+02 1.06357643e+02 1.06415726e+02 7.13333740e+01
    7.45783844e+01 8.39134979e+01 8.91609573e+01 9.09898376e+01
    9.12822647e+01 9.09156265e+01 9.06953812e+01 8.82881088e+01
    8.58675308e+01 8.50080261e+01 8.38384781e+01 8.32984619e+01
    8.25979309e+01 8.13933563e+01 9.34065781e+01 9.29352341e+01
    9.32190170e+01 9.30401306e+01 9.29707947e+01 9.23541794e+01
    9.20382462e+01 9.18118210e+01 9.06426468e+01 8.85602722e+01
    8.80390091e+01 8.76346588e+01 8.78280106e+01 8.76742172e+01
    8.80515366e+01 7.16287766e+01 7.68898697e+01 8.46242599e+01
    8.84421768e+01 8.95979691e+01 8.91541061e+01 8.75580826e+01
    8.66478119e+01 8.46946106e+01 8.28879242e+01 8.05705414e+01
    7.87293701e+01 7.79016800e+01 7.73752289e+01 7.61771469e+01
    7.47076950e+01 8.07840118e+01 9.07863235e+01 9.60137100e+01
    9.75092468e+01 9.81630936e+01 9.75326996e+01 9.72526398e+01
    9.48182449e+01 9.20275116e+01 9.05496597e+01 8.90382462e+01
    8.82447891e+01 8.67728500e+01 8.56555176e+01 9.36605453e+01
    9.52354050e+01 9.49733047e+01 9.48482361e+01 9.45569382e+01
    9.42436676e+01 9.40818253e+01 9.39578171e+01 9.25023804e+01
    9.05034637e+01 9.07692413e+01 9.03860168e+01 9.06408997e+01
    9.04036102e+01 9.06079788e+01 6.18723030e+01 6.77444000e+01
    7.83226776e+01 8.42417145e+01 8.67775726e+01 8.85934982e+01
    8.83344421e+01 8.80917816e+01 8.59866867e+01 8.36759109e+01
    8.22448883e+01 8.05777054e+01 7.95182495e+01 7.80407867e+01
    7.69980469e+01 6.13554802e+01 6.73866196e+01 7.45422974e+01
    7.85668259e+01 7.99343414e+01 8.00594330e+01 7.92156372e+01
    7.88272400e+01 7.61891251e+01 7.31547241e+01 7.21022186e+01
    7.11212311e+01 7.06854324e+01 6.91699066e+01 6.84476700e+01
    7.02830276e+01 7.11528778e+01 7.34765701e+01 7.61311340e+01
    7.79469299e+01 8.04041290e+01 8.16961670e+01 8.30898972e+01
    8.33831406e+01 8.17987442e+01 8.19857254e+01 8.25826035e+01
    8.32753220e+01 8.24746475e+01 8.26734619e+01 7.33729324e+01
    7.86894379e+01 8.69807281e+01 9.14718857e+01 9.43240891e+01
    9.63583832e+01 9.72528992e+01 9.73496094e+01 9.50615845e+01
    9.25992737e+01 9.25281677e+01 9.15235672e+01 9.10508881e+01
    9.04557114e+01 8.96365891e+01 9.45852127e+01 9.49680481e+01
    9.50951004e+01 9.49610367e+01 9.55111008e+01 9.60154266e+01
    9.58701630e+01 9.57278748e+01 9.38842545e+01 9.22046738e+01
    9.21819992e+01 9.24463730e+01 9.26010284e+01 9.27931213e+01
    9.29869537e+01 6.24852257e+01 6.76047211e+01 7.49491577e+01
    7.89785461e+01 8.04271774e+01 8.03803635e+01 7.87426910e+01
    7.84381180e+01 7.59838409e+01 7.34975891e+01 7.20753937e+01
    7.08350830e+01 6.98945465e+01 6.89574890e+01 6.81177444e+01
    7.49634094e+01 8.03279648e+01 8.84534149e+01 9.35779190e+01
    9.82756424e+01 1.01417679e+02 1.03929451e+02 1.05458977e+02
    1.04084915e+02 1.02166435e+02 1.02351021e+02 1.02699203e+02
    1.02837418e+02 1.02961838e+02 1.02253464e+02 6.75636826e+01
    7.48463287e+01 8.50285645e+01 8.93117905e+01 9.21764374e+01
    9.23522568e+01 9.26582489e+01 9.19221268e+01 8.92458191e+01
    8.58512802e+01 8.45856628e+01 8.29153290e+01 8.12609940e+01
    7.99275055e+01 7.85267715e+01 7.00107422e+01 7.67522354e+01
    8.60553055e+01 9.06754990e+01 9.30086441e+01 9.41177750e+01
    9.48957825e+01 9.53696442e+01 9.30374298e+01 9.05241470e+01
    9.04892960e+01 8.95790863e+01 8.89386826e+01 8.74595184e+01
    8.63280640e+01 6.60674744e+01 7.35268173e+01 8.49848404e+01
    8.90950623e+01 8.99157715e+01 9.06269455e+01 8.98823318e+01
    8.97967377e+01 8.88520126e+01 8.65680771e+01 8.52074356e+01
    8.43537903e+01 8.44432678e+01 8.26532288e+01 8.33125839e+01
    6.44234924e+01 7.00289841e+01 7.86787643e+01 8.55040512e+01
    8.91927948e+01 9.19963989e+01 9.22379913e+01 9.34599228e+01
    9.33090515e+01 9.18375244e+01 9.04868698e+01 8.93464813e+01
    8.94387665e+01 8.85631332e+01 8.84840775e+01 6.52289429e+01
    7.25523376e+01 8.31650848e+01 8.87470398e+01 9.14871216e+01
    9.28161011e+01 9.29926910e+01 9.29305115e+01 9.08908691e+01
    8.80790253e+01 8.67169724e+01 8.52231750e+01 8.43636017e+01
    8.24121399e+01 8.10444794e+01 9.78496094e+01 9.74417267e+01
    9.77680588e+01 9.80856857e+01 9.78734894e+01 9.77880173e+01
    9.71986618e+01 9.68983612e+01 9.59789200e+01 9.40414581e+01
    9.33991547e+01 9.37314377e+01 9.35506668e+01 9.35744934e+01
    9.39532471e+01 6.86442566e+01 7.64933777e+01 8.59140549e+01
    8.97871628e+01 9.15917969e+01 9.20231094e+01 9.13500366e+01
    9.08634796e+01 8.78212357e+01 8.50785141e+01 8.38831635e+01
    8.23433533e+01 8.09788208e+01 7.97764511e+01 7.82299728e+01
    6.95070724e+01 7.45060272e+01 8.22386322e+01 8.59839020e+01
    8.80712662e+01 8.87216339e+01 8.82145233e+01 8.79811172e+01
