<?xml version="1.0"?>
<opencv_storage>
<training_set_points type_id="opencv-matrix">
  <rows>60</rows>
  <cols>15</cols>
  <dt>f</dt>
  <data>
    6.84750214e+01 6.77436218e+01 6.77328873e+01 6.66482620e+01
    6.94252930e+01 7.08785095e+01 7.13101120e+01 6.98553238e+01
    6.87381058e+01 6.74908447e+01 6.75020523e+01 6.80247040e+01
    6.75152206e+01 7.00417023e+01 7.03788834e+01 7.32773972e+01
    7.50358353e+01 7.81290817e+01 7.68906403e+01 7.68940048e+01
    7.63873291e+01 7.45966644e+01 7.29962387e+01 7.19534836e+01
    7.23069916e+01 7.30219727e+01 7.33330765e+01 7.28818817e+01
    7.52071457e+01 7.52023468e+01 6.40616837e+01 6.81702194e+01
    6.92386169e+01 6.92318268e+01 7.03781357e+01 7.12465057e+01
    6.97741089e+01 6.90078430e+01 6.84436646e+01 6.90489960e+01
    6.90337067e+01 6.98340683e+01 6.91126022e+01 7.16131744e+01
    7.04466705e+01 6.65344620e+01 6.64656601e+01 6.65205383e+01
    6.65314789e+01 6.87947617e+01 6.90620956e+01 6.95991058e+01
    7.03551178e+01 6.95997543e+01 6.86298294e+01 6.88188248e+01
    6.93565369e+01 6.86138763e+01 7.06042938e+01 6.98500824e+01
    6.53246689e+01 6.36173019e+01 6.53140182e+01 6.68800049e+01
    6.81288986e+01 6.77645645e+01 6.73063507e+01 6.83943710e+01
    6.81897888e+01 6.84123917e+01 6.88690643e+01 6.93226471e+01
    6.75939789e+01 7.11065063e+01 7.02118607e+01 7.17121735e+01
    7.21136246e+01 7.16847534e+01 7.06547089e+01 7.06174774e+01
    7.07481384e+01 6.89774933e+01 6.92837753e+01 6.95724258e+01
    7.05808029e+01 7.07107849e+01 7.13034973e+01 7.06361237e+01
    7.33427277e+01 7.34625854e+01 6.60513916e+01 6.68378677e+01
    6.62305679e+01 6.51781082e+01 6.57455292e+01 6.56461639e+01
    6.42867203e+01 6.46069794e+01 6.46122437e+01 6.41886139e+01
    6.36011009e+01 6.32735939e+01 6.33585701e+01 6.51623383e+01
    6.53217850e+01 5.94649620e+01 6.69119186e+01 7.01294861e+01
    6.85641785e+01 6.99190826e+01 6.99136200e+01 6.68572998e+01
    6.68392334e+01 6.67671509e+01 6.53555222e+01 6.44022980e+01
    6.43851318e+01 6.45631332e+01 6.54029312e+01 6.63965454e+01
    7.38483200e+01 5.47164917e+01 4.67353706e+01 4.81842422e+01
    5.41257286e+01 5.49256973e+01 5.47490311e+01 6.31393166e+01
    6.00089493e+01 6.77621765e+01 6.98470840e+01 7.06470566e+01
    6.85727386e+01 7.32041397e+01 7.41307602e+01 6.65655441e+01
    6.51160583e+01 6.41319046e+01 6.23645782e+01 6.23907318e+01
    6.17914925e+01 6.07251015e+01 6.00856705e+01 5.94279099e+01
    5.98115311e+01 5.98075523e+01 6.03366508e+01 5.98151398e+01
    6.20661621e+01 6.17119865e+01 8.39533768e+01 6.19153481e+01
    5.84559441e+01 5.05411758e+01 4.23230019e+01 4.42653313e+01
    7.18285446e+01 7.37184448e+01 7.37823563e+01 7.38518295e+01
    7.39895096e+01 7.45715942e+01 7.33281097e+01 7.55917740e+01
    7.68371964e+01 5.22915230e+01 4.70014954e+01 5.99958267e+01
    6.42776184e+01 6.73437576e+01 6.81535263e+01 6.96279602e+01
    6.98847961e+01 6.90595703e+01 6.75950089e+01 6.67807999e+01
    6.68154373e+01 6.63596802e+01 6.71828308e+01 6.74084549e+01
    6.34988136e+01 5.77511902e+01 6.59439926e+01 6.49476166e+01
    6.78865433e+01 6.64259644e+01 6.90287323e+01 6.71207962e+01
    6.56176071e+01 6.55895844e+01 6.66587448e+01 6.78446579e+01
    6.61420212e+01 7.01637344e+01 7.22696609e+01 5.75523682e+01
    6.43417969e+01 6.58946228e+01 6.49226761e+01 6.59149094e+01
    6.59705200e+01 6.50830078e+01 6.53799438e+01 6.51952667e+01
    6.47827911e+01 6.43377991e+01 6.44568634e+01 6.45408325e+01
    6.60573959e+01 6.59216690e+01 7.42506256e+01 6.72834320e+01
    6.23590164e+01 6.23619614e+01 6.35625572e+01 6.37289581e+01
    6.50713806e+01 6.45547256e+01 6.35935516e+01 6.48396759e+01
    6.47378693e+01 6.53245087e+01 6.46342239e+01 6.74576035e+01
    6.80415344e+01 6.34132004e+01 6.92242050e+01 7.35058823e+01
    7.90597763e+01 7.92482834e+01 8.65345764e+01 6.54330750e+01
    6.70695267e+01 7.21639557e+01 7.10336380e+01 6.63286133e+01
    6.57602921e+01 7.03083496e+01 6.39009399e+01 5.81940079e+01
    7.17314529e+01 6.69298172e+01 6.59607315e+01 6.66209564e+01
    6.83313293e+01 6.83593750e+01 6.65150986e+01 6.66009674e+01
    6.78124542e+01 6.72946930e+01 6.54814148e+01 6.55923538e+01
    6.64752045e+01 6.64589767e+01 6.65461121e+01 6.32862663e+01
    8.13078232e+01 8.50095978e+01 8.10558167e+01 8.69227371e+01
    9.18754349e+01 7.83244247e+01 7.81100311e+01 8.18760452e+01
    7.71300735e+01 7.44810104e+01 7.42243805e+01 7.59272003e+01
    7.13377151e+01 6.74789581e+01 6.48751221e+01 7.33488846e+01
    8.25735779e+01 8.51943665e+01 9.12844772e+01 9.31529007e+01
    7.45174408e+01 8.19789200e+01 8.92337265e+01 7.96782532e+01
    7.46638718e+01 7.45010376e+01 7.80779572e+01 7.52547684e+01
    7.06738129e+01 6.27482147e+01 7.29117050e+01 8.72778778e+01
    8.21102219e+01 8.41954117e+01 8.61079941e+01 9.04650040e+01
    8.33582840e+01 8.73518066e+01 8.01831970e+01 7.68291855e+01
    7.75251617e+01 8.00027008e+01 7.58694992e+01 7.21755676e+01
    6.68929977e+01 6.52496796e+01 6.79019928e+01 7.16133118e+01
    8.78756332e+01 8.78090515e+01 7.53550415e+01 7.91645660e+01
    8.99680786e+01 7.74698868e+01 7.24777069e+01 7.34704514e+01
    7.65442657e+01 7.24622803e+01 6.82239685e+01 6.14560051e+01
    7.12560730e+01 7.69068146e+01 8.10249786e+01 9.03461914e+01
    9.43358765e+01 7.67389832e+01 8.14021606e+01 8.72376633e+01
    8.72269135e+01 8.08489914e+01 8.10310440e+01 8.60178986e+01
    7.60067978e+01 7.04640732e+01 5.47821121e+01 5.10877991e+01
    5.21761322e+01 5.94346542e+01 6.57279434e+01 6.56639709e+01
    6.60305939e+01 6.62702484e+01 6.56552734e+01 6.49283447e+01
    6.43355713e+01 6.43287125e+01 6.43965988e+01 6.54750748e+01
    6.53655243e+01 7.03232422e+01 7.37648468e+01 7.38037338e+01
    7.57715530e+01 7.89934921e+01 8.26634521e+01 9.58957214e+01
    8.59985428e+01 8.15684891e+01 7.51897659e+01 7.20670624e+01
    6.96297760e+01 7.13732605e+01 6.47580032e+01 5.99269447e+01
    6.36078186e+01 7.32890472e+01 7.40778503e+01 7.84653778e+01
    7.94462433e+01 7.98228836e+01 9.30048523e+01 9.76688004e+01
    9.48193970e+01 8.90092316e+01 8.09577713e+01 7.80203857e+01
    8.25057144e+01 7.11461945e+01 6.64361801e+01 6.46633606e+01
    6.73382263e+01 7.88488235e+01 7.88552551e+01 8.10622787e+01
    8.21276245e+01 8.57466049e+01 9.36009064e+01 8.34450836e+01
    8.71853561e+01 9.66314850e+01 1.00105957e+02 8.85193100e+01
    9.09518738e+01 7.84315109e+01 7.07473297e+01 8.04896240e+01
    7.80587616e+01 7.58529510e+01 7.83147659e+01 8.00424118e+01
    8.58460541e+01 8.69343109e+01 8.39677505e+01 7.82876511e+01
    8.33517838e+01 8.30327377e+01 7.83516693e+01 7.82793274e+01
    7.45562057e+01 6.63535843e+01 6.47739563e+01 7.03030014e+01
    7.29120941e+01 7.47552948e+01 7.48575287e+01 7.29438477e+01
    7.18999863e+01 7.23707199e+01 6.88936462e+01 6.65906830e+01
    6.59253006e+01 6.72135315e+01 6.29388123e+01 5.97370491e+01
    7.32272797e+01 7.60364838e+01 7.64871445e+01 7.59191513e+01
    7.63626251e+01 7.59800262e+01 7.00629730e+01 7.15074997e+01
    7.30209503e+01 7.16492462e+01 6.90240784e+01 6.82723160e+01
    7.10420227e+01 6.77472534e+01 6.37366486e+01 7.24839401e+01
    7.23725739e+01 6.99448624e+01 6.77058182e+01 6.86585922e+01
    6.93431549e+01 6.84871750e+01 6.74899521e+01 6.73458710e+01
    6.61194916e+01 6.49347992e+01 6.46970596e+01 6.53552933e+01
    6.58261795e+01 6.66096039e+01 7.44556732e+01 7.84496002e+01
    7.54297867e+01 7.50538254e+01 7.78691483e+01 7.94480438e+01
    8.27381058e+01 8.10681610e+01 7.88416824e+01 7.89483185e+01
    7.74168854e+01 7.62921143e+01 7.87174377e+01 7.54223785e+01
    7.36523743e+01 7.28946991e+01 6.58225708e+01 6.93932037e+01
    7.00192490e+01 7.19867172e+01 7.24121552e+01 7.49409103e+01
    7.33121262e+01 7.27931366e+01 7.21026306e+01 7.12348099e+01
    7.14381027e+01 7.18976440e+01 7.08634338e+01 6.97723618e+01
    8.01327744e+01 8.31128235e+01 8.13486252e+01 8.03790970e+01
    7.87622681e+01 8.00732727e+01 7.60268936e+01 8.29161987e+01
