<?xml version="1.0"?>
<opencv_storage>
<training_set_points type_id="opencv-matrix">
  <rows>60</rows>
  <cols>15</cols>
  <dt>f</dt>
  <data>
    6.34136505e+01 6.24849358e+01 5.94813957e+01 5.93731232e+01
    5.93427353e+01 6.03535805e+01 6.28521500e+01 6.14071808e+01
    6.09107895e+01 6.18479652e+01 6.23105316e+01 6.29558372e+01
    6.42521744e+01 6.30187302e+01 6.36446648e+01 4.45474625e+01
    4.74608269e+01 4.97737579e+01 5.06454773e+01 5.07476158e+01
    5.11470833e+01 5.56110611e+01 5.24527893e+01 5.27386017e+01
    5.32796669e+01 5.35332451e+01 5.34251785e+01 5.34812126e+01
    5.43140106e+01 5.48318748e+01 6.76971207e+01 6.80265427e+01
    6.82994690e+01 7.01684799e+01 6.96330338e+01 7.02867126e+01
    7.35167770e+01 7.32264328e+01 7.40012970e+01 7.39545593e+01
    7.40018158e+01 7.49429016e+01 7.36956940e+01 7.71770248e+01
    7.78873520e+01 6.33175201e+01 6.59087601e+01 6.83202744e+01
    6.76081085e+01 6.86838531e+01 6.96469574e+01 6.98699188e+01
    7.06877060e+01 7.06593246e+01 6.86804962e+01 6.90703506e+01
    6.91566162e+01 6.91734467e+01 7.10092392e+01 7.12763748e+01
    6.74183578e+01 7.07845993e+01 7.32145615e+01 7.26366806e+01
    7.33128204e+01 7.42171555e+01 7.42136078e+01 7.54721222e+01
    7.54055939e+01 7.31100235e+01 7.37275848e+01 7.32351456e+01
    7.31338730e+01 7.54288483e+01 7.50781174e+01 5.93184280e+01
    6.30915604e+01 6.63794556e+01 6.65488434e+01 6.71596222e+01
    6.81398468e+01 6.92678757e+01 6.93915558e+01 6.91405029e+01
    6.78632660e+01 6.83664627e+01 6.89312439e+01 6.92840881e+01
    7.00368729e+01 7.03745880e+01 5.98752670e+01 6.45276489e+01
    6.86780472e+01 6.93324966e+01 6.95419388e+01 6.99675751e+01
    7.19297104e+01 7.13590164e+01 7.12709427e+01 7.13005905e+01
    7.22274551e+01 7.21294098e+01 7.27818909e+01 7.31364212e+01
    7.31743774e+01 6.72071228e+01 7.00181503e+01 7.24255676e+01
    7.13579483e+01 7.24168854e+01 7.32152863e+01 7.25959244e+01
    7.34704971e+01 7.33577957e+01 7.20847473e+01 7.26846695e+01
    7.27377930e+01 7.33449707e+01 7.41834946e+01 7.36285248e+01
    4.75644913e+01 5.16711502e+01 5.85760994e+01 5.76798172e+01
    5.86910362e+01 5.94096184e+01 5.95284348e+01 5.93634224e+01
    5.87365417e+01 5.46680527e+01 5.43055229e+01 5.36653519e+01
    5.00870514e+01 5.71046257e+01 5.67074585e+01 5.01232758e+01
    5.11389809e+01 5.59277878e+01 5.66353683e+01 5.72853661e+01
    5.87876854e+01 6.03440819e+01 5.83524971e+01 5.92919006e+01
    5.62799835e+01 5.60347290e+01 5.64575119e+01 5.68360291e+01
    5.75466690e+01 5.81418381e+01 6.58704529e+01 6.75538330e+01
    6.93237839e+01 6.86131134e+01 6.96697617e+01 7.03437042e+01
    7.01746368e+01 7.03524551e+01 7.03744659e+01 6.83363113e+01
    6.89347382e+01 6.84587021e+01 6.80070190e+01 6.96513138e+01
    6.95735626e+01 1.06117500e+02 8.33712540e+01 7.65483856e+01
    7.29777756e+01 7.26555786e+01 7.28441315e+01 7.65130615e+01
    7.44519272e+01 7.41352844e+01 7.45803375e+01 7.36748962e+01
    7.56217880e+01 7.47819443e+01 7.54293518e+01 7.67514420e+01
    8.69588852e+01 8.10412903e+01 1.14469086e+02 8.10445709e+01
    7.72794037e+01 7.77114029e+01 7.73454285e+01 8.11180420e+01
    7.67227325e+01 7.74895935e+01 8.18840637e+01 7.67181320e+01
    7.68057861e+01 7.69726562e+01 7.82254105e+01 7.94925232e+01
    8.41571808e+01 8.69292831e+01 7.54383545e+01 7.77589798e+01
    8.07007675e+01 7.66163712e+01 8.00647049e+01 7.83157196e+01
    7.50046234e+01 7.65849991e+01 7.47962494e+01 7.44424667e+01
    7.74526367e+01 7.74432907e+01 5.58672447e+01 5.90450935e+01
    6.16026001e+01 6.09897842e+01 6.12740822e+01 6.16373558e+01
    6.37256050e+01 6.22711372e+01 6.21471138e+01 6.13953857e+01
    6.16871033e+01 6.17463989e+01 6.20541992e+01 6.27061272e+01
    6.22997704e+01 6.93454514e+01 7.04138260e+01 7.02884216e+01
    7.07659683e+01 7.15998383e+01 7.28609543e+01 7.47160645e+01
    7.48057022e+01 7.58260727e+01 7.95395813e+01 8.07826691e+01
    8.30089569e+01 8.40383377e+01 8.42679367e+01 8.56744232e+01
    5.11840591e+01 5.28328362e+01 5.56560593e+01 5.51603584e+01
    5.55455017e+01 5.61618881e+01 5.82088356e+01 5.57704201e+01
    5.71458015e+01 5.65195503e+01 5.64821167e+01 5.72132263e+01
    5.65960083e+01 5.95242233e+01 5.98222504e+01 8.53799667e+01
    7.61090012e+01 8.33694000e+01 8.28410492e+01 7.82925720e+01
    7.65387650e+01 7.51383896e+01 7.54036026e+01 7.66751404e+01
    7.83570023e+01 7.97251511e+01 8.07312851e+01 8.47146988e+01
    8.33362579e+01 8.32424622e+01 1.20856415e+02 8.69620361e+01
    7.58559036e+01 7.51501083e+01 7.52552643e+01 7.69578934e+01
    8.01163406e+01 7.89963684e+01 8.10685959e+01 8.25542908e+01
    8.45049286e+01 8.48924179e+01 8.71409607e+01 8.66682739e+01
    8.69258041e+01 8.66639786e+01 7.70271835e+01 7.29880676e+01
    7.18670197e+01 7.31411896e+01 7.46058731e+01 7.80338669e+01
    7.68684235e+01 7.82501144e+01 8.08077011e+01 8.16436844e+01
    8.24693069e+01 8.31105042e+01 8.49886017e+01 8.52355042e+01
    6.40395660e+01 6.20191727e+01 6.58758926e+01 6.69432144e+01
    6.81386871e+01 6.94756470e+01 7.27981720e+01 7.32845306e+01
    7.37337494e+01 7.62968521e+01 7.77845306e+01 8.07321548e+01
    8.15478592e+01 7.89736633e+01 7.94019470e+01 8.63970261e+01
    7.89788284e+01 7.60003357e+01 7.66211929e+01 7.77373734e+01
    7.87076797e+01 8.16304245e+01 8.12458191e+01 8.34274216e+01
    8.62416458e+01 8.80675583e+01 8.77303772e+01 8.62559738e+01
    9.00311127e+01 9.00635452e+01 6.75770111e+01 6.67966461e+01
    6.77218018e+01 6.98339233e+01 7.11828690e+01 7.36113129e+01
    7.47545853e+01 7.72257690e+01 7.81570206e+01 7.83337936e+01
    7.90641022e+01 7.92524796e+01 8.03134613e+01 8.13407364e+01
    8.10308685e+01 7.28106613e+01 8.08495255e+01 7.88270264e+01
    7.53011322e+01 7.86429672e+01 7.96062698e+01 7.75823441e+01
    7.99471817e+01 8.10033112e+01 8.14703903e+01 8.31360168e+01
    8.47444077e+01 8.89905548e+01 8.50830994e+01 8.53647308e+01
    7.88640900e+01 7.74499664e+01 7.39502792e+01 7.39150543e+01
    7.63526688e+01 7.85756989e+01 7.85955124e+01 7.98432236e+01
    8.08354111e+01 8.19112396e+01 8.31672592e+01 8.35301895e+01
    8.48436203e+01 8.48316193e+01 8.45710068e+01 8.55735397e+01
    7.98948517e+01 8.19519272e+01 8.24360809e+01 8.65188370e+01
    8.69581375e+01 8.37608490e+01 9.13845444e+01 8.96656036e+01
    8.53597641e+01 8.70923462e+01 8.64967880e+01 8.64635620e+01
    8.88845215e+01 8.85874023e+01 6.52181702e+01 7.37906647e+01
    8.71207352e+01 7.82939301e+01 8.05645447e+01 8.16814117e+01
    8.54040375e+01 8.63089447e+01 8.63242493e+01 9.65272751e+01
    9.86873627e+01 1.02893723e+02 1.04714188e+02 9.46687698e+01
    8.86457825e+01 7.25871124e+01 7.46080017e+01 7.18660965e+01
    7.22538834e+01 7.38369446e+01 7.56081772e+01 7.62646408e+01
    7.83412552e+01 7.82540741e+01 7.73628235e+01 7.86560135e+01
    7.79459229e+01 7.82874451e+01 7.97298660e+01 7.96044846e+01
    5.28190231e+01 5.62296486e+01 5.86315231e+01 5.72083015e+01
    5.79258804e+01 5.82207336e+01 5.94037781e+01 5.77082481e+01
    5.75542908e+01 5.58558083e+01 5.60178108e+01 5.63954124e+01
    5.73686180e+01 5.71318970e+01 5.73209305e+01 6.31317368e+01
    6.28337517e+01 6.48728333e+01 6.78530273e+01 6.87422638e+01
    7.04257584e+01 7.26291428e+01 7.30746536e+01 7.44595032e+01
    7.27000198e+01 7.30453644e+01 7.30821075e+01 7.39483261e+01
    7.57759933e+01 7.62604980e+01 7.47968292e+01 7.22160492e+01
    7.81637955e+01 7.85782623e+01 8.24491577e+01 8.39598694e+01
    8.53121185e+01 8.69783630e+01 8.85035095e+01 8.87892303e+01
    8.89339218e+01 8.94878540e+01 8.89626007e+01 9.11462250e+01
    9.11927490e+01 7.63471375e+01 7.62641296e+01 7.69608536e+01
    7.70833817e+01 7.91339493e+01 8.05660248e+01 7.91726227e+01
    8.17195129e+01 8.12291870e+01 8.01435242e+01 8.20783997e+01
    8.20222092e+01 8.19189072e+01 8.23617020e+01 8.26595535e+01
    5.89213829e+01 6.78845596e+01 7.78501740e+01 9.09829254e+01
    8.70496063e+01 8.94430542e+01 8.79491882e+01 9.43186035e+01
