<?xml version="1.0"?>
<opencv_storage>
<training_set_points type_id="opencv-matrix">
  <rows>60</rows>
  <cols>15</cols>
  <dt>f</dt>
  <data>
    1.10290199e+02 1.11884933e+02 1.11457642e+02 1.10760941e+02
    1.11409973e+02 1.12832573e+02 1.17295036e+02 1.13385239e+02
    1.12860092e+02 1.12163803e+02 1.12472656e+02 1.12688728e+02
    1.12673172e+02 1.13218918e+02 1.13855850e+02 1.34262543e+02
    1.35533081e+02 1.34554413e+02 1.33703598e+02 1.33760345e+02
    1.34017059e+02 1.36217682e+02 1.34297531e+02 1.33134949e+02
    1.32095032e+02 1.32973145e+02 1.32663437e+02 1.31940292e+02
    1.31774704e+02 1.32374481e+02 1.00799095e+02 1.00644844e+02
    9.95584335e+01 9.92185516e+01 9.95364075e+01 1.00501961e+02
    1.06882019e+02 1.01831375e+02 1.01014130e+02 1.00812157e+02
    1.01659416e+02 1.01813950e+02 1.02183655e+02 1.01952454e+02
    1.02721161e+02 1.27174850e+02 1.27454819e+02 1.26621346e+02
    1.24684418e+02 1.25104897e+02 1.25226280e+02 1.28669556e+02
    1.26275352e+02 1.24880836e+02 1.24729721e+02 1.25255478e+02
    1.24902817e+02 1.24803490e+02 1.25127045e+02 1.25962631e+02
    1.31358765e+02 1.34250351e+02 1.35146545e+02 1.34450409e+02
    1.35845352e+02 1.36688004e+02 1.39301208e+02 1.39011078e+02
    1.38486267e+02 1.37584717e+02 1.38152512e+02 1.38061737e+02
    1.38087585e+02 1.38734772e+02 1.39467911e+02 9.99846115e+01
    9.83482208e+01 9.79059753e+01 9.60931168e+01 9.66907730e+01
    9.71778641e+01 9.73482513e+01 9.70178909e+01 9.66597366e+01
    9.47629242e+01 9.47851562e+01 9.44090805e+01 9.41399460e+01
    9.36468735e+01 9.44988403e+01 9.16350479e+01 9.00539627e+01
    8.85704117e+01 8.79926529e+01 8.79328995e+01 8.83482513e+01
    8.85417938e+01 8.94058075e+01 8.84324570e+01 8.82415466e+01
    8.88343201e+01 8.86012802e+01 8.90347214e+01 8.94121704e+01
    8.94514847e+01 1.29170151e+02 1.30457733e+02 1.31072449e+02
    1.31277390e+02 1.32936157e+02 1.32707184e+02 1.35815536e+02
    1.34821152e+02 1.34561829e+02 1.34444061e+02 1.34860519e+02
    1.34444870e+02 1.35368683e+02 1.35962250e+02 1.36009109e+02
    8.28070984e+01 8.42914429e+01 8.46074905e+01 8.46436462e+01
    8.62278671e+01 8.67790833e+01 8.80005035e+01 8.88071365e+01
    8.87275238e+01 8.79647598e+01 8.88774033e+01 8.89102859e+01
    8.92201614e+01 8.96745377e+01 8.99935837e+01 6.71215515e+01
    7.57723007e+01 8.09752808e+01 8.62016754e+01 8.87375565e+01
    9.08721466e+01 9.40839615e+01 9.62824249e+01 9.72879715e+01
    1.01328865e+02 1.03396164e+02 1.04515831e+02 1.08276566e+02
    1.10566971e+02 1.10861923e+02 6.49721222e+01 7.28547287e+01
    8.16288910e+01 8.65358429e+01 9.04590302e+01 9.48744965e+01
    9.71641998e+01 9.98681641e+01 1.02297707e+02 1.03670715e+02
    1.05558487e+02 1.07495331e+02 1.09985580e+02 1.11298759e+02
    1.12851204e+02 7.89421616e+01 8.36490021e+01 8.61926041e+01
    9.02366104e+01 9.35259247e+01 9.47855377e+01 9.73598175e+01
    9.99569016e+01 9.93518906e+01 1.02023819e+02 1.03716621e+02
    1.05237724e+02 1.07952637e+02 1.08570526e+02 1.10009911e+02
    7.48715286e+01 7.71862411e+01 8.24317703e+01 8.66951218e+01
    9.10057449e+01 9.49568634e+01 9.91150818e+01 1.02656471e+02
    1.05610779e+02 1.08717819e+02 1.11788483e+02 1.14821983e+02
    1.16849220e+02 1.18913757e+02 1.21464157e+02 9.02696609e+01
    9.44366379e+01 9.90307693e+01 1.04546417e+02 1.09474472e+02
    1.12444778e+02 1.17224686e+02 1.19856560e+02 1.21734985e+02
    1.24934448e+02 1.27494820e+02 1.29015411e+02 1.32374664e+02
    1.32406433e+02 1.33864594e+02 6.65653458e+01 7.36270676e+01
    7.76019669e+01 8.21502914e+01 8.66131058e+01 8.90707016e+01
    9.31765594e+01 9.55651779e+01 9.66089096e+01 9.99214020e+01
    1.01184181e+02 1.02080093e+02 1.04949661e+02 1.06142685e+02
    1.06790909e+02 5.29812813e+01 6.02258453e+01 6.55891418e+01
    7.25161819e+01 7.48800049e+01 7.54407654e+01 8.74199142e+01
    8.00299606e+01 8.02617416e+01 8.47982864e+01 8.48222961e+01
    8.59121475e+01 9.11083832e+01 9.12314606e+01 9.08407974e+01
    9.28914413e+01 9.47748642e+01 1.00173622e+02 1.04838531e+02
    1.09339767e+02 1.13423813e+02 1.17943268e+02 1.21110146e+02
    1.23922104e+02 1.26935944e+02 1.29316010e+02 1.31679550e+02
    1.35591324e+02 1.37804031e+02 1.39801132e+02 1.28584076e+02
    1.30164368e+02 1.31091309e+02 1.31639587e+02 1.32600037e+02
    1.33838486e+02 1.36213394e+02 1.35007965e+02 1.34265533e+02
    1.34773254e+02 1.34983719e+02 1.34602692e+02 1.35025085e+02
    1.35304489e+02 1.35649460e+02 8.35950241e+01 8.31839905e+01
    8.39078140e+01 8.44467621e+01 8.50902481e+01 8.64779816e+01
    8.69378128e+01 8.79220352e+01 8.73728867e+01 8.66922302e+01
    8.68373184e+01 8.72271042e+01 8.78111343e+01 8.84258423e+01
    8.85763092e+01 9.47514648e+01 9.78138809e+01 1.04433922e+02
    1.09923508e+02 1.15933456e+02 1.20177559e+02 1.25083900e+02
    1.28730682e+02 1.30822327e+02 1.33371109e+02 1.36557617e+02
    1.38001892e+02 1.40312958e+02 1.40658096e+02 1.42512939e+02
    7.47502823e+01 7.71381378e+01 8.28153992e+01 8.75921173e+01
    9.15197754e+01 9.45588074e+01 9.94932861e+01 1.02639397e+02
    1.05280251e+02 1.07779449e+02 1.09740746e+02 1.11872208e+02
    1.14212715e+02 1.15560905e+02 1.17263748e+02 9.02941132e+01
    9.74837341e+01 1.01533813e+02 1.05508026e+02 1.09144112e+02
    1.09624214e+02 1.16226555e+02 1.13675842e+02 1.15578003e+02
    1.15398636e+02 1.16914825e+02 1.19054817e+02 1.20185349e+02
    1.21261604e+02 1.22706100e+02 7.40017776e+01 7.71386795e+01
    8.37586288e+01 8.66692810e+01 8.99652405e+01 9.24974518e+01
    9.54737701e+01 9.54231491e+01 9.64319534e+01 9.66831207e+01
    9.68458099e+01 9.57423401e+01 9.86916504e+01 1.00459579e+02
    9.80209656e+01 8.19326324e+01 8.73449783e+01 9.15702896e+01
    9.50781937e+01 9.84658661e+01 1.01495644e+02 1.09350380e+02
    1.05296127e+02 1.05639206e+02 1.08351295e+02 1.09023895e+02
    1.09861740e+02 1.12074532e+02 1.13152802e+02 1.13258873e+02
    7.49851761e+01 7.83129883e+01 8.55338058e+01 9.27652893e+01
    9.70379639e+01 9.97010651e+01 1.10434311e+02 1.06746826e+02
    1.10294914e+02 1.14780930e+02 1.16355118e+02 1.18089302e+02
    1.22465530e+02 1.23053474e+02 1.24190125e+02 9.48284836e+01
    9.84524689e+01 1.05966339e+02 1.11740341e+02 1.18396812e+02
    1.24155594e+02 1.27193558e+02 1.31272491e+02 1.32590363e+02
    1.33076508e+02 1.35568542e+02 1.37467331e+02 1.37826706e+02
    1.37629929e+02 1.40376022e+02 8.51661835e+01 8.86475525e+01
    9.54653549e+01 1.00652954e+02 1.05290527e+02 1.09526215e+02
    1.12929749e+02 1.15524529e+02 1.18472374e+02 1.19995575e+02
    1.22191376e+02 1.23545189e+02 1.26346916e+02 1.28344208e+02
    1.30091232e+02 8.14245300e+01 8.56832123e+01 9.07043152e+01
    9.74227753e+01 1.01656227e+02 1.04816757e+02 1.09100716e+02
    1.11845619e+02 1.13775764e+02 1.16952675e+02 1.18209648e+02
    1.19266113e+02 1.22626938e+02 1.24400009e+02 1.25473701e+02
    8.23991928e+01 8.53232040e+01 9.05971527e+01 9.62384567e+01
    1.00359604e+02 1.03374687e+02 1.07358597e+02 1.09282364e+02
    1.11762489e+02 1.14548096e+02 1.15310982e+02 1.16247833e+02
    1.20223892e+02 1.21707520e+02 1.22223236e+02 8.71062469e+01
    9.15032120e+01 9.89204865e+01 1.05971550e+02 1.10890312e+02
    1.13236427e+02 1.18921570e+02 1.16967323e+02 1.16886169e+02
    1.16602478e+02 1.17851799e+02 1.19486694e+02 1.18650940e+02
    1.18580765e+02 1.21398010e+02 8.87344818e+01 9.26511383e+01
    1.01103493e+02 1.01741798e+02 1.05060974e+02 1.07827209e+02
    1.09762917e+02 1.12249046e+02 1.13031425e+02 1.13700729e+02
    1.15162788e+02 1.16028412e+02 1.17857422e+02 1.19503197e+02
    1.20880844e+02 9.19523315e+01 9.57082977e+01 9.70590363e+01
    9.74240723e+01 1.00526886e+02 1.04769150e+02 1.11921417e+02
    1.09765533e+02 1.10059319e+02 1.10327110e+02 1.12626900e+02
    1.14200157e+02 1.13524261e+02 1.14499519e+02 1.16163078e+02
    9.24796295e+01 9.49108887e+01 9.71074295e+01 9.65170364e+01
    9.96196594e+01 1.02793388e+02 1.09903488e+02 1.06529404e+02
