<?xml version="1.0"?>
<opencv_storage>
<training_set_points type_id="opencv-matrix">
  <rows>60</rows>
  <cols>15</cols>
  <dt>f</dt>
  <data>
    9.90310287e+01 1.01629478e+02 1.00574913e+02 9.85085220e+01
    9.90179749e+01 1.00864601e+02 1.02516190e+02 1.01121948e+02
    9.73800507e+01 9.72501678e+01 9.88391495e+01 9.69171371e+01
    9.43487320e+01 9.81788025e+01 9.44561844e+01 1.01049583e+02
    1.03369949e+02 1.04162971e+02 1.03539139e+02 1.05127068e+02
    1.07066963e+02 1.08136765e+02 1.08697067e+02 1.07121315e+02
    1.05847740e+02 1.06330658e+02 1.07171722e+02 1.07314224e+02
    1.07321793e+02 1.07580139e+02 9.90029526e+01 1.02424881e+02
    1.04681084e+02 1.04102554e+02 1.06392166e+02 1.08447754e+02
    1.09823120e+02 1.10435974e+02 1.08738167e+02 1.07116058e+02
    1.08333275e+02 1.08894203e+02 1.07935211e+02 1.09577621e+02
    1.08624161e+02 9.52871094e+01 9.67103958e+01 9.61923065e+01
    9.46986160e+01 9.63794556e+01 9.81188965e+01 9.89352188e+01
    9.85540237e+01 9.63492279e+01 9.46650162e+01 9.50187225e+01
    9.50443192e+01 9.35683517e+01 9.60940094e+01 9.49511414e+01
    1.21205673e+02 1.25079208e+02 1.24110260e+02 1.23217819e+02
    1.24743446e+02 1.25494980e+02 1.27126678e+02 1.27482300e+02
    1.25474533e+02 1.23216896e+02 1.23622131e+02 1.23049545e+02
    1.20975906e+02 1.23871513e+02 1.22717766e+02 9.55248489e+01
    9.77106934e+01 9.83725052e+01 9.81279678e+01 1.00268219e+02
    1.01940559e+02 1.03780983e+02 1.04998878e+02 1.02801086e+02
    1.01561028e+02 1.02021172e+02 1.02417725e+02 1.03901215e+02
    1.02324745e+02 1.03418892e+02 1.31749954e+02 1.35565384e+02
    1.36723114e+02 1.34503937e+02 1.34824036e+02 1.34971405e+02
    1.35273056e+02 1.34715057e+02 1.31276260e+02 1.28739655e+02
    1.28570862e+02 1.28627182e+02 1.29874786e+02 1.26388992e+02
    1.27488525e+02 9.48016891e+01 9.79269104e+01 9.79618149e+01
    9.71035919e+01 9.86243439e+01 1.00514992e+02 1.01309265e+02
    1.01458992e+02 1.00558739e+02 9.89308167e+01 9.89295578e+01
    9.89118881e+01 9.88885803e+01 1.00086052e+02 9.95133057e+01
    9.71553802e+01 9.80934677e+01 9.96271667e+01 9.81819611e+01
    1.00937431e+02 1.02619934e+02 1.04692513e+02 1.06598030e+02
    1.05649033e+02 1.03766258e+02 1.04700661e+02 1.06281647e+02
    1.08431824e+02 1.06316940e+02 1.08350166e+02 9.72263260e+01
    9.85658264e+01 1.00343727e+02 9.80968170e+01 9.92083969e+01
    1.01024139e+02 1.01846390e+02 1.01362015e+02 9.92876053e+01
    9.78398895e+01 9.87424622e+01 9.88830032e+01 9.75432205e+01
    1.00646736e+02 9.92788773e+01 1.04844261e+02 1.07101486e+02
    1.08574692e+02 1.07801102e+02 1.09037994e+02 1.11191933e+02
    1.11962357e+02 1.12115944e+02 1.09401176e+02 1.08031197e+02
    1.09531769e+02 1.09358391e+02 1.07267204e+02 1.10221664e+02
    1.09211479e+02 1.05724396e+02 1.07552963e+02 1.08402298e+02
    1.06666527e+02 1.08742332e+02 1.10597153e+02 1.10982582e+02
    1.11400955e+02 1.09392632e+02 1.07460823e+02 1.08016388e+02
    1.07973587e+02 1.06490982e+02 1.08260864e+02 1.07407585e+02
    1.32290787e+02 1.35377228e+02 1.38928009e+02 1.36539124e+02
    1.36727921e+02 1.37059708e+02 1.35960052e+02 1.35345200e+02
    1.33068329e+02 1.29583771e+02 1.29136047e+02 1.28578476e+02
    1.26811646e+02 1.27460716e+02 1.27106499e+02 1.04424934e+02
    1.05584824e+02 1.06838478e+02 1.05540184e+02 1.07460480e+02
    1.08539688e+02 1.09873444e+02 1.10506233e+02 1.08661789e+02
    1.07340195e+02 1.07698601e+02 1.08683823e+02 1.07866631e+02
    1.08500717e+02 1.08651024e+02 1.04472656e+02 1.06280113e+02
    1.08784492e+02 1.08128021e+02 1.10487251e+02 1.12531090e+02
    1.13363388e+02 1.14839943e+02 1.13606552e+02 1.11473831e+02
    1.11988258e+02 1.12345856e+02 1.12163025e+02 1.13533165e+02
    1.13127014e+02 8.79144821e+01 8.69125977e+01 8.88027878e+01
    8.74859695e+01 9.08539886e+01 9.25688782e+01 9.37396698e+01
    9.65727539e+01 9.56114273e+01 9.40181808e+01 9.45577621e+01
    9.58927307e+01 9.59665756e+01 9.56846008e+01 9.62994995e+01
    9.29565125e+01 9.37239914e+01 9.47804260e+01 9.24661407e+01
    9.49548721e+01 9.63691788e+01 9.74570999e+01 9.85590820e+01
    9.78438950e+01 9.54215240e+01 9.66017914e+01 9.69991989e+01
    9.83248062e+01 9.68346100e+01 9.77605286e+01 1.04496811e+02
    1.06517845e+02 1.08060280e+02 1.06950974e+02 1.08158798e+02
    1.09380409e+02 1.10288925e+02 1.10684532e+02 1.09100433e+02
    1.07310997e+02 1.07789246e+02 1.08418625e+02 1.07904991e+02
    1.09288971e+02 1.09599068e+02 7.74068451e+01 7.84011536e+01
    7.96914825e+01 7.88216858e+01 7.96515274e+01 8.07301865e+01
    8.17714539e+01 8.23903427e+01 8.13262863e+01 7.94580078e+01
    8.02986908e+01 8.12429352e+01 8.32898941e+01 8.13602295e+01
    8.32828445e+01 1.04813950e+02 1.04468964e+02 1.04694214e+02
    1.02007721e+02 1.03589371e+02 1.05079163e+02 1.06465103e+02
    1.07110031e+02 1.05693527e+02 1.03407883e+02 1.04134483e+02
    1.04259499e+02 1.04909134e+02 1.04741577e+02 1.05582718e+02
    8.88764496e+01 8.41709595e+01 8.90510712e+01 8.57695465e+01
    8.94121094e+01 9.10128937e+01 9.01892319e+01 9.24103699e+01
    9.35751114e+01 8.96020813e+01 8.93837585e+01 9.20484009e+01
    9.45010452e+01 9.22182007e+01 9.60665894e+01 1.00742683e+02
    1.02582520e+02 1.03977615e+02 1.03063850e+02 1.03571602e+02
    1.05185181e+02 1.05651405e+02 1.06624863e+02 1.04986069e+02
    1.02674812e+02 1.03378746e+02 1.04062820e+02 1.04722038e+02
    1.05010773e+02 1.05094872e+02 8.47455139e+01 8.07848206e+01
    8.73764801e+01 8.41764069e+01 8.77862167e+01 9.01127319e+01
    8.89203644e+01 9.03838730e+01 9.08992538e+01 8.77737503e+01
    8.63448029e+01 8.82866745e+01 8.91582031e+01 8.95482101e+01
    9.33051834e+01 9.89980392e+01 9.95165405e+01 1.00270370e+02
    9.89590454e+01 1.00442383e+02 1.02548012e+02 1.03730194e+02
    1.04928284e+02 1.03969574e+02 1.02119690e+02 1.02605797e+02
    1.03396400e+02 1.05084778e+02 1.04235092e+02 1.05790535e+02
    9.73109589e+01 9.83924484e+01 1.00098511e+02 9.87646713e+01
    1.00824242e+02 1.03000061e+02 1.04437500e+02 1.05558411e+02
    1.04513008e+02 1.02745483e+02 1.03210442e+02 1.04141098e+02
    1.04886902e+02 1.05468903e+02 1.05896706e+02 7.97024078e+01
    8.01625366e+01 8.29291687e+01 8.10968094e+01 8.40913773e+01
    8.58502960e+01 8.64555435e+01 8.81893692e+01 8.74974365e+01
    8.54613800e+01 8.55965805e+01 8.69615250e+01 8.78924942e+01
    8.71068268e+01 8.89424667e+01 6.94999390e+01 7.24371719e+01
    7.52056961e+01 7.60812378e+01 7.85320587e+01 8.10133286e+01
    8.25504074e+01 8.43361588e+01 8.22690735e+01 8.16367645e+01
    8.22483978e+01 8.24442596e+01 8.28666229e+01 8.26688919e+01
    8.23356400e+01 6.54804459e+01 6.46423645e+01 7.26849670e+01
    7.13590240e+01 7.52314224e+01 7.80380249e+01 7.65075150e+01
    7.90545959e+01 7.95702286e+01 7.54641647e+01 7.40908737e+01
    7.64295959e+01 7.66717606e+01 7.82259598e+01 8.03682098e+01
    6.29094124e+01 6.05479088e+01 6.73129120e+01 6.56537094e+01
    6.76561661e+01 6.96486282e+01 6.93742447e+01 6.99584351e+01
    6.89919662e+01 6.64047241e+01 6.59571304e+01 6.66167145e+01
    6.82757797e+01 6.82258377e+01 6.95590515e+01 9.01265869e+01
    9.18207016e+01 9.32749252e+01 9.13097687e+01 9.20928421e+01
    9.35556335e+01 9.42252731e+01 9.45960388e+01 9.29621124e+01
    9.12580795e+01 9.14022751e+01 9.19912643e+01 9.19344711e+01
    9.29492416e+01 9.35727539e+01 5.84941177e+01 5.79882812e+01
    6.64411011e+01 6.53733521e+01 6.75875702e+01 6.98433838e+01
    6.80220642e+01 6.97146225e+01 6.99055710e+01 6.61735687e+01
    6.56809082e+01 6.72585144e+01 6.89575043e+01 6.90672913e+01
    7.16687546e+01 1.14339783e+02 1.13681244e+02 1.13958038e+02
    1.11284637e+02 1.12156570e+02 1.12968292e+02 1.12886841e+02
    1.13560112e+02 1.12027237e+02 1.09100494e+02 1.09813469e+02
    1.10829994e+02 1.11090355e+02 1.11318085e+02 1.12687050e+02
    1.00734718e+02 1.02773575e+02 1.04684654e+02 1.03843475e+02
    1.05508743e+02 1.07255066e+02 1.08205582e+02 1.09402908e+02
