<?xml version="1.0"?>
<opencv_storage>
<training_set_points type_id="opencv-matrix">
  <rows>60</rows>
  <cols>15</cols>
  <dt>f</dt>
  <data>
    7.51635742e+01 7.64515991e+01 7.94724350e+01 8.04848404e+01
    7.73966064e+01 8.11011276e+01 8.19755173e+01 7.74977875e+01
    8.15305023e+01 8.71343079e+01 8.64265747e+01 8.92645645e+01
    9.08028946e+01 9.18356934e+01 8.39453659e+01 7.54216995e+01
    7.90156937e+01 8.27444763e+01 7.90624847e+01 7.79174500e+01
    8.04688492e+01 8.14286041e+01 8.01354370e+01 8.24440155e+01
    8.57715378e+01 8.27854767e+01 8.46252060e+01 8.94418488e+01
    8.71100464e+01 8.27132950e+01 7.55199585e+01 7.60988464e+01
    7.73100204e+01 7.98368073e+01 8.25760498e+01 8.37564926e+01
    8.44105759e+01 8.60229263e+01 8.70061951e+01 8.39820786e+01
    8.07814865e+01 8.01846924e+01 7.98698730e+01 7.86092300e+01
    8.41679001e+01 7.55691223e+01 8.85315628e+01 9.06554871e+01
    9.19127350e+01 7.83529816e+01 8.23667755e+01 7.97436523e+01
    7.24901352e+01 7.77703400e+01 8.25300140e+01 8.43296967e+01
    8.72307816e+01 8.44812698e+01 8.53026199e+01 7.68514938e+01
    1.47354828e+02 9.10356369e+01 8.99675064e+01 1.09708199e+02
    1.73601929e+02 1.40086044e+02 1.44759186e+02 1.59766068e+02
    1.32228073e+02 1.24301834e+02 1.15919876e+02 1.25019760e+02
    1.61790741e+02 1.58831177e+02 1.42109253e+02 8.75960693e+01
    8.39192123e+01 8.92015076e+01 9.84859924e+01 1.05142410e+02
    1.06894348e+02 1.14411423e+02 1.27560127e+02 1.13754333e+02
    1.14296371e+02 1.26421379e+02 1.27031456e+02 1.09896164e+02
    1.29606003e+02 1.14989731e+02 7.37168579e+01 7.81279907e+01
    8.57368622e+01 9.29138489e+01 9.37927322e+01 9.43008804e+01
    9.76055756e+01 1.00038055e+02 9.93109970e+01 9.69601059e+01
    9.62504272e+01 9.63202820e+01 9.18402405e+01 9.37889481e+01
    9.56322937e+01 7.30249329e+01 7.72223129e+01 8.79876785e+01
    9.74632721e+01 9.96012802e+01 9.87823105e+01 1.00188538e+02
    1.01237541e+02 9.99191055e+01 9.70191956e+01 9.45436707e+01
    9.21895828e+01 8.70702896e+01 8.67789612e+01 9.09716492e+01
    6.94601059e+01 7.62895432e+01 8.75267105e+01 9.62027283e+01
    9.90487213e+01 9.79646912e+01 1.00644089e+02 1.04073555e+02
    1.00835075e+02 9.16370468e+01 9.15669327e+01 9.03577881e+01
    8.73592834e+01 8.89543152e+01 8.91208801e+01 7.37514420e+01
    8.05462723e+01 8.87926636e+01 9.70238571e+01 1.00090729e+02
    1.01596298e+02 1.03391151e+02 1.04503036e+02 1.03501205e+02
    9.76064148e+01 9.86411057e+01 9.78485718e+01 9.59997711e+01
    9.65626297e+01 9.27363739e+01 6.87680359e+01 7.78646469e+01
    1.02558952e+02 1.12649017e+02 1.07703705e+02 1.08085999e+02
    1.05910858e+02 1.03707481e+02 1.06982513e+02 1.08446182e+02
    1.05692070e+02 1.05080444e+02 1.02074188e+02 1.02905991e+02
    1.08259315e+02 8.53689423e+01 1.24795708e+02 1.40025330e+02
    1.22159912e+02 1.12231796e+02 1.11536911e+02 1.13697250e+02
    1.11662453e+02 1.12870430e+02 1.12845604e+02 1.11600197e+02
    1.11179367e+02 1.10532242e+02 1.19006927e+02 1.07775093e+02
    7.53298035e+01 8.70866318e+01 1.14888390e+02 1.16204399e+02
    1.02302521e+02 1.05088692e+02 1.06140869e+02 1.04901741e+02
    1.06478355e+02 1.07548149e+02 1.07057739e+02 1.05967186e+02
    1.05711189e+02 1.06747742e+02 1.01049072e+02 6.74724731e+01
    7.72253113e+01 8.88421707e+01 1.01157990e+02 9.99271698e+01
    9.82117310e+01 9.92645340e+01 9.90017624e+01 9.59102783e+01
    9.77907104e+01 9.75514374e+01 9.87068939e+01 9.83968353e+01
    9.90899277e+01 8.73737411e+01 1.31102036e+02 1.54473465e+02
    1.56249527e+02 1.24943146e+02 1.33994141e+02 1.65105545e+02
    1.52584915e+02 1.24364693e+02 1.30923126e+02 1.50972504e+02
    1.70664398e+02 1.72575836e+02 1.81301880e+02 1.99475479e+02
    1.37292053e+02 6.38390923e+01 6.32044754e+01 6.48896942e+01
    6.48540649e+01 6.37725792e+01 6.64817505e+01 6.60837021e+01
    6.47765427e+01 6.59544678e+01 6.79601517e+01 6.51782913e+01
    6.64070892e+01 6.74146652e+01 6.72697906e+01 6.59645004e+01
    7.31788635e+01 7.23904343e+01 7.37004700e+01 7.28219070e+01
    7.07139359e+01 7.26788559e+01 7.19511871e+01 7.01962357e+01
    7.17746201e+01 7.32931061e+01 7.16016388e+01 7.40354691e+01
    7.46429138e+01 7.49751892e+01 7.03719864e+01 6.94571533e+01
    7.87421494e+01 8.84040375e+01 9.11996536e+01 9.47081604e+01
    9.54298859e+01 9.92978287e+01 1.03887466e+02 1.04728882e+02
    9.35322723e+01 9.25655518e+01 9.03776016e+01 8.96686783e+01
    8.77996063e+01 9.84233246e+01 9.18407364e+01 8.50117188e+01
    8.16792755e+01 8.66802444e+01 1.10877312e+02 1.07401649e+02
    1.11594795e+02 1.11353958e+02 1.06740227e+02 1.05871452e+02
    1.01640854e+02 9.76404266e+01 8.83609543e+01 8.32927551e+01
    9.02397690e+01 6.62062836e+01 7.46575775e+01 9.26372604e+01
    9.12516251e+01 1.02888016e+02 1.36545593e+02 1.29564728e+02
    1.06429390e+02 1.40895554e+02 1.84881546e+02 1.46194046e+02
    1.50702454e+02 1.48844315e+02 1.13284920e+02 1.33112518e+02
    7.71434708e+01 8.08999710e+01 8.42698288e+01 9.02125168e+01
    9.23229904e+01 8.91176071e+01 9.31825180e+01 9.92011795e+01
    9.53092880e+01 8.78792572e+01 8.38542252e+01 8.38228607e+01
    8.15855179e+01 8.71823883e+01 8.39562912e+01 7.27040482e+01
    8.13804321e+01 9.33942490e+01 1.03504852e+02 1.46530563e+02
    1.15143181e+02 1.25464371e+02 1.54179138e+02 1.15708824e+02
    1.01299835e+02 1.01131973e+02 9.57642517e+01 9.03996811e+01
    8.41549072e+01 9.94297028e+01 5.22637367e+01 5.72016296e+01
    6.69516373e+01 7.29278336e+01 7.67842255e+01 7.78028717e+01
    7.83660583e+01 8.01540680e+01 8.00046234e+01 7.64296570e+01
    7.60629883e+01 7.18876724e+01 6.74319382e+01 6.59142075e+01
    7.32993393e+01 6.07612267e+01 6.52500839e+01 7.25021057e+01
    7.65704956e+01 7.88806915e+01 7.96550446e+01 7.97115936e+01
    8.21918564e+01 8.18746948e+01 8.06938400e+01 7.71805267e+01
    7.62157211e+01 7.42758484e+01 7.47876205e+01 7.61302795e+01
    3.92057800e+01 4.29411545e+01 5.30473175e+01 5.52062645e+01
    6.30439224e+01 6.14207840e+01 6.34626541e+01 7.05090485e+01
    6.75525665e+01 5.81755447e+01 5.58097572e+01 5.37377090e+01
    5.96654205e+01 5.80341530e+01 6.36976166e+01 6.11298370e+01
    6.69082565e+01 7.10155334e+01 7.42523651e+01 8.76347961e+01
    8.72688599e+01 9.00319672e+01 9.82192383e+01 9.57867737e+01
    8.77149124e+01 7.72402802e+01 7.28524323e+01 6.72989044e+01
    6.38178101e+01 8.86604385e+01 6.01221275e+01 6.38648605e+01
    7.41780472e+01 7.68960724e+01 8.86200104e+01 8.85819397e+01
    8.92089462e+01 9.21647644e+01 8.88902130e+01 8.56397018e+01
    8.44124298e+01 8.09172745e+01 7.71717682e+01 7.30709839e+01
    8.16885300e+01 5.10437889e+01 5.73572311e+01 6.27857285e+01
    6.63298645e+01 7.49314575e+01 7.20267868e+01 7.38769302e+01
    7.94204788e+01 7.69575195e+01 7.11720123e+01 6.62745209e+01
    6.10007629e+01 5.59716911e+01 5.78491135e+01 6.92289886e+01
    4.27383575e+01 4.42078705e+01 5.09168701e+01 5.38887062e+01
    6.22204056e+01 6.28366737e+01 6.58469620e+01 6.98174362e+01
    6.85723495e+01 6.20815620e+01 5.78663292e+01 5.23626442e+01
    4.62015839e+01 4.64728889e+01 6.18971634e+01 1.17525841e+02
    1.18350182e+02 1.15906548e+02 1.18920311e+02 1.17099945e+02
    1.16800537e+02 1.18580101e+02 1.17546997e+02 1.18159081e+02
    1.18887497e+02 1.18117508e+02 1.21025482e+02 1.21774170e+02
    1.23506287e+02 1.17771904e+02 7.71006699e+01 8.16504593e+01
    8.76925812e+01 8.88323441e+01 9.23668365e+01 9.12138824e+01
    8.91708298e+01 7.97856979e+01 8.64804382e+01 9.41516113e+01
    9.00820541e+01 8.79184265e+01 8.37862625e+01 8.24772949e+01
    8.32755966e+01 5.21676254e+01 5.69346962e+01 6.06710854e+01
    6.36886368e+01 7.25550537e+01 7.36843262e+01 7.72663879e+01
    8.47417755e+01 8.17163391e+01 7.41249237e+01 6.58393021e+01
    6.07369690e+01 5.42854156e+01 5.59050789e+01 6.92975922e+01
    4.81640663e+01 5.10410309e+01 5.45797844e+01 5.38772583e+01
    6.44475708e+01 6.52526093e+01 6.77340698e+01 7.62502136e+01
