<?xml version="1.0"?>
<opencv_storage>
<training_set_points type_id="opencv-matrix">
  <rows>60</rows>
  <cols>15</cols>
  <dt>f</dt>
  <data>
    5.78321114e+01 6.31623459e+01 7.12837982e+01 8.39691010e+01
    8.37452469e+01 9.00859222e+01 8.64021454e+01 8.37918930e+01
    8.45459671e+01 8.45288239e+01 8.53097153e+01 8.33181305e+01
    8.15464783e+01 7.87809296e+01 8.12077026e+01 6.18296852e+01
    6.85199051e+01 7.68547058e+01 8.48452682e+01 8.39597778e+01
    8.88778915e+01 8.44149933e+01 8.28757172e+01 8.18239746e+01
    8.13451691e+01 8.11516800e+01 8.05978012e+01 8.00769882e+01
    8.00827942e+01 8.00903473e+01 5.13224373e+01 5.23915405e+01
    5.65491982e+01 6.15637131e+01 6.36181183e+01 6.30259666e+01
    6.10832138e+01 5.96426315e+01 6.30294228e+01 6.70034027e+01
    6.79801331e+01 6.89148483e+01 7.00824280e+01 6.98973846e+01
    6.93391724e+01 5.39072495e+01 6.16767502e+01 7.18471451e+01
    7.95308456e+01 7.94898300e+01 8.33630905e+01 8.02930374e+01
    7.76883392e+01 7.82076492e+01 7.29335251e+01 7.29211884e+01
    7.30779877e+01 7.50165100e+01 7.56987152e+01 7.38829651e+01
    5.97820396e+01 6.51778717e+01 7.34650269e+01 8.28993149e+01
    8.51852646e+01 8.92505112e+01 8.75339355e+01 8.53267517e+01
    8.56698761e+01 8.38216705e+01 8.44516602e+01 8.31800003e+01
    8.39862518e+01 8.33084030e+01 8.38923264e+01 6.92149353e+01
    7.21415939e+01 7.72507019e+01 8.42353058e+01 8.88978424e+01
    8.92425842e+01 8.66612549e+01 8.88566742e+01 9.00183029e+01
    9.45165710e+01 9.63493729e+01 9.66163483e+01 9.44677124e+01
    9.38204346e+01 9.41424866e+01 5.89744530e+01 6.49415741e+01
    7.32039795e+01 8.30995255e+01 8.86451950e+01 9.13257828e+01
    9.17311554e+01 9.13588333e+01 9.23194885e+01 9.31119232e+01
    9.46519852e+01 9.27624893e+01 9.45858002e+01 9.46436462e+01
    9.49325104e+01 5.41894913e+01 5.58958588e+01 6.03581734e+01
    6.53992996e+01 6.81052856e+01 6.78585663e+01 6.62234573e+01
    6.62902985e+01 6.62373352e+01 6.54095535e+01 6.39040298e+01
    6.45152740e+01 6.56564941e+01 6.58706284e+01 6.40729599e+01
    6.72300262e+01 7.04997787e+01 7.72578964e+01 8.47432709e+01
    8.85692902e+01 8.89173126e+01 8.65969238e+01 8.41236954e+01
    8.42503357e+01 8.18319397e+01 8.21801605e+01 7.85938110e+01
    7.86992798e+01 7.64328384e+01 7.62358704e+01 6.89385910e+01
    7.62134399e+01 8.26685181e+01 9.31210709e+01 9.95373154e+01
    9.59187622e+01 9.40797195e+01 9.49480286e+01 9.32170410e+01
    8.89844437e+01 8.78508835e+01 8.68336411e+01 8.34767075e+01
    8.45378113e+01 9.45115356e+01 6.17794685e+01 6.61715622e+01
    7.49176788e+01 8.51006699e+01 9.04851379e+01 9.50512695e+01
    9.59724045e+01 9.74783249e+01 9.72721634e+01 9.47706451e+01
    9.58579559e+01 9.60145264e+01 9.64111633e+01 9.84684677e+01
    9.72522278e+01 7.00332794e+01 7.43287888e+01 8.11382599e+01
    8.99690857e+01 9.28835907e+01 9.36712799e+01 9.02412567e+01
    9.05516205e+01 9.13525085e+01 8.96385803e+01 9.04646835e+01
    9.02161713e+01 9.02156677e+01 8.98393555e+01 8.91460266e+01
    6.16206207e+01 6.49232025e+01 7.11084900e+01 7.68670959e+01
    7.48626862e+01 8.33829956e+01 8.09011841e+01 7.87911301e+01
    7.56988831e+01 6.86826477e+01 6.79287109e+01 6.97524872e+01
    7.20226364e+01 7.32051315e+01 6.97261658e+01 7.14338760e+01
    7.24385452e+01 7.68961182e+01 8.31458511e+01 9.03966293e+01
    8.58754044e+01 8.50120850e+01 8.82291641e+01 8.87162781e+01
    8.65021591e+01 8.30732803e+01 8.45498428e+01 8.53580551e+01
    8.84700165e+01 8.39985046e+01 5.49801064e+01 5.57332153e+01
    5.97943039e+01 6.92071762e+01 7.60990829e+01 7.54595032e+01
    7.64239426e+01 7.78827667e+01 8.15084686e+01 8.45771561e+01
    8.69486237e+01 8.51092911e+01 8.36563873e+01 8.14833145e+01
    8.26311569e+01 6.81328354e+01 7.07774811e+01 7.69787827e+01
    8.58299255e+01 8.91726532e+01 8.90596924e+01 8.75765686e+01
    8.75513535e+01 8.97923508e+01 9.39873734e+01 9.51366882e+01
    9.33827972e+01 9.10078049e+01 8.91202698e+01 9.00797806e+01
    8.00337830e+01 8.54236145e+01 9.22895584e+01 9.66458359e+01
    9.46131744e+01 9.81528168e+01 9.52227936e+01 9.47892151e+01
    9.14853973e+01 8.04604721e+01 7.68125992e+01 7.28682556e+01
    7.36089020e+01 7.37344055e+01 7.20968933e+01 7.97992706e+01
    8.12414780e+01 8.60739441e+01 8.92586823e+01 9.09100952e+01
    9.39533615e+01 9.58153839e+01 9.50403900e+01 9.48692017e+01
    9.30015488e+01 9.29170837e+01 9.35147781e+01 9.36999817e+01
    9.54493866e+01 9.34722748e+01 7.16952820e+01 7.26714325e+01
    7.71932983e+01 8.26488037e+01 8.52121887e+01 8.38473816e+01
    7.96109467e+01 7.85524979e+01 7.99982605e+01 7.94385910e+01
    7.67403030e+01 7.80202255e+01 8.05966797e+01 8.21408768e+01
    7.74468842e+01 6.95285492e+01 7.23544388e+01 7.74702225e+01
    8.26270752e+01 8.50382538e+01 8.34635773e+01 8.20553894e+01
    8.17167816e+01 8.30195084e+01 8.39712067e+01 8.30827484e+01
    8.32560272e+01 8.38344650e+01 8.51500854e+01 8.12325134e+01
    6.94886703e+01 6.98398819e+01 7.76884689e+01 8.75649414e+01
    9.37438202e+01 9.44910736e+01 9.30750122e+01 9.30786057e+01
    9.41187363e+01 9.40243912e+01 9.37731018e+01 9.83988342e+01
    1.04102264e+02 1.07317406e+02 1.04289848e+02 7.29908295e+01
    6.80678711e+01 6.65020294e+01 7.31376801e+01 8.14394150e+01
    7.83533630e+01 7.89353485e+01 8.09097366e+01 8.21107025e+01
    8.07796707e+01 8.13010788e+01 7.94912033e+01 7.85748978e+01
    7.83391571e+01 7.96281891e+01 6.49465256e+01 6.91999969e+01
    7.52707825e+01 8.19784927e+01 8.24661179e+01 8.78351135e+01
    8.71339645e+01 8.57295456e+01 8.29878998e+01 7.96399460e+01
    7.90949402e+01 7.81243210e+01 7.66160126e+01 7.56569366e+01
    7.63750000e+01 6.70726929e+01 6.72478714e+01 7.31889191e+01
    8.01482849e+01 8.58811264e+01 8.45595474e+01 8.46112289e+01
    8.43036499e+01 8.44575729e+01 8.24209061e+01 8.21105270e+01
    8.16152267e+01 8.03583984e+01 7.83500061e+01 7.70443268e+01
    6.49317322e+01 6.69373932e+01 7.31413422e+01 7.71087189e+01
    7.84351425e+01 7.74811554e+01 7.99408875e+01 8.12908020e+01
    7.92019348e+01 7.75612411e+01 7.61941605e+01 7.48874817e+01
    7.29325256e+01 7.42416382e+01 6.99756775e+01 6.15295982e+01
    6.66541824e+01 7.52078094e+01 8.30345764e+01 8.75277252e+01
    9.08340454e+01 8.82030945e+01 8.76487808e+01 8.87844696e+01
    8.85051193e+01 8.92931213e+01 9.38945618e+01 9.62546844e+01
    9.49311981e+01 9.31935501e+01 6.69894104e+01 7.08877792e+01
    8.04409561e+01 9.34492188e+01 9.50079803e+01 1.02699677e+02
    1.01140495e+02 9.78940735e+01 9.71247787e+01 9.66995773e+01
    9.40860519e+01 9.04620819e+01 8.81430359e+01 8.68688431e+01
    8.68639832e+01 6.88977051e+01 7.59046097e+01 8.48213043e+01
    9.29369736e+01 9.65603180e+01 9.98760834e+01 9.77348938e+01
    9.38831177e+01 9.09337311e+01 8.82275467e+01 8.71600494e+01
    8.29103241e+01 8.06175766e+01 7.86512375e+01 7.77716141e+01
    7.00549164e+01 7.28922043e+01 7.93177490e+01 8.47094879e+01
    8.29766922e+01 8.68549576e+01 8.54799042e+01 8.28387909e+01
    7.65441132e+01 7.17999802e+01 6.93408508e+01 6.73414612e+01
    6.43403854e+01 6.26204529e+01 6.18864365e+01 6.98053131e+01
    6.95931854e+01 7.18768082e+01 7.93683777e+01 8.46053314e+01
    8.82979507e+01 8.99306488e+01 9.21896591e+01 9.13242340e+01
    8.49628143e+01 8.49045105e+01 8.60692444e+01 8.59780960e+01
    8.62653503e+01 8.64616928e+01 6.48067169e+01 6.73555984e+01
    7.55922623e+01 8.87871323e+01 9.64326630e+01 9.62641983e+01
    9.68292847e+01 9.79289474e+01 9.66507416e+01 9.01687927e+01
    8.78918686e+01 8.55816269e+01 8.54863663e+01 8.43747787e+01
    8.41948013e+01 6.52503586e+01 6.71455841e+01 7.45293198e+01
    8.21448669e+01 8.53384628e+01 8.75941620e+01 8.79179840e+01
    8.75057449e+01 8.70728455e+01 8.44832001e+01 8.28823776e+01
    8.31190643e+01 8.16532516e+01 8.29470444e+01 8.19186020e+01
    7.19265060e+01 7.56275864e+01 8.36542206e+01 8.72806244e+01
    8.81078415e+01 9.27855606e+01 9.30872650e+01 9.35995941e+01
