<?xml version="1.0"?>
<opencv_storage>
<training_set_points type_id="opencv-matrix">
  <rows>90</rows>
  <cols>15</cols>
  <dt>f</dt>
  <data>
    9.23501587e+01 9.36433411e+01 9.61076355e+01 9.66822357e+01
    9.42481384e+01 9.23317947e+01 9.09575806e+01 9.18712082e+01
    8.82112732e+01 8.81290436e+01 8.75105591e+01 8.69882889e+01
    8.76648788e+01 8.86724930e+01 8.86284866e+01 7.96196747e+01
    7.82768478e+01 7.97621689e+01 8.18836060e+01 8.16312637e+01
    8.09061966e+01 8.03097992e+01 7.92328873e+01 7.55641861e+01
    7.33296967e+01 7.47604980e+01 7.76441040e+01 7.55852280e+01
    7.54099960e+01 7.49981766e+01 7.53115616e+01 7.35402145e+01
    7.56765213e+01 7.76402512e+01 7.28386688e+01 7.13394775e+01
    7.19487534e+01 7.07591629e+01 7.31882477e+01 7.37513504e+01
    7.19116974e+01 7.26243668e+01 7.04947815e+01 7.13562469e+01
    7.17306061e+01 8.24677658e+01 8.66028442e+01 8.71094589e+01
    9.33333740e+01 9.40792999e+01 8.99552460e+01 8.75804443e+01
    8.92367935e+01 8.61912079e+01 8.58790054e+01 8.52403870e+01
    8.46338120e+01 8.62667313e+01 8.73251724e+01 8.76123581e+01
    8.66138840e+01 8.47461319e+01 8.26140060e+01 7.89413834e+01
    7.76366272e+01 7.90248413e+01 8.09078140e+01 8.07355194e+01
    8.30203857e+01 8.37018509e+01 8.29993973e+01 8.46720581e+01
    8.27418823e+01 8.45351105e+01 8.49682693e+01 7.02672882e+01
    7.17656631e+01 7.10554199e+01 7.15413971e+01 7.06204453e+01
    7.07673187e+01 7.20232239e+01 7.03278580e+01 7.52124939e+01
    7.53152390e+01 7.30475082e+01 7.51866608e+01 7.04983521e+01
    7.02063446e+01 7.05680771e+01 7.58393784e+01 8.06251526e+01
    8.42450714e+01 8.41855698e+01 8.61418762e+01 8.51036987e+01
    8.44613953e+01 8.40943298e+01 8.33723907e+01 8.26107178e+01
    7.97390137e+01 7.99727325e+01 7.61000137e+01 7.56224518e+01
    7.47433929e+01 8.99164505e+01 9.17276077e+01 9.20529404e+01
    9.47109833e+01 9.41291046e+01 9.10734558e+01 8.96303177e+01
    8.91559143e+01 8.63934479e+01 8.57017975e+01 8.59041901e+01
    8.27147522e+01 8.49696655e+01 8.64653091e+01 8.56287918e+01
    7.49296646e+01 7.75672836e+01 7.94312668e+01 7.76785965e+01
    7.89064178e+01 7.87438278e+01 7.81756744e+01 7.73427429e+01
    7.65926819e+01 7.53572540e+01 7.34178009e+01 7.19763489e+01
    7.04957657e+01 7.08541718e+01 6.99550323e+01 8.13115158e+01
    8.20746994e+01 8.25772171e+01 8.35944061e+01 8.32395554e+01
    8.09435730e+01 8.03825455e+01 8.04612045e+01 7.74354095e+01
    7.67346573e+01 7.70813980e+01 7.75276031e+01 7.69268951e+01
    7.85803223e+01 7.86155243e+01 7.27953339e+01 7.64796448e+01
    7.94886246e+01 7.77194290e+01 7.72433701e+01 7.54815292e+01
    7.47667770e+01 7.27626038e+01 7.23281631e+01 7.03084030e+01
    6.76225586e+01 6.64952850e+01 6.37898331e+01 6.36986580e+01
    6.29896088e+01 7.39943466e+01 8.01193695e+01 8.40707932e+01
    8.39451904e+01 8.41984024e+01 8.22625046e+01 8.02179947e+01
    7.84500427e+01 7.48340988e+01 7.25689926e+01 7.03265457e+01
    6.81938477e+01 6.82364349e+01 6.89256439e+01 6.80103760e+01
    6.48380966e+01 6.83033600e+01 7.09134827e+01 7.41162415e+01
    7.44429092e+01 7.26359406e+01 7.14333572e+01 7.09186630e+01
    6.67061615e+01 6.62206802e+01 6.63054199e+01 6.56109772e+01
    6.65960236e+01 6.78410492e+01 6.77473450e+01 7.71371918e+01
    7.99612503e+01 8.08620148e+01 8.14761658e+01 8.27755203e+01
    8.26429138e+01 8.24671936e+01 8.10847626e+01 7.83911514e+01
    7.79432526e+01 7.85290298e+01 7.83210907e+01 7.83162537e+01
    7.91303711e+01 7.89518585e+01 6.45305023e+01 6.41837387e+01
    6.44087296e+01 6.25341148e+01 6.13119392e+01 6.17504807e+01
    6.30830917e+01 6.35191040e+01 6.43432693e+01 6.45231934e+01
    6.40789795e+01 6.38437729e+01 6.28600731e+01 6.37895927e+01
    6.49154129e+01 7.84825439e+01 8.07392731e+01 8.11483688e+01
    8.00818863e+01 8.35575485e+01 8.47248611e+01 8.55871506e+01
    8.34832993e+01 8.18892441e+01 8.12370377e+01 8.15879974e+01
    8.14983902e+01 8.07525482e+01 8.03523331e+01 8.05884857e+01
    6.21000290e+01 6.23456573e+01 6.06166801e+01 5.98504333e+01
    5.99519577e+01 6.06494827e+01 6.15889473e+01 6.19685478e+01
    6.30658646e+01 6.39522018e+01 6.19860344e+01 6.25722237e+01
    6.12040710e+01 6.11568909e+01 6.21919823e+01 6.93105774e+01
    6.82410660e+01 6.68094406e+01 6.49364014e+01 6.39865837e+01
    6.62137680e+01 6.77690811e+01 6.65619049e+01 6.97662659e+01
    6.96491776e+01 6.83353729e+01 6.98710251e+01 6.64455032e+01
    6.57594833e+01 6.63293686e+01 7.28997803e+01 7.35784760e+01
    7.67116547e+01 7.69919357e+01 7.69371033e+01 7.62159348e+01
    7.67551727e+01 7.65139313e+01 7.94246368e+01 8.06211929e+01
    7.80933533e+01 7.80633621e+01 7.70187759e+01 7.64753723e+01
    7.66023331e+01 7.01091232e+01 7.25581512e+01 7.23605270e+01
    7.24000931e+01 7.41498108e+01 7.39404907e+01 7.31506882e+01
    7.30098572e+01 6.78889847e+01 6.66793747e+01 6.77052841e+01
    6.59203568e+01 6.77752838e+01 6.82660828e+01 6.80517197e+01
    4.56671371e+01 4.07057838e+01 3.01805668e+01 3.00540581e+01
    3.62071915e+01 5.09642143e+01 6.10755196e+01 4.97404861e+01
    6.98735733e+01 7.20434265e+01 6.96171570e+01 7.80304031e+01
    6.47160873e+01 6.00472565e+01 5.95197334e+01 5.52154236e+01
    6.12269516e+01 6.84932709e+01 7.51560059e+01 7.50054779e+01
    7.63703384e+01 7.81137390e+01 7.44461517e+01 7.91020813e+01
    7.85201263e+01 7.82512283e+01 8.32939911e+01 7.49363098e+01
    7.14391479e+01 7.02677307e+01 6.58340302e+01 7.07179565e+01
    7.80186310e+01 8.16772308e+01 8.18792801e+01 8.19796753e+01
    8.46417770e+01 8.16987305e+01 8.99821930e+01 9.01557007e+01
    8.91466293e+01 9.22356339e+01 8.45503845e+01 8.08084183e+01
    8.00307465e+01 6.53071518e+01 6.76637878e+01 7.29016876e+01
    7.29724579e+01 7.54455032e+01 7.92479553e+01 8.20089798e+01
    7.93091583e+01 8.28772583e+01 8.18459320e+01 8.02212448e+01
    8.18193512e+01 7.63311157e+01 7.34415207e+01 7.26177368e+01
    6.03218651e+01 6.43595963e+01 6.68259506e+01 6.86595078e+01
    6.91972733e+01 6.89088058e+01 6.63492126e+01 6.73027954e+01
    5.97517433e+01 5.92874069e+01 5.97804184e+01 5.91800652e+01
    6.04776497e+01 6.24104576e+01 6.20421257e+01 5.81930389e+01
    5.57651558e+01 4.48580856e+01 4.30694199e+01 5.20856552e+01
    6.27278976e+01 6.92016449e+01 6.35572968e+01 7.93528671e+01
    8.14907837e+01 7.91288147e+01 8.48574448e+01 7.49183807e+01
    7.01990433e+01 7.16203003e+01 6.45539246e+01 6.22733879e+01
    5.13763657e+01 4.89348564e+01 5.90939102e+01 6.75690002e+01
    7.44223862e+01 6.94713211e+01 8.27236557e+01 8.48306351e+01
    8.28848495e+01 8.95572433e+01 7.91893921e+01 7.63959808e+01
    7.65952835e+01 5.92451096e+01 6.25618896e+01 6.46270752e+01
    7.19661255e+01 7.67440414e+01 7.99629593e+01 8.22499695e+01
    7.90027008e+01 8.71324844e+01 8.79085922e+01 8.65270920e+01
    9.06191711e+01 8.27416992e+01 7.95276184e+01 7.74149170e+01
    6.82171326e+01 7.19989548e+01 7.78348846e+01 8.02551117e+01
    8.29827423e+01 8.64424820e+01 8.88116760e+01 8.55508423e+01
    8.70398941e+01 8.58175125e+01 8.40078583e+01 8.24591675e+01
    8.06996155e+01 7.84435883e+01 7.64254990e+01 6.09478493e+01
    6.61324692e+01 7.17582169e+01 7.61368637e+01 8.05988998e+01
    8.41799469e+01 8.57289581e+01 8.45021667e+01 8.41988983e+01
    8.29905396e+01 8.17393494e+01 8.02952118e+01 7.99175644e+01
    7.91748734e+01 7.80546875e+01 6.94407043e+01 7.27829361e+01
    7.78282013e+01 8.01127625e+01 8.39562531e+01 8.71269836e+01
    8.91311111e+01 8.83812103e+01 9.27998810e+01 9.26204529e+01
    9.20289154e+01 9.57636871e+01 8.96531219e+01 8.80669556e+01
    8.79553452e+01 7.24100037e+01 7.38601913e+01 6.98307037e+01
    7.09012756e+01 7.83975525e+01 8.49185715e+01 8.81493378e+01
    8.66835785e+01 9.02218094e+01 9.08507919e+01 9.01234741e+01
    9.12811203e+01 8.93311462e+01 8.91347656e+01 8.88031235e+01
    7.21789703e+01 7.31718140e+01 7.02649536e+01 7.23476410e+01
    8.18531723e+01 8.94042282e+01 9.28279266e+01 9.12143250e+01
