<?xml version="1.0"?>
<opencv_storage>
<training_set_points type_id="opencv-matrix">
  <rows>97</rows>
  <cols>15</cols>
  <dt>f</dt>
  <data>
    5.31860886e+01 5.85048523e+01 5.93989792e+01 6.25796585e+01
    5.87821159e+01 6.35548477e+01 5.60252800e+01 5.88285751e+01
    5.87630119e+01 6.30895844e+01 6.32939034e+01 6.11996269e+01
    5.92180901e+01 5.40361099e+01 5.08595848e+01 8.20263443e+01
    8.44123077e+01 8.82991867e+01 9.36339722e+01 7.16250153e+01
    7.42498932e+01 7.25882797e+01 6.47127151e+01 5.52643356e+01
    5.02978401e+01 5.06624489e+01 4.87114754e+01 4.77479210e+01
    5.03316574e+01 4.60785637e+01 5.14905891e+01 5.21450996e+01
    5.46493416e+01 5.55827217e+01 5.17543297e+01 6.09275551e+01
    6.06046562e+01 5.63427963e+01 5.64239273e+01 5.60097847e+01
    5.45495491e+01 5.60041809e+01 5.23812141e+01 5.82807388e+01
    5.56887016e+01 8.67551117e+01 1.02906349e+02 1.07865257e+02
    9.77163544e+01 7.74835358e+01 6.93939133e+01 6.53606186e+01
    6.04214554e+01 5.01108665e+01 4.84384460e+01 4.79657021e+01
    4.74488983e+01 4.66114044e+01 4.46750298e+01 4.37055626e+01
    6.57343674e+01 6.83115387e+01 7.08261642e+01 7.59447937e+01
    6.69087677e+01 6.23426743e+01 5.59048080e+01 5.13354073e+01
    5.51351929e+01 5.89373589e+01 5.76665649e+01 5.80233421e+01
    5.58975639e+01 5.51202240e+01 5.76481476e+01 7.45897827e+01
    7.70516205e+01 7.41818542e+01 7.23302689e+01 7.07416687e+01
    6.72879944e+01 6.12494278e+01 5.38784981e+01 4.81334000e+01
    4.37904320e+01 4.48878136e+01 4.21339035e+01 4.21330948e+01
    4.43250847e+01 3.82596169e+01 6.11676025e+01 6.35403824e+01
    6.54392319e+01 6.50228653e+01 5.96858788e+01 6.49160309e+01
    6.37934341e+01 6.04374580e+01 6.02350197e+01 6.07528687e+01
    5.84614105e+01 5.80044403e+01 5.56318321e+01 5.52513313e+01
    5.31584244e+01 6.77826462e+01 7.25191574e+01 7.65331650e+01
    7.68061142e+01 7.40788269e+01 7.27502136e+01 5.59445915e+01
    6.33655853e+01 5.48023262e+01 5.44273491e+01 5.39463806e+01
    5.23112717e+01 5.35595398e+01 5.03403130e+01 5.64489899e+01
    7.30519104e+01 7.30721359e+01 6.68598175e+01 6.81772995e+01
    5.95966949e+01 4.97955093e+01 4.74778824e+01 4.52107925e+01
    4.64818878e+01 5.05343361e+01 4.68308640e+01 4.80753403e+01
    4.75840759e+01 4.16486206e+01 5.32782707e+01 7.53966599e+01
    7.32256470e+01 7.35017853e+01 7.30792160e+01 7.23822403e+01
    6.13302956e+01 5.59959145e+01 5.10820847e+01 4.31019516e+01
    3.99002571e+01 3.99788551e+01 3.89821548e+01 4.05419083e+01
    3.92601700e+01 3.66712418e+01 6.70837250e+01 6.78099289e+01
    6.94080124e+01 6.65851364e+01 6.23437080e+01 5.87280083e+01
    5.94665375e+01 6.21063309e+01 6.12997513e+01 6.13040543e+01
    6.28173828e+01 6.16429863e+01 6.08662796e+01 6.05975876e+01
    6.00397377e+01 1.17323082e+02 1.19747330e+02 9.96522598e+01
    9.93366089e+01 7.61175995e+01 6.51147079e+01 7.18151093e+01
    6.42441483e+01 5.85075684e+01 5.64402504e+01 5.48440208e+01
    5.34377785e+01 5.23560677e+01 5.12135010e+01 4.86696129e+01
    5.60245247e+01 6.04418030e+01 6.41734848e+01 6.78850174e+01
    5.91905022e+01 6.30893707e+01 6.32430878e+01 5.76202774e+01
    5.91180763e+01 5.88693275e+01 5.79245567e+01 5.77204170e+01
    5.49010849e+01 5.52706604e+01 5.26249161e+01 4.94223099e+01
    5.10873489e+01 5.21073685e+01 5.40074959e+01 7.34265366e+01
    5.78371048e+01 5.77188148e+01 5.65062027e+01 5.60837021e+01
    5.73333969e+01 5.74359283e+01 5.65485382e+01 5.69169426e+01
    5.66126556e+01 5.89075203e+01 7.05580826e+01 7.25429993e+01
    7.50860748e+01 7.35173187e+01 7.13078842e+01 5.68621788e+01
    5.20075912e+01 5.06317368e+01 4.78027496e+01 5.13574905e+01
    4.75217857e+01 4.83494377e+01 4.79651070e+01 4.10247879e+01
    5.14311028e+01 4.87432213e+01 5.12599564e+01 5.50544891e+01
    5.58925476e+01 5.69044952e+01 6.18589363e+01 5.38723831e+01
    5.28383598e+01 5.18054733e+01 5.40863800e+01 5.23706436e+01
    5.16533127e+01 5.23377380e+01 4.64146156e+01 5.27686310e+01
    5.52820396e+01 5.74483719e+01 5.77781296e+01 6.22190247e+01
    6.57495804e+01 7.23979721e+01 5.78860283e+01 5.42320290e+01
    5.07670860e+01 5.03646393e+01 4.90720596e+01 4.91104965e+01
    4.86181412e+01 4.64325027e+01 4.89196854e+01 6.63940659e+01
    6.73962021e+01 6.49301376e+01 6.99666748e+01 6.88464813e+01
    6.88379974e+01 6.86148911e+01 6.44735260e+01 6.23830338e+01
    6.34499168e+01 6.33576736e+01 6.38749466e+01 6.42159195e+01
    6.32273140e+01 6.58354263e+01 8.09152908e+01 9.06799622e+01
    1.00294800e+02 8.73130341e+01 8.69555588e+01 7.43699188e+01
    7.51300812e+01 7.00219879e+01 6.35706139e+01 5.85438080e+01
    5.89924049e+01 5.61137772e+01 5.52880745e+01 5.92347717e+01
    5.37987938e+01 5.26339989e+01 5.34987411e+01 5.54025421e+01
    5.74599075e+01 7.66186523e+01 5.99909248e+01 5.90966797e+01
    5.86626320e+01 5.85047798e+01 5.90870667e+01 5.81456032e+01
    5.82058411e+01 5.73015671e+01 5.92002335e+01 5.80830994e+01
    5.15690956e+01 5.48604927e+01 5.70409966e+01 5.85810585e+01
    5.46176300e+01 5.53050766e+01 5.25230293e+01 5.02468033e+01
    4.75977440e+01 4.83949699e+01 4.69988289e+01 4.62175636e+01
    4.60589447e+01 4.23271332e+01 4.69205170e+01 6.53551407e+01
    6.98507462e+01 7.54666061e+01 7.22699127e+01 7.62736664e+01
    6.85420227e+01 6.17892265e+01 6.21479874e+01 6.02708817e+01
    6.18166313e+01 6.01630211e+01 5.86188164e+01 5.78629112e+01
    5.16271057e+01 5.70494995e+01 9.32151260e+01 9.28655624e+01
    8.84041290e+01 7.78955154e+01 7.13566818e+01 6.50751953e+01
    7.81700439e+01 7.04746780e+01 6.95282516e+01 6.97014236e+01
    6.89082336e+01 6.71889496e+01 6.47585602e+01 6.39520454e+01
    6.50247040e+01 5.33493767e+01 5.43807869e+01 5.71569710e+01
    5.84267349e+01 6.22641411e+01 5.86006622e+01 5.14578629e+01
    5.08793488e+01 4.64331284e+01 4.74127121e+01 4.56952209e+01
    4.54565887e+01 4.52308350e+01 4.28749084e+01 4.57577591e+01
    4.99134407e+01 5.23536072e+01 6.17440453e+01 6.62830811e+01
    7.11430817e+01 7.68712769e+01 7.72710114e+01 7.53561401e+01
    7.35328293e+01 7.37898560e+01 7.40187149e+01 7.28053360e+01
    7.29019012e+01 6.75846329e+01 7.22813950e+01 4.64354553e+01
    5.12696571e+01 6.02436600e+01 5.91281624e+01 7.21890869e+01
    7.14941254e+01 7.39425201e+01 7.29336243e+01 7.07165527e+01
    6.80718460e+01 6.89071503e+01 6.48243103e+01 6.52763977e+01
    6.25281754e+01 5.83739052e+01 5.57995872e+01 5.75887260e+01
    5.90681839e+01 6.29004288e+01 6.72165146e+01 7.92459793e+01
    7.68704071e+01 7.58413620e+01 7.54946823e+01 7.86602859e+01
    7.63963470e+01 7.65963440e+01 7.45142593e+01 7.05343246e+01
    7.78567810e+01 5.45392342e+01 5.50508614e+01 5.80377045e+01
    5.99622536e+01 7.54838715e+01 5.77058907e+01 5.44214935e+01
    4.93920174e+01 4.79580727e+01 4.87206955e+01 4.73455124e+01
    4.67740479e+01 4.59727020e+01 4.39668732e+01 4.33449059e+01
    5.84011497e+01 6.17579727e+01 6.79973068e+01 6.73524704e+01
    6.53884125e+01 7.48445206e+01 7.62480011e+01 7.19235382e+01
    6.83539581e+01 6.66073456e+01 6.29376907e+01 6.59556732e+01
    6.28184471e+01 7.42246094e+01 7.36636047e+01 5.71384850e+01
    5.87142105e+01 6.03552475e+01 6.31007538e+01 6.69911041e+01
    7.91166611e+01 7.81306000e+01 7.64775009e+01 7.56364822e+01
    7.67811737e+01 7.49923706e+01 7.50557251e+01 7.31138916e+01
    7.08554764e+01 7.57704544e+01 6.86365738e+01 6.85409164e+01
    6.38014145e+01 6.26800156e+01 5.72203712e+01 4.63728447e+01
    5.38480721e+01 5.31428986e+01 5.36292419e+01 5.91425400e+01
    5.18332253e+01 5.37694244e+01 5.01555672e+01 4.95945702e+01
    5.50974388e+01 4.61798019e+01 5.30054626e+01 5.97235603e+01
    6.25870438e+01 7.77617340e+01 7.52409134e+01 6.09901123e+01
    6.56649399e+01 6.73036499e+01 6.89825287e+01 6.82414932e+01
    6.75660858e+01 6.72028046e+01 6.36751633e+01 6.42510757e+01
    7.39532623e+01 8.02487869e+01 8.33580856e+01 7.89867783e+01
    7.77434006e+01 6.94622726e+01 6.42243347e+01 5.80800591e+01
