<?xml version="1.0"?>
<opencv_storage>
<training_set_points type_id="opencv-matrix">
  <rows>87</rows>
  <cols>15</cols>
  <dt>f</dt>
  <data>
    3.74434319e+01 4.05907249e+01 7.57600861e+01 9.06342316e+01
    9.39835358e+01 9.44070663e+01 9.59308624e+01 9.38996887e+01
    9.52215042e+01 9.44166107e+01 9.53776855e+01 9.59162598e+01
    9.87372894e+01 9.60944290e+01 9.50843124e+01 3.87276154e+01
    4.08999519e+01 7.04237671e+01 8.52172241e+01 8.79700546e+01
    9.09821320e+01 9.36607666e+01 9.34048843e+01 9.28597717e+01
    9.26061249e+01 9.19281311e+01 9.19752426e+01 9.27801895e+01
    8.98568192e+01 8.84287109e+01 4.71043205e+01 4.89755974e+01
    7.68543930e+01 9.07014084e+01 9.13937454e+01 9.14073257e+01
    9.31072006e+01 9.21282654e+01 9.42063065e+01 9.40548401e+01
    9.42794189e+01 9.42663651e+01 9.72686386e+01 9.60855179e+01
    9.39809875e+01 4.85038910e+01 5.19177704e+01 8.02487030e+01
    9.09723282e+01 9.25144043e+01 9.29193420e+01 9.31172333e+01
    9.07326126e+01 9.11640396e+01 9.21567154e+01 9.47465897e+01
    9.42286682e+01 9.97997894e+01 1.00092880e+02 9.93304367e+01
    4.02562103e+01 4.14343338e+01 7.36487274e+01 8.73022461e+01
    9.05302734e+01 9.69950790e+01 1.01305885e+02 1.02596001e+02
    1.03771683e+02 1.06303192e+02 1.07589645e+02 1.09887047e+02
    1.09792084e+02 1.08104736e+02 1.09239021e+02 4.11212196e+01
    4.51205368e+01 7.63179779e+01 9.06846161e+01 9.44993286e+01
    1.01945839e+02 1.02903831e+02 1.07565392e+02 1.04217239e+02
    1.04043556e+02 1.05001099e+02 1.06743942e+02 1.03367973e+02
    1.02270386e+02 1.03641907e+02 6.60476685e+01 6.47975769e+01
    9.72501221e+01 1.09354713e+02 1.14858452e+02 1.17219368e+02
    1.16969971e+02 1.17767197e+02 1.16475632e+02 1.18502907e+02
    1.18614700e+02 1.17073769e+02 1.17239799e+02 1.16489784e+02
    1.15952614e+02 4.41051140e+01 4.68389320e+01 7.71926575e+01
    9.10670700e+01 9.37586060e+01 9.27519684e+01 9.67296753e+01
    9.48605499e+01 9.43865128e+01 9.72576065e+01 9.75907364e+01
    9.76442642e+01 1.00499039e+02 9.77961578e+01 9.59526367e+01
    5.05996132e+01 5.27568359e+01 8.07213440e+01 9.13893738e+01
    9.41502380e+01 9.65794296e+01 9.88021851e+01 9.83915100e+01
    9.92367325e+01 9.99307404e+01 1.01077164e+02 1.02225449e+02
    1.03486618e+02 1.00795685e+02 9.90510559e+01 4.78138809e+01
    4.96718025e+01 7.64303970e+01 8.76618042e+01 9.16381531e+01
    9.74024887e+01 9.94214935e+01 1.01290871e+02 1.00316467e+02
    1.00987579e+02 1.03013878e+02 1.04872139e+02 1.06700378e+02
    1.05334717e+02 1.05331161e+02 6.26235695e+01 6.14054871e+01
    8.37079086e+01 9.28699951e+01 9.55672379e+01 9.43666840e+01
    9.65403519e+01 9.32907867e+01 9.52872314e+01 9.68141174e+01
    9.66696625e+01 9.66793213e+01 9.84868164e+01 9.66083221e+01
    9.45797424e+01 5.62097206e+01 5.92471886e+01 8.79982300e+01
    9.81283340e+01 1.07393097e+02 1.15776093e+02 1.16023354e+02
    1.14275871e+02 1.13526398e+02 1.14232101e+02 1.14318275e+02
    1.12935944e+02 1.07953156e+02 1.06145584e+02 1.05954979e+02
    6.04158669e+01 6.35858917e+01 9.07824020e+01 1.03382698e+02
    1.01197144e+02 9.94189072e+01 9.86787567e+01 9.70495377e+01
    9.78606720e+01 1.04782265e+02 1.01791115e+02 1.14188095e+02
    1.01804604e+02 9.75596542e+01 9.80148468e+01 5.64857216e+01
    5.94643402e+01 8.50929031e+01 9.45955811e+01 9.57228851e+01
    9.31669617e+01 9.74216614e+01 9.86589813e+01 9.86380768e+01
    1.00232941e+02 1.01353340e+02 1.03988441e+02 1.05615662e+02
    1.04231598e+02 1.04295601e+02 4.31541328e+01 4.58573990e+01
    7.19275894e+01 8.10540543e+01 8.61402435e+01 9.71855011e+01
    9.97001877e+01 1.02539978e+02 9.89079666e+01 1.00584930e+02
    9.90177765e+01 9.82850876e+01 9.83731689e+01 9.77355270e+01
    9.83994293e+01 4.33408089e+01 4.67070999e+01 7.22721252e+01
    8.24339828e+01 8.98143311e+01 9.78534851e+01 1.00339523e+02
    9.88493195e+01 9.77788773e+01 1.01088371e+02 1.00362724e+02
    9.97496185e+01 1.00638695e+02 1.01391838e+02 1.01382210e+02
    5.59798241e+01 5.81210785e+01 8.39650116e+01 9.48597260e+01
    9.61849365e+01 9.36345139e+01 9.55143661e+01 9.53779755e+01
    9.62468643e+01 9.74141846e+01 9.96563644e+01 1.01217133e+02
    1.06419662e+02 1.06628357e+02 1.05605515e+02 7.59354858e+01
    7.88381424e+01 1.02816513e+02 1.10397514e+02 1.12559052e+02
    1.11089798e+02 1.11348328e+02 1.02438263e+02 1.10183205e+02
    1.14075676e+02 1.13265800e+02 1.12615562e+02 1.12209450e+02
    1.09721878e+02 1.09571320e+02 6.28285408e+01 6.87803345e+01
    9.40534515e+01 1.06300064e+02 1.09945389e+02 1.10058228e+02
    1.11157547e+02 1.07710991e+02 1.09767609e+02 1.09912209e+02
    1.07536980e+02 1.05827560e+02 1.03418968e+02 1.00397766e+02
    9.70359344e+01 6.83352585e+01 6.71490784e+01 9.77861099e+01
    1.09448860e+02 9.92728424e+01 9.68198853e+01 9.89444962e+01
    1.03415588e+02 1.02352325e+02 1.04393562e+02 1.05233665e+02
    1.08881149e+02 1.14387718e+02 1.15111923e+02 1.12040024e+02
    1.03812752e+02 1.13794655e+02 1.27888374e+02 1.27265717e+02
    1.27899529e+02 1.28215607e+02 1.27992683e+02 1.32087097e+02
    1.24253441e+02 1.22115334e+02 1.17384605e+02 1.13636444e+02
    1.05395187e+02 9.18633118e+01 8.63123627e+01 7.24053802e+01
    7.95047913e+01 1.14211807e+02 1.27431114e+02 1.24777229e+02
    1.08888336e+02 1.07991699e+02 1.02646820e+02 1.02846458e+02
    1.08457024e+02 1.11736588e+02 1.15274117e+02 1.26293434e+02
    1.24071983e+02 1.22535912e+02 7.06205215e+01 7.53113403e+01
    1.11589203e+02 1.26110313e+02 1.25408630e+02 1.10152718e+02
    1.13772438e+02 1.09421753e+02 1.11610855e+02 1.17264679e+02
    1.18173195e+02 1.16392662e+02 1.25685905e+02 1.26791801e+02
    1.25309067e+02 1.01663139e+02 1.11489349e+02 1.18018883e+02
    1.20646309e+02 1.21594299e+02 1.32348053e+02 1.30369476e+02
    1.28738159e+02 1.29651535e+02 1.30515320e+02 1.26012726e+02
    1.31501724e+02 1.32225754e+02 1.23345108e+02 1.19429131e+02
    7.08060303e+01 8.22118683e+01 1.18438652e+02 1.31838470e+02
    1.32083679e+02 1.23986641e+02 1.20063530e+02 1.16924103e+02
    1.13924454e+02 1.14967926e+02 1.14539909e+02 1.14422043e+02
    1.09750916e+02 1.02413048e+02 1.01067368e+02 6.98038025e+01
    7.93979950e+01 1.15342773e+02 1.28060028e+02 1.29086105e+02
    1.27845558e+02 1.28331268e+02 1.24777588e+02 1.25279747e+02
    1.29936447e+02 1.28399948e+02 1.28158295e+02 1.16738274e+02
    1.08794533e+02 1.07227211e+02 6.88236389e+01 7.77378464e+01
    1.13798569e+02 1.27290649e+02 1.29437012e+02 1.30657715e+02
    1.31901611e+02 1.28640076e+02 1.27180229e+02 1.26041367e+02
    1.25415985e+02 1.27639259e+02 1.25807350e+02 1.19522911e+02
    1.16884850e+02 7.01621933e+01 7.56054001e+01 1.08673492e+02
    1.19961975e+02 1.22730774e+02 1.19058960e+02 1.17405838e+02
    1.13064018e+02 1.11001320e+02 1.09462112e+02 1.05537033e+02
    1.02438644e+02 9.83743896e+01 9.36787338e+01 8.93826752e+01
    8.67874222e+01 9.64317932e+01 1.14481163e+02 1.19701523e+02
    1.21509483e+02 1.20020096e+02 1.16802155e+02 1.09578171e+02
    1.06604424e+02 1.04428192e+02 1.04160576e+02 1.01934944e+02
    1.00198387e+02 9.08993988e+01 8.50565643e+01 8.22020798e+01
    8.42455902e+01 1.04242508e+02 1.10800072e+02 1.13472557e+02
    1.14414276e+02 1.17073341e+02 1.13972054e+02 1.15315681e+02
    1.18031982e+02 1.17773315e+02 1.20375122e+02 1.20942543e+02
    1.20125084e+02 1.19634308e+02 6.07093010e+01 7.23437500e+01
    1.07996651e+02 1.22381042e+02 1.27526077e+02 1.28935883e+02
    1.28831131e+02 1.28407852e+02 1.25017349e+02 1.22264122e+02
    1.13695381e+02 1.15260040e+02 1.08463570e+02 1.06386559e+02
    1.05336533e+02 6.09744797e+01 6.88140182e+01 9.83200684e+01
    1.06240082e+02 1.07268341e+02 1.10248260e+02 1.09803680e+02
    1.06901772e+02 1.03519287e+02 9.77256241e+01 9.15844269e+01
    8.82630386e+01 7.78610687e+01 7.30784225e+01 7.05035934e+01
    8.21382599e+01 9.30212860e+01 1.02536034e+02 1.08477005e+02
    1.13018433e+02 1.18044350e+02 1.17940826e+02 1.15165070e+02
