<?xml version="1.0"?>
<opencv_storage>
<training_set_points type_id="opencv-matrix">
  <rows>80</rows>
  <cols>15</cols>
  <dt>f</dt>
  <data>
    7.03284760e+01 7.09783936e+01 7.29058456e+01 7.31634140e+01
    7.54824295e+01 7.66187897e+01 7.59356461e+01 7.52420578e+01
    7.54200439e+01 7.61412125e+01 7.60836563e+01 7.53639069e+01
    7.53991928e+01 8.57568741e+01 7.95587769e+01 5.89656296e+01
    6.01202240e+01 6.42478104e+01 6.95353012e+01 7.20659180e+01
    7.38535995e+01 7.23380966e+01 6.66847229e+01 6.63377304e+01
    6.70972672e+01 6.81883087e+01 6.84296188e+01 6.87843399e+01
    7.25755997e+01 7.09528961e+01 6.99701614e+01 6.97130432e+01
    7.30171661e+01 7.13584747e+01 7.19831467e+01 7.05460892e+01
    7.11912994e+01 8.55512543e+01 8.39318314e+01 8.11714325e+01
    8.16934814e+01 8.56708145e+01 8.37448425e+01 7.95409851e+01
    7.59545135e+01 7.02351456e+01 7.06200790e+01 7.60121689e+01
    7.60066528e+01 7.92640228e+01 8.16514511e+01 8.54438934e+01
    8.37168884e+01 8.28521805e+01 8.29168167e+01 8.37324371e+01
    8.50030441e+01 8.50019913e+01 7.50348663e+01 7.63179398e+01
    6.74588928e+01 6.63329620e+01 7.30906525e+01 6.81568222e+01
    6.78931274e+01 6.69251022e+01 6.63802643e+01 7.23353195e+01
    7.42940063e+01 8.08456116e+01 8.59401016e+01 8.74478455e+01
    8.60796432e+01 8.13314667e+01 8.35274887e+01 5.68822212e+01
    5.79272499e+01 5.82216339e+01 5.80977211e+01 5.84997063e+01
    5.87547188e+01 5.88386879e+01 5.85004120e+01 5.89693108e+01
    6.06172523e+01 6.12876053e+01 6.34956512e+01 6.44728470e+01
    6.82874832e+01 6.72463989e+01 6.12224503e+01 6.47398300e+01
    7.29321213e+01 7.93137894e+01 8.34446869e+01 8.47443695e+01
    8.25710831e+01 8.15268173e+01 8.20794601e+01 8.28980179e+01
    8.37080765e+01 8.47603607e+01 8.40380936e+01 7.58104172e+01
    7.76538849e+01 6.55927277e+01 6.59688034e+01 6.50280533e+01
    6.69138794e+01 6.78952179e+01 6.88213272e+01 6.81319580e+01
    6.34040794e+01 6.22121887e+01 6.31838150e+01 6.38377724e+01
    6.49186859e+01 6.49752808e+01 6.88502731e+01 7.06710358e+01
    6.68034134e+01 6.57242508e+01 6.73236542e+01 6.74552002e+01
    6.65321121e+01 6.58640518e+01 6.63197174e+01 6.46641312e+01
    6.66009445e+01 6.93606491e+01 7.06936340e+01 7.08182373e+01
    7.14348602e+01 7.79563980e+01 8.61734924e+01 5.91100998e+01
    6.05163841e+01 6.75123825e+01 6.91511230e+01 7.06066971e+01
    6.96647186e+01 6.64164734e+01 7.28388138e+01 8.08394318e+01
    8.35882187e+01 8.36806412e+01 8.25513687e+01 8.09953766e+01
    7.79296722e+01 7.43931503e+01 5.44818878e+01 5.56834793e+01
    5.75513039e+01 5.78218040e+01 5.67575226e+01 5.69308167e+01
    5.71445961e+01 5.99007874e+01 6.08134193e+01 6.23728104e+01
    6.37851677e+01 6.41823502e+01 6.46329117e+01 7.12626801e+01
    7.28320465e+01 4.99043999e+01 4.89258499e+01 5.07822266e+01
    5.16334038e+01 5.07216492e+01 5.20479927e+01 4.96821632e+01
    5.59729919e+01 5.80651665e+01 5.85538177e+01 6.14495277e+01
    6.55466156e+01 6.74333954e+01 8.68054047e+01 8.49146500e+01
    5.08209686e+01 5.14800415e+01 5.38664246e+01 5.36187592e+01
    5.49643326e+01 5.47599182e+01 5.51532440e+01 5.91806030e+01
    6.01352654e+01 6.15949478e+01 6.20740700e+01 6.41099319e+01
    6.49341888e+01 7.45838928e+01 7.78060684e+01 4.81904602e+01
    5.12250519e+01 5.16184311e+01 5.69644775e+01 5.95128098e+01
    5.98448639e+01 5.90858955e+01 5.53253860e+01 5.83614922e+01
    6.84046707e+01 6.89665222e+01 7.70145264e+01 7.83061371e+01
    8.96289291e+01 9.09787445e+01 6.54993820e+01 6.69780884e+01
    6.69491272e+01 7.02786407e+01 6.78039017e+01 6.53762054e+01
    6.70895538e+01 6.83402710e+01 6.81462479e+01 6.93283310e+01
    6.57703018e+01 6.56298447e+01 6.81982346e+01 7.91509628e+01
    7.95843964e+01 4.64513931e+01 4.93702049e+01 5.26658974e+01
    5.65623512e+01 5.52634506e+01 5.71736565e+01 5.56357117e+01
    5.01126633e+01 5.31937485e+01 6.50778046e+01 7.04716568e+01
    8.12633972e+01 8.30549545e+01 8.81967392e+01 9.02449799e+01
    5.64346504e+01 5.72183800e+01 5.58995934e+01 6.03004990e+01
    6.28657913e+01 6.38676033e+01 6.18274307e+01 5.85881386e+01
    5.48104439e+01 5.15875130e+01 5.25912895e+01 5.56708679e+01
    5.92568588e+01 8.43980255e+01 8.93770828e+01 5.86400719e+01
    5.98877869e+01 5.92593422e+01 6.21198502e+01 6.47741165e+01
    6.59871063e+01 6.42464142e+01 6.05163155e+01 5.86584816e+01
    5.42981110e+01 5.51782951e+01 5.47654190e+01 5.57129364e+01
    8.52228165e+01 8.78420486e+01 8.31819382e+01 8.16854019e+01
    8.01085205e+01 8.13718414e+01 7.96917191e+01 8.00051956e+01
    7.87778091e+01 7.95801697e+01 7.99915619e+01 8.03236389e+01
    8.00992126e+01 7.84972839e+01 7.80185547e+01 6.99387894e+01
    6.89158249e+01 7.02623215e+01 6.90919571e+01 6.64778595e+01
    7.10935745e+01 7.14589005e+01 7.07079086e+01 6.82764206e+01
    6.45668030e+01 6.35740662e+01 6.04771576e+01 5.79837685e+01
    5.75647964e+01 5.71626511e+01 8.02992401e+01 9.14043884e+01
    6.53367462e+01 6.48882523e+01 6.62197800e+01 6.62009125e+01
    6.68383179e+01 6.61284180e+01 6.51930771e+01 6.65013123e+01
    6.86813049e+01 6.98736191e+01 7.00763016e+01 6.83988724e+01
    7.00597153e+01 8.28227234e+01 8.31782455e+01 4.79820900e+01
    5.04747353e+01 5.12969589e+01 5.55128403e+01 5.71061935e+01
    5.74538574e+01 5.58539085e+01 5.20947495e+01 4.93072739e+01
    4.80758553e+01 4.92087326e+01 5.65444107e+01 6.10265045e+01
    8.25081635e+01 8.58017960e+01 5.15047150e+01 5.24210129e+01
    5.41333656e+01 5.81496620e+01 5.82410774e+01 5.88536301e+01
    5.62391891e+01 5.44419708e+01 5.39052658e+01 5.17463226e+01
    4.99511948e+01 4.80839233e+01 5.14704247e+01 8.05547562e+01
    8.35817566e+01 5.18759232e+01 5.31603813e+01 5.49564705e+01
    5.77004623e+01 6.24847298e+01 6.21716423e+01 6.44208298e+01
    6.35215149e+01 6.25728989e+01 5.70615463e+01 5.55976448e+01
    5.27281075e+01 5.44442368e+01 8.14553833e+01 8.32140350e+01
    5.59978523e+01 5.90330582e+01 5.92651863e+01 6.28721542e+01
    6.41090775e+01 6.61621170e+01 6.41244659e+01 5.79682579e+01
    5.69068336e+01 5.72217484e+01 5.82962456e+01 5.66357498e+01
    5.41926994e+01 7.98663559e+01 8.73967972e+01 6.71657181e+01
    6.61534042e+01 6.62220078e+01 6.91917267e+01 6.85666809e+01
    6.96298981e+01 6.82568283e+01 6.05844269e+01 6.02727432e+01
    6.36842651e+01 6.41889877e+01 6.31632500e+01 6.31456108e+01
    7.73241272e+01 8.68904190e+01 5.69502716e+01 5.81337852e+01
    5.85611801e+01 6.34193726e+01 6.33151703e+01 6.36238670e+01
    6.12397232e+01 5.54648514e+01 5.54943657e+01 5.62917252e+01
    5.64673004e+01 5.39648285e+01 5.15628815e+01 7.95169907e+01
    8.37776794e+01 5.68312454e+01 5.94056702e+01 6.18539848e+01
    6.42079010e+01 6.79489212e+01 6.84160080e+01 6.73785629e+01
    6.56206360e+01 6.49121094e+01 6.20183144e+01 6.03027573e+01
    5.98023415e+01 5.78852005e+01 7.83811798e+01 8.29509888e+01
    5.45174103e+01 5.58870773e+01 5.62908821e+01 5.96852417e+01
    6.09672203e+01 6.35365410e+01 6.64620590e+01 6.31986809e+01
    5.74982605e+01 5.42817955e+01 5.54783859e+01 5.42399521e+01
    5.24141617e+01 7.77082977e+01 8.26924820e+01 6.26404419e+01
    6.38769608e+01 6.44122467e+01 6.74055023e+01 6.71398697e+01
    6.79315720e+01 6.53131409e+01 6.12355423e+01 6.11403542e+01
    5.90320282e+01 5.82423515e+01 5.89010544e+01 5.80363083e+01
    7.84860077e+01 8.55034637e+01 6.79866562e+01 6.85299683e+01
    6.77095261e+01 7.13868866e+01 7.18425217e+01 7.46687927e+01
    7.52872467e+01 6.61377335e+01 6.39813690e+01 6.42043076e+01
    6.47682037e+01 6.35672684e+01 6.24343987e+01 7.82360992e+01
    8.34347687e+01 7.45776978e+01 7.43721085e+01 7.40354462e+01
    7.76362686e+01 7.68846054e+01 7.89264145e+01 7.92831421e+01
    7.16097107e+01 7.13764801e+01 7.28491516e+01 7.19068222e+01
    6.97698364e+01 6.86931305e+01 7.82538300e+01 8.16491547e+01
    7.00808868e+01 7.00398026e+01 6.97194290e+01 6.77218781e+01
    6.97756042e+01 6.84406128e+01 7.16948242e+01 7.82227097e+01
