<?xml version="1.0"?>
<opencv_storage>
<training_set_points type_id="opencv-matrix">
  <rows>41</rows>
  <cols>15</cols>
  <dt>f</dt>
  <data>
    7.50857620e+01 7.80178146e+01 6.79615707e+01 6.27556839e+01
    6.45227966e+01 6.07791748e+01 6.16566544e+01 6.35702362e+01
    6.02207565e+01 5.83960953e+01 5.79397087e+01 5.63552399e+01
    5.63188858e+01 5.63289871e+01 5.70145378e+01 4.86162148e+01
    4.91381340e+01 4.68875618e+01 4.36918221e+01 4.56599159e+01
    4.92607956e+01 4.95200844e+01 5.12127304e+01 5.22863350e+01
    5.25075951e+01 4.98455772e+01 4.85757790e+01 4.60307236e+01
    4.50856171e+01 4.50013504e+01 6.22351418e+01 6.42249756e+01
    6.69835205e+01 6.75081024e+01 6.29880753e+01 5.44175301e+01
    5.43239708e+01 5.50506897e+01 5.47396507e+01 5.55152855e+01
    5.48070908e+01 5.31826096e+01 5.21060715e+01 5.07905045e+01
    5.12012901e+01 7.66428070e+01 7.66904831e+01 7.92341537e+01
    7.45949860e+01 6.52597809e+01 6.23638992e+01 5.94325905e+01
    6.13980751e+01 6.14877396e+01 6.22626724e+01 6.22177620e+01
    6.04895210e+01 5.94741974e+01 5.90757790e+01 5.95790825e+01
    5.95784607e+01 5.88008614e+01 5.92119141e+01 5.85092049e+01
    5.61636658e+01 5.58574944e+01 5.82022781e+01 5.79750557e+01
    5.63819809e+01 5.95797348e+01 5.76456833e+01 5.54672279e+01
    5.55976830e+01 5.77677116e+01 5.94772034e+01 6.57186356e+01
    7.62098312e+01 8.46939774e+01 7.83944016e+01 6.87945023e+01
    6.06953430e+01 5.98174210e+01 6.34615746e+01 6.44739456e+01
    6.22898407e+01 6.02077332e+01 5.62448120e+01 5.54904785e+01
    5.63767891e+01 5.76249275e+01 7.00591736e+01 7.80412521e+01
    8.56748505e+01 8.61778259e+01 8.12526016e+01 7.35414810e+01
    6.17625961e+01 6.74849548e+01 7.85424652e+01 6.57380600e+01
    5.65901527e+01 5.35512581e+01 4.98469238e+01 5.15512733e+01
    5.14542809e+01 5.16295738e+01 5.61518555e+01 5.85199509e+01
    5.87996178e+01 5.75051003e+01 5.69012566e+01 5.41652908e+01
    5.68840446e+01 5.86511993e+01 5.45554123e+01 5.13153267e+01
    4.86630325e+01 4.74179497e+01 4.70832253e+01 4.72011871e+01
    7.41662674e+01 7.61926727e+01 7.93822174e+01 7.25425034e+01
    7.07931061e+01 7.66844330e+01 6.97473679e+01 7.06240692e+01
    7.20086899e+01 6.02527122e+01 5.03538818e+01 4.61483154e+01
    4.46879959e+01 4.53515930e+01 4.60321007e+01 5.65361214e+01
    5.98238869e+01 7.07524033e+01 7.81883392e+01 8.00324173e+01
    7.98939972e+01 6.84742050e+01 7.18873749e+01 7.03585892e+01
    6.17137413e+01 5.64987411e+01 5.23142624e+01 4.98803024e+01
    5.20899506e+01 5.21746063e+01 4.65196075e+01 4.90201912e+01
    5.59382935e+01 5.91318092e+01 5.92774963e+01 5.51009407e+01
    5.17603683e+01 5.23743439e+01 5.15769539e+01 5.22014084e+01
    5.24918671e+01 5.09072914e+01 5.05969963e+01 5.02166481e+01
    5.06956940e+01 4.13133278e+01 4.23437805e+01 6.55735168e+01
    8.78895111e+01 7.19047165e+01 4.99197273e+01 5.18627052e+01
    5.07075005e+01 5.03937836e+01 5.71360207e+01 5.83023643e+01
    5.59615364e+01 5.50169182e+01 5.29851379e+01 5.19417877e+01
    8.32465439e+01 8.17626724e+01 7.53011856e+01 7.18782806e+01
    6.87678604e+01 5.75719528e+01 5.21952057e+01 5.39333000e+01
    5.41182785e+01 5.51101303e+01 5.85377312e+01 6.30932350e+01
    7.45053253e+01 7.28970642e+01 7.13471527e+01 6.09368248e+01
    6.46164246e+01 6.68041077e+01 6.53948669e+01 6.66532898e+01
    6.72780914e+01 6.82939606e+01 6.98099747e+01 7.06278076e+01
    7.25422058e+01 7.74226685e+01 7.96018982e+01 8.22791214e+01
    8.19898529e+01 8.15345306e+01 8.99833908e+01 8.67370605e+01
    7.65645142e+01 6.83707047e+01 6.72699203e+01 6.27950859e+01
    5.45363388e+01 5.76965981e+01 5.84252090e+01 6.06428757e+01
    7.27061310e+01 7.65292053e+01 7.66036835e+01 6.76666183e+01
    6.32397614e+01 7.51560898e+01 7.94810715e+01 7.82112350e+01
    7.44229431e+01 5.96366577e+01 5.36267853e+01 5.16396942e+01
    5.11186638e+01 4.97398300e+01 5.92514648e+01 6.61075592e+01
    6.47200012e+01 6.77106628e+01 6.36969337e+01 6.47474976e+01
    9.75937271e+01 9.22316742e+01 8.70863647e+01 8.50059586e+01
    7.68535538e+01 6.58092651e+01 6.57073288e+01 6.13223228e+01
    5.50505791e+01 6.74312286e+01 7.45359116e+01 7.85928574e+01
    9.33757782e+01 7.77685013e+01 6.98418655e+01 8.24764938e+01
    7.99670563e+01 7.30406876e+01 7.95089722e+01 7.22421799e+01
    5.83059616e+01 5.92009239e+01 5.89610825e+01 5.69028931e+01
    6.29695244e+01 6.36978188e+01 6.12484741e+01 6.24683418e+01
    6.39616699e+01 6.30042114e+01 1.38613525e+02 1.28436813e+02
    9.57416153e+01 9.46135864e+01 8.12998962e+01 7.37903366e+01
    6.95422058e+01 6.46506119e+01 5.99062500e+01 6.36058502e+01
    7.15751266e+01 8.01619339e+01 8.66720581e+01 8.29057846e+01
    7.82219238e+01 8.57143097e+01 8.51886215e+01 8.52623444e+01
    8.82088318e+01 8.17849274e+01 7.41626892e+01 8.13530884e+01
    8.08787918e+01 7.35515442e+01 7.28130264e+01 7.06428452e+01
    6.80849533e+01 6.85489273e+01 6.71763992e+01 6.63309708e+01
    7.99258423e+01 7.91704178e+01 7.08375015e+01 7.38201599e+01
    6.63339691e+01 5.55555840e+01 5.25819244e+01 5.62145844e+01
    5.75141869e+01 5.55556946e+01 5.43248482e+01 5.29903145e+01
    5.67009735e+01 6.13572960e+01 6.16603584e+01 7.73655853e+01
    8.31512299e+01 8.26272049e+01 7.53227234e+01 7.86813126e+01
    7.70581589e+01 7.52385635e+01 7.91537247e+01 8.05134125e+01
    6.52474747e+01 6.28524590e+01 6.61914902e+01 7.07369537e+01
    6.54237595e+01 6.11917191e+01 1.21529137e+02 1.44004333e+02
    1.06222969e+02 9.65932465e+01 8.72442474e+01 7.95122299e+01
    6.86319809e+01 6.63780212e+01 6.43071289e+01 6.66158905e+01
    7.64552307e+01 8.35231628e+01 8.37567749e+01 7.98400803e+01
    7.69684601e+01 9.66991119e+01 8.93149948e+01 8.65303040e+01
    9.08721008e+01 8.78583908e+01 7.70573196e+01 7.49569778e+01
    7.54864349e+01 7.50010757e+01 8.46175766e+01 7.58023453e+01
    7.23958893e+01 6.92370834e+01 6.53192215e+01 6.06959000e+01
    1.26682396e+02 1.25006378e+02 1.07045929e+02 1.05387947e+02
    8.82708817e+01 7.36072540e+01 7.24761429e+01 6.86473999e+01
    6.33369827e+01 8.18413467e+01 9.04546432e+01 8.17105179e+01
    7.64048615e+01 8.49344177e+01 8.48885880e+01 1.21283211e+02
    1.19887283e+02 9.47646866e+01 9.00034485e+01 8.34803009e+01
    8.40698013e+01 9.30512390e+01 9.15174408e+01 8.41130142e+01
    8.39125977e+01 7.38972397e+01 6.97959061e+01 8.13312149e+01
    8.32287827e+01 8.02441788e+01 1.29769913e+02 1.22813026e+02
    1.07686234e+02 1.00152908e+02 8.47548218e+01 7.81875916e+01
    9.04548950e+01 8.61585083e+01 7.61605835e+01 8.38198395e+01
    7.68285828e+01 7.11796188e+01 8.56800079e+01 8.14726105e+01
    7.82733917e+01 8.22674942e+01 8.70802460e+01 7.84253235e+01
    7.32446442e+01 7.13868561e+01 6.99262085e+01 7.30209122e+01
    7.22607117e+01 6.44303741e+01 6.29398270e+01 5.19845657e+01
    4.71116982e+01 4.52496109e+01 4.95408325e+01 4.99607239e+01
    7.46039886e+01 7.05321579e+01 6.99150772e+01 7.53408508e+01
    6.72937546e+01 5.54008484e+01 5.90465012e+01 5.98117599e+01
    5.68979912e+01 5.32016335e+01 4.26152496e+01 4.14790459e+01
    4.12003059e+01 4.28449211e+01 4.22264290e+01 5.10737801e+01
    4.97158203e+01 4.80925369e+01 5.04153404e+01 6.29890099e+01
    7.31836929e+01 7.51057739e+01 7.79914093e+01 7.94368515e+01
    7.28489914e+01 6.74237061e+01 6.67196579e+01 6.20937538e+01
    5.72906723e+01 5.51523590e+01 7.10537109e+01 7.55661469e+01
    7.66089401e+01 7.91121597e+01 7.81061859e+01 7.45120697e+01
    7.61794281e+01 7.76735306e+01 7.50501175e+01 7.11119461e+01
    5.87086029e+01 5.57315063e+01 5.59155960e+01 5.81359024e+01
    5.75984688e+01 6.01746330e+01 6.02851143e+01 5.98087578e+01
    5.76508560e+01 5.47510605e+01 5.46009140e+01 5.17539825e+01
    5.30536652e+01 5.38654022e+01 5.48709412e+01 5.59985046e+01
    5.35182495e+01 5.35494156e+01 5.51634674e+01 5.48493500e+01
    5.17671623e+01 5.15250130e+01 5.23307953e+01 5.00921211e+01
    4.96753273e+01 4.98380623e+01 5.02998199e+01 5.09852295e+01
