<?xml version="1.0"?>
<opencv_storage>
<training_set_points type_id="opencv-matrix">
  <rows>80</rows>
  <cols>15</cols>
  <dt>f</dt>
  <data>
    5.94218254e+01 6.11250381e+01 6.44858551e+01 6.41442719e+01
    6.11605186e+01 6.17191925e+01 6.20986938e+01 6.04991951e+01
    6.54167938e+01 6.62892532e+01 6.37902374e+01 6.50678711e+01
    6.42525101e+01 6.44998550e+01 6.42397308e+01 6.56780701e+01
    6.58633118e+01 6.53139114e+01 6.82795029e+01 6.71736298e+01
    6.76995544e+01 6.86612930e+01 6.64967651e+01 6.75585327e+01
    7.46558380e+01 7.30801620e+01 7.44240799e+01 7.43471451e+01
    7.49183807e+01 7.52670059e+01 6.02861786e+01 5.89924965e+01
    6.35292740e+01 6.36584015e+01 6.17379265e+01 6.09934692e+01
    6.26366997e+01 6.05164490e+01 6.61720657e+01 6.65172729e+01
    6.14917259e+01 6.23167114e+01 6.28201408e+01 6.29338493e+01
    6.35346794e+01 6.44567413e+01 6.36581192e+01 6.74594269e+01
    6.89618225e+01 6.63559113e+01 6.51596756e+01 6.53103790e+01
    6.34869576e+01 6.70899887e+01 7.18405151e+01 6.78011093e+01
    6.76080170e+01 6.70720825e+01 6.73875580e+01 6.69933929e+01
    7.17470474e+01 7.06150208e+01 7.24633865e+01 7.32644577e+01
    7.41902771e+01 7.24701080e+01 7.29494858e+01 7.13228760e+01
    7.24942398e+01 7.42646103e+01 6.80704346e+01 6.89616776e+01
    6.88775635e+01 6.84927521e+01 6.74713974e+01 7.02058105e+01
    6.77384872e+01 7.23806076e+01 7.13395538e+01 7.08084183e+01
    7.19984283e+01 7.37747192e+01 7.24217300e+01 7.39926147e+01
    7.32063141e+01 7.03216400e+01 7.09244232e+01 7.11162872e+01
    7.07027969e+01 7.00847931e+01 6.97858887e+01 6.82322083e+01
    7.00160675e+01 7.01590881e+01 7.53639679e+01 7.72525787e+01
    7.76253891e+01 7.62436142e+01 7.42176895e+01 7.26988754e+01
    7.31077271e+01 7.34659500e+01 7.45103531e+01 7.41587219e+01
    7.40276337e+01 8.29762344e+01 8.31603851e+01 8.67420883e+01
    9.37702789e+01 8.27820969e+01 8.14716644e+01 7.31345978e+01
    6.71345596e+01 7.28784637e+01 9.41058044e+01 1.00511559e+02
    1.03404160e+02 1.00556580e+02 9.92922287e+01 9.42336731e+01
    6.05788307e+01 6.47310257e+01 7.38545303e+01 7.40513611e+01
    6.96526184e+01 7.88374252e+01 8.39270554e+01 8.25498047e+01
    7.54413528e+01 7.44111938e+01 7.72810669e+01 7.41476746e+01
    7.41642990e+01 7.57621307e+01 7.75023422e+01 7.32633438e+01
    7.49399109e+01 7.76271515e+01 8.48890839e+01 8.99893417e+01
    9.12907333e+01 9.17190857e+01 9.03721848e+01 8.37613831e+01
    8.54373245e+01 8.90155258e+01 8.58234863e+01 8.73541412e+01
    8.62056580e+01 8.70299606e+01 7.33101425e+01 7.38026123e+01
    7.57032013e+01 8.11798706e+01 8.65476303e+01 9.40718842e+01
    9.55033569e+01 9.82938843e+01 8.81100540e+01 8.72474060e+01
    9.16873627e+01 9.02822266e+01 8.97023163e+01 8.87666473e+01
    8.79410934e+01 7.91256866e+01 7.87862854e+01 8.05765915e+01
    8.29935303e+01 8.50043259e+01 8.23834381e+01 7.89037781e+01
    7.41352158e+01 7.27173691e+01 8.87025299e+01 1.03803986e+02
    9.16317520e+01 9.55036011e+01 9.27527161e+01 8.95533218e+01
    6.79111786e+01 6.97161407e+01 7.56215973e+01 7.81260071e+01
    7.11953201e+01 6.79302216e+01 7.27145386e+01 6.97502899e+01
    6.75619507e+01 7.36110382e+01 7.00473938e+01 6.31722755e+01
    6.35236969e+01 6.56436539e+01 6.63196030e+01 7.16299591e+01
    7.43785553e+01 7.81770859e+01 8.21393890e+01 8.62710571e+01
    8.93856735e+01 8.78745041e+01 8.36185150e+01 7.73912354e+01
    7.07281265e+01 7.63277512e+01 7.33629913e+01 7.56141357e+01
    7.41651077e+01 7.24726410e+01 7.51988373e+01 7.78749237e+01
    8.01022491e+01 7.90452499e+01 7.91974487e+01 7.54964371e+01
    7.60505447e+01 7.70286102e+01 7.74497147e+01 7.93535385e+01
    7.73102417e+01 7.94646606e+01 7.89102020e+01 7.88295288e+01
    7.79903183e+01 5.24741936e+01 5.63603287e+01 6.02229919e+01
    6.51984406e+01 7.25978851e+01 8.26743164e+01 8.54801102e+01
    8.34267120e+01 8.16087036e+01 6.56385956e+01 6.64352875e+01
    6.59201126e+01 6.49771652e+01 6.48620682e+01 6.55833435e+01
    6.93687134e+01 7.14341202e+01 7.50865936e+01 8.07904739e+01
    8.47134018e+01 8.96463470e+01 8.96719971e+01 8.65005951e+01
    7.94205017e+01 7.15526962e+01 7.67157440e+01 7.10479431e+01
    7.11975555e+01 7.43351517e+01 8.02643509e+01 7.26997910e+01
    7.16666031e+01 7.19961243e+01 6.80065384e+01 7.14326248e+01
    7.40347900e+01 7.39847183e+01 7.05562439e+01 6.60194626e+01
    5.63289337e+01 6.13191643e+01 5.77790794e+01 6.00128365e+01
    5.94967957e+01 5.94128952e+01 7.22278137e+01 7.48631439e+01
    7.74147949e+01 8.15586853e+01 8.55277100e+01 8.43863678e+01
    8.60375214e+01 8.36432037e+01 7.86417847e+01 8.08682709e+01
    8.34955902e+01 7.96844254e+01 7.93429718e+01 7.86436920e+01
    7.96565933e+01 7.17634964e+01 7.33941422e+01 7.76179352e+01
    7.97814941e+01 8.33004913e+01 8.94389648e+01 8.67874451e+01
    8.25278397e+01 7.89032898e+01 8.19400330e+01 8.71334686e+01
    8.41657944e+01 8.42962723e+01 8.47779007e+01 8.57036209e+01
    6.80274200e+01 7.06428299e+01 7.52654343e+01 7.84920044e+01
    8.15832748e+01 8.97982025e+01 8.79762268e+01 8.50445862e+01
    7.93879089e+01 8.69927826e+01 9.09064331e+01 8.57107391e+01
    8.66504669e+01 8.49481964e+01 8.46443481e+01 7.08284531e+01
    7.24539185e+01 7.65846252e+01 7.94865875e+01 7.78152237e+01
    7.78596802e+01 7.39360809e+01 7.02793274e+01 6.79291458e+01
    7.66134949e+01 7.47473526e+01 7.40992279e+01 7.15322113e+01
    6.80449829e+01 6.34577446e+01 6.90005951e+01 7.01638336e+01
    7.31937714e+01 7.81256561e+01 8.32149658e+01 9.02123718e+01
    8.99731140e+01 8.66640396e+01 8.04638748e+01 6.97065582e+01
    7.00348740e+01 6.80577850e+01 6.75903931e+01 6.63656616e+01
    6.55304718e+01 7.23121719e+01 7.32249603e+01 7.48223419e+01
    7.75346909e+01 8.23917694e+01 8.74440460e+01 8.59486389e+01
    8.17511444e+01 7.76624374e+01 7.65561981e+01 7.93935089e+01
    7.65839539e+01 7.63185577e+01 7.55604248e+01 7.59648285e+01
    6.84946823e+01 7.06631851e+01 7.34231949e+01 7.72804642e+01
    8.00940094e+01 8.55149384e+01 8.43567581e+01 8.04490051e+01
    7.49724655e+01 7.97831802e+01 8.62056961e+01 7.98936310e+01
    8.45188522e+01 8.84979553e+01 9.14839554e+01 6.44212341e+01
    6.57890854e+01 6.78412781e+01 6.43483810e+01 6.60750275e+01
    6.61996155e+01 7.36964951e+01 7.48210220e+01 7.56816711e+01
    6.99623260e+01 6.85707092e+01 6.70534821e+01 6.40151443e+01
    6.27583122e+01 5.82113113e+01 6.95673141e+01 7.28541946e+01
    7.25431900e+01 7.34039154e+01 7.85069733e+01 9.36366272e+01
    1.01834236e+02 9.61646423e+01 9.25336151e+01 6.87391357e+01
    6.83700180e+01 6.62290115e+01 6.59038925e+01 6.56768417e+01
    6.67075119e+01 7.20968704e+01 7.38639679e+01 7.63323669e+01
    7.91639481e+01 7.98046036e+01 8.53695374e+01 8.24669037e+01
    7.88310852e+01 7.51865997e+01 7.64445038e+01 7.86461029e+01
    7.79511871e+01 7.58862305e+01 7.30382614e+01 7.09653091e+01
    6.62771530e+01 6.66690674e+01 6.47262726e+01 6.65025253e+01
    6.82815018e+01 6.29999542e+01 6.28635368e+01 6.18729515e+01
    6.72795639e+01 7.23006592e+01 7.17872238e+01 7.13710175e+01
    6.80989151e+01 6.64959641e+01 6.60744095e+01 6.67067108e+01
    6.96738281e+01 7.23058014e+01 7.66874619e+01 7.64020538e+01
    8.12926178e+01 7.96959686e+01 7.55328674e+01 7.19531097e+01
    7.69526672e+01 7.55208817e+01 7.45822220e+01 7.23244781e+01
    6.91416931e+01 6.53287354e+01 6.54928665e+01 6.84450531e+01
    7.50523300e+01 7.97267990e+01 7.79202576e+01 8.47372742e+01
    8.48489685e+01 8.13558884e+01 7.40617371e+01 6.81455002e+01
    6.47108917e+01 6.19518738e+01 6.04718971e+01 5.93277664e+01
    5.81304359e+01 4.33909760e+01 4.82032623e+01 4.29604492e+01
    5.07712936e+01 4.35036850e+01 4.44274826e+01 4.50529213e+01
    4.36191063e+01 4.30723267e+01 4.01316261e+01 3.98456345e+01
    4.05460434e+01 3.87796173e+01 3.85616150e+01 3.87239342e+01
    7.34663010e+01 7.22775116e+01 7.40858765e+01 7.20061646e+01
    7.77867737e+01 8.23339920e+01 8.47414017e+01 8.20987778e+01
