<?xml version="1.0"?>
<opencv_storage>
<training_set_points type_id="opencv-matrix">
  <rows>91</rows>
  <cols>15</cols>
  <dt>f</dt>
  <data>
    3.75937653e+01 3.44256134e+01 4.97411995e+01 5.53475838e+01
    6.44176178e+01 4.52369156e+01 4.77168617e+01 5.14101639e+01
    6.24748688e+01 5.44888878e+01 4.97150574e+01 4.71035309e+01
    5.66898117e+01 5.09945450e+01 5.51370392e+01 1.21172272e+02
    1.26607513e+02 1.32581726e+02 1.31384064e+02 1.27927017e+02
    1.26385559e+02 1.21477806e+02 1.31427460e+02 1.36204559e+02
    1.38406494e+02 1.38228149e+02 1.40013901e+02 1.48958954e+02
    1.48748428e+02 1.49947891e+02 2.57302589e+01 2.68369484e+01
    3.03208065e+01 2.98682880e+01 2.72160759e+01 2.57378845e+01
    2.55387707e+01 2.81043549e+01 2.52452354e+01 2.54619198e+01
    2.53537903e+01 2.51909332e+01 2.84705048e+01 3.45830536e+01
    3.81426468e+01 1.33570999e+02 1.39840439e+02 1.39922455e+02
    1.45752365e+02 1.48420441e+02 1.44009933e+02 1.47025467e+02
    1.47222244e+02 1.48858444e+02 1.50727600e+02 1.55851013e+02
    1.57926971e+02 1.61953705e+02 1.63291565e+02 1.62982208e+02
    3.01927280e+01 2.67386761e+01 2.56868153e+01 3.01208305e+01
    2.53113861e+01 2.29694633e+01 2.36272621e+01 3.17515354e+01
    2.86714764e+01 2.94557114e+01 2.58513165e+01 2.68780117e+01
    3.18635254e+01 3.25044708e+01 3.58861694e+01 2.68993092e+01
    3.43854141e+01 2.28650265e+01 2.18201828e+01 2.23541584e+01
    1.99293690e+01 2.05848846e+01 2.20300140e+01 2.27207069e+01
    2.37549820e+01 2.17564106e+01 2.30093880e+01 2.63231564e+01
    2.76728840e+01 2.87048187e+01 2.31115227e+01 2.24632435e+01
    2.30955524e+01 2.44909630e+01 2.92578354e+01 2.26899815e+01
    2.53365173e+01 2.58740845e+01 2.44586601e+01 2.30234051e+01
    2.33875332e+01 2.26216202e+01 2.41481323e+01 2.31272736e+01
    2.38936653e+01 2.35963573e+01 2.43469563e+01 2.44221725e+01
    2.61374245e+01 3.21328087e+01 2.89944763e+01 3.32914848e+01
    3.03283081e+01 3.25515480e+01 2.86511612e+01 3.08713703e+01
    2.97844200e+01 2.64662476e+01 2.42025223e+01 2.38062744e+01
    1.39804581e+02 1.44153015e+02 1.55981430e+02 1.64504654e+02
    1.66985123e+02 1.74466843e+02 1.76746170e+02 1.70683273e+02
    1.68493881e+02 1.58179962e+02 1.54911011e+02 1.51342972e+02
    1.51057144e+02 1.45208160e+02 1.42715195e+02 1.52453369e+02
    1.55351181e+02 1.67746490e+02 1.74431854e+02 1.63451920e+02
    1.49704834e+02 1.48998901e+02 1.52989487e+02 1.51622192e+02
    1.50221909e+02 1.41358307e+02 1.50600830e+02 1.56313324e+02
    1.59492859e+02 1.60151062e+02 2.11803741e+01 1.98215179e+01
    2.00439644e+01 2.19045048e+01 2.43466320e+01 2.47242584e+01
    2.84336891e+01 2.22550774e+01 2.23175335e+01 2.20964851e+01
    2.22537422e+01 2.17811775e+01 2.56948414e+01 2.54248848e+01
    2.55259132e+01 1.40942261e+02 1.48979279e+02 1.63270782e+02
    1.68670258e+02 1.75641800e+02 1.79560135e+02 1.78814636e+02
    1.69530273e+02 1.74743439e+02 1.72751740e+02 1.69503571e+02
    1.62284576e+02 1.57046371e+02 1.50830307e+02 1.42524689e+02
    2.80916252e+01 2.65510750e+01 2.14730644e+01 2.05796394e+01
    2.10700817e+01 2.00260029e+01 2.07858429e+01 2.37322979e+01
    2.15435390e+01 2.09154530e+01 2.17450562e+01 2.11984749e+01
    2.23170204e+01 2.20410709e+01 2.23389645e+01 1.38553162e+02
    1.47804962e+02 1.57933884e+02 1.60852905e+02 1.67429062e+02
    1.67952957e+02 1.68487808e+02 1.67142487e+02 1.67723877e+02
    1.67299866e+02 1.59316605e+02 1.52968979e+02 1.54625610e+02
    1.49077805e+02 1.45618256e+02 7.22716522e+01 8.84014282e+01
    7.11158295e+01 6.35276070e+01 6.20261574e+01 6.95375824e+01
    6.61648865e+01 9.91510620e+01 8.98992767e+01 9.98206863e+01
    8.25415497e+01 8.32619171e+01 9.79718094e+01 9.71425858e+01
    9.53154449e+01 1.53307129e+02 1.59088684e+02 1.75077179e+02
    1.79893387e+02 1.72066833e+02 1.64563583e+02 1.61592743e+02
    1.58137680e+02 1.57081421e+02 1.54781967e+02 1.55595032e+02
    1.56804504e+02 1.56641235e+02 1.58196609e+02 1.48258606e+02
    1.00743675e+02 1.09714394e+02 1.13628944e+02 1.16369972e+02
    1.05123985e+02 1.23907082e+02 1.14551102e+02 1.24708160e+02
    1.16798378e+02 1.15352341e+02 1.01917877e+02 1.02031433e+02
    1.04713120e+02 1.05096207e+02 1.04488747e+02 1.47662399e+02
    1.55491882e+02 1.72830688e+02 1.73376572e+02 1.80275269e+02
    1.68641373e+02 1.70273941e+02 1.62480637e+02 1.67692596e+02
    1.71137024e+02 1.71128326e+02 1.66176025e+02 1.67961670e+02
    1.58368134e+02 1.50789642e+02 1.35785400e+02 1.46805099e+02
    1.62097397e+02 1.64789322e+02 1.71567368e+02 1.66206879e+02
    1.68327942e+02 1.59772690e+02 1.62456467e+02 1.55820038e+02
    1.59382812e+02 1.55482117e+02 1.50915222e+02 1.41514511e+02
    1.32319855e+02 1.93769703e+01 1.82587528e+01 1.66015816e+01
    1.68341713e+01 1.78239231e+01 1.64489384e+01 1.69291058e+01
    1.89561577e+01 1.91818180e+01 1.80908337e+01 1.71970654e+01
    1.75523853e+01 1.86203976e+01 1.83868103e+01 1.88728905e+01
    1.61113419e+02 1.62875183e+02 1.71883072e+02 1.79359604e+02
    1.74152618e+02 1.62872528e+02 1.61331650e+02 1.63791718e+02
    1.66139908e+02 1.66024719e+02 1.65884140e+02 1.67596924e+02
    1.68874924e+02 1.70977112e+02 1.71786255e+02 1.57379272e+02
    1.60496750e+02 1.74445328e+02 1.81739243e+02 1.80959717e+02
    1.65656403e+02 1.66995132e+02 1.64674805e+02 1.66292511e+02
    1.66832382e+02 1.73105301e+02 1.80171341e+02 1.81908585e+02
    1.76829224e+02 1.70508667e+02 1.25611290e+02 1.36312317e+02
    1.40272522e+02 1.38287491e+02 1.36130966e+02 1.44535141e+02
    1.42064896e+02 1.15323463e+02 1.14772026e+02 1.12467453e+02
    1.13572891e+02 1.09286591e+02 9.93335419e+01 9.71054993e+01
    9.22543716e+01 9.88469086e+01 1.16400475e+02 1.18449272e+02
    1.32111725e+02 1.31709167e+02 1.23609894e+02 1.39122482e+02
    1.27853485e+02 1.28215149e+02 1.33316147e+02 1.46990646e+02
    1.39818085e+02 1.29229050e+02 1.23714417e+02 1.14641060e+02
    1.41384293e+02 1.52537872e+02 1.72157471e+02 1.73632645e+02
    1.72539459e+02 1.61918747e+02 1.62013885e+02 1.53432846e+02
    1.55678131e+02 1.53924362e+02 1.57166199e+02 1.53584061e+02
    1.51345963e+02 1.45874390e+02 1.43553284e+02 8.94421616e+01
    5.24749222e+01 6.20744553e+01 1.66739578e+01 1.55414925e+01
    2.62096081e+01 1.68067627e+01 1.65942841e+01 1.65117855e+01
    1.57617130e+01 1.51950130e+01 1.52959585e+01 1.60353088e+01
    1.57901392e+01 1.58575974e+01 1.20824059e+02 1.23904213e+02
    1.03323326e+02 1.17496399e+02 1.00555840e+02 7.77401047e+01
    9.07707367e+01 9.71161194e+01 9.85659790e+01 1.02608635e+02
    9.55621414e+01 9.11606369e+01 1.05603973e+02 1.01794785e+02
    1.02500214e+02 1.52035248e+02 1.56899933e+02 1.66953781e+02
    1.73552521e+02 1.73604187e+02 1.69694183e+02 1.68432587e+02
    1.59560226e+02 1.54716858e+02 1.48947876e+02 1.49286011e+02
    1.42995361e+02 1.38978210e+02 1.38951492e+02 1.41405975e+02
    9.30550003e+01 9.70159302e+01 1.02391136e+02 1.03405983e+02
    1.19332237e+02 8.81937180e+01 9.41260376e+01 9.90248795e+01
    1.08708084e+02 1.14439278e+02 1.17638695e+02 1.11029533e+02
    1.41299866e+02 1.32106934e+02 1.39947266e+02 3.48316307e+01
    3.99949570e+01 6.33970451e+01 1.14264252e+02 1.14575783e+02
    7.19864044e+01 8.80318375e+01 1.02932022e+02 1.09197655e+02
    1.13969078e+02 1.11989433e+02 1.13646545e+02 1.27331085e+02
    1.24800163e+02 1.27390739e+02 1.59042038e+02 1.55913864e+02
    1.61355667e+02 1.68059616e+02 1.66383286e+02 1.54469955e+02
    1.56487549e+02 1.55877502e+02 1.54895264e+02 1.52863846e+02
    1.52131699e+02 1.50091141e+02 1.54736923e+02 1.53162933e+02
    1.48262100e+02 3.84840240e+01 3.60459480e+01 3.61075630e+01
    3.72660065e+01 5.13627701e+01 4.53907089e+01 6.68114929e+01
    5.04499779e+01 4.33275375e+01 3.52759895e+01 5.56945305e+01
    4.68961143e+01 3.38228569e+01 3.05837288e+01 2.87607460e+01
    5.72041245e+01 5.25809250e+01 3.22782822e+01 3.29368591e+01
    4.33940086e+01 2.85335445e+01 2.90385151e+01 5.03059196e+01
