<?xml version="1.0"?>
<opencv_storage>
<training_set_points type_id="opencv-matrix">
  <rows>89</rows>
  <cols>15</cols>
  <dt>f</dt>
  <data>
    5.66345329e+01 5.70151253e+01 5.10353622e+01 5.14681969e+01
    5.66424332e+01 5.91064796e+01 6.13954239e+01 6.07803726e+01
    6.09685555e+01 6.14809799e+01 6.09381485e+01 6.07754936e+01
    6.11651917e+01 6.64857635e+01 6.94929962e+01 6.27644272e+01
    6.45210876e+01 5.22840729e+01 5.34081497e+01 5.61659241e+01
    6.03339577e+01 6.18158836e+01 6.06718102e+01 5.82807083e+01
    6.40140686e+01 6.25292664e+01 5.75616531e+01 5.71814651e+01
    5.67725067e+01 5.37551155e+01 4.99492683e+01 5.82448540e+01
    5.54333305e+01 5.77142715e+01 6.09957123e+01 6.14759407e+01
    6.28891678e+01 6.16390228e+01 5.92420273e+01 6.16006279e+01
    6.11398125e+01 5.96602173e+01 5.96277733e+01 6.06577187e+01
    6.14932747e+01 4.91348763e+01 4.92955894e+01 4.20566673e+01
    3.82107391e+01 4.86321831e+01 5.54461555e+01 5.75891571e+01
    5.61506615e+01 6.53758316e+01 6.67742615e+01 6.61242828e+01
    6.58656235e+01 6.46137848e+01 6.59058075e+01 6.57714767e+01
    7.39827652e+01 6.75738831e+01 5.06328430e+01 5.27906303e+01
    5.29135475e+01 5.42814560e+01 5.74455490e+01 5.58688126e+01
    4.95417480e+01 4.98141022e+01 4.91674538e+01 4.88157043e+01
    4.81620712e+01 5.23814964e+01 5.43720627e+01 6.58228455e+01
    6.28726540e+01 6.11099319e+01 6.23932343e+01 6.41611099e+01
    6.38458977e+01 6.47215881e+01 6.40822601e+01 6.56519699e+01
    6.42441788e+01 6.36587067e+01 6.36301498e+01 6.35092392e+01
    6.58113708e+01 6.67688522e+01 7.49452667e+01 6.80374603e+01
    4.56666336e+01 4.56328087e+01 4.85936890e+01 5.14351883e+01
    5.33080025e+01 5.31767273e+01 5.45397148e+01 5.97263412e+01
    5.91483727e+01 5.46697006e+01 5.18184090e+01 5.32225227e+01
    5.41178017e+01 6.42394562e+01 6.42476959e+01 6.60113525e+01
    6.62367172e+01 6.83119125e+01 7.01817932e+01 7.08356857e+01
    6.99492111e+01 7.62752838e+01 8.01495972e+01 7.87325974e+01
    7.68096924e+01 7.70056686e+01 7.67795258e+01 7.42192383e+01
    5.56775513e+01 5.91829376e+01 6.15042534e+01 5.75024834e+01
    6.39279404e+01 6.83594208e+01 6.72191925e+01 6.67490005e+01
    7.07294769e+01 7.10110626e+01 7.07011948e+01 7.05818024e+01
    6.98276138e+01 6.90739746e+01 6.82989197e+01 6.55779495e+01
    6.25237694e+01 6.13803940e+01 6.34526825e+01 6.50569458e+01
    6.40084000e+01 6.54765625e+01 6.58965836e+01 6.61013336e+01
    6.54116058e+01 6.56518707e+01 6.55635986e+01 6.53230972e+01
    6.68345947e+01 6.84836502e+01 6.19866829e+01 6.25028305e+01
    6.37359390e+01 6.66981354e+01 6.64882278e+01 6.61953049e+01
    6.71526794e+01 6.80555496e+01 6.69580231e+01 6.68226624e+01
    6.69874573e+01 6.70614395e+01 6.68497467e+01 6.61576920e+01
    6.72917938e+01 3.96723938e+01 4.69687386e+01 5.60534363e+01
    5.70223122e+01 5.93276558e+01 6.04587593e+01 6.13485565e+01
    6.13508797e+01 6.49433594e+01 6.39572449e+01 6.42199249e+01
    6.42234116e+01 6.49102325e+01 6.62638092e+01 6.70961151e+01
    6.99381638e+01 6.84538727e+01 6.06587105e+01 6.16402626e+01
    6.52090225e+01 6.67344894e+01 6.81941223e+01 6.68842316e+01
    5.91065559e+01 6.42907944e+01 6.23675690e+01 5.67705421e+01
    5.35650291e+01 5.22871437e+01 5.18751678e+01 6.52982941e+01
    6.51156616e+01 6.89925613e+01 7.09348755e+01 6.95142136e+01
    6.81947937e+01 6.81619873e+01 6.74099197e+01 6.82483292e+01
    6.76373825e+01 6.75803986e+01 6.72639084e+01 6.74105225e+01
    6.82930908e+01 6.96355896e+01 6.16388397e+01 6.05773697e+01
    6.53048553e+01 6.71150818e+01 6.69950180e+01 6.71194153e+01
    6.78859711e+01 6.85137482e+01 6.89007950e+01 6.85858307e+01
    6.83947067e+01 6.83231583e+01 6.77117386e+01 6.69482727e+01
    6.73550568e+01 4.87272911e+01 5.28890839e+01 6.11121826e+01
    6.21420326e+01 6.17744751e+01 6.31775017e+01 6.28730583e+01
    6.34075012e+01 6.85128479e+01 6.87610779e+01 6.86835251e+01
    6.85259781e+01 6.81199570e+01 6.76849976e+01 6.81609573e+01
    6.98650131e+01 6.72928009e+01 6.44228897e+01 6.68218536e+01
    6.70869598e+01 6.70478973e+01 6.78056946e+01 6.73467178e+01
    6.29369011e+01 6.44120026e+01 6.35201836e+01 6.03040810e+01
    5.80759850e+01 5.67784348e+01 5.66904640e+01 5.82795334e+01
    5.86390305e+01 6.48245697e+01 6.81856995e+01 6.68003387e+01
    6.61885681e+01 6.70905533e+01 6.62066650e+01 6.85014420e+01
    6.83180847e+01 6.79429932e+01 6.81170120e+01 6.86911011e+01
    7.14967422e+01 7.17684097e+01 7.16447067e+01 7.41477432e+01
    7.77452011e+01 7.79325180e+01 7.74641418e+01 7.74714966e+01
    7.84995270e+01 7.89026794e+01 8.16747437e+01 8.02198486e+01
    8.01316528e+01 7.93370514e+01 7.98764877e+01 8.08713455e+01
    8.24257812e+01 7.19816208e+01 6.87050476e+01 6.71935654e+01
    6.76256256e+01 6.99819794e+01 7.28174133e+01 7.45763092e+01
    7.26148758e+01 7.82549896e+01 7.82115707e+01 7.77195206e+01
    7.73016739e+01 7.73643723e+01 7.79522400e+01 7.86013641e+01
    7.61556778e+01 7.70652161e+01 7.94863663e+01 7.99802856e+01
    8.13374786e+01 8.26644211e+01 8.27932281e+01 8.30640488e+01
    8.57931747e+01 8.58375549e+01 8.54629059e+01 8.55480270e+01
    8.58694916e+01 8.42898254e+01 8.28849945e+01 5.88414726e+01
    6.29749908e+01 6.71707458e+01 6.83289185e+01 6.72369919e+01
    6.86015320e+01 6.90526886e+01 6.85426788e+01 7.83780441e+01
    8.09493256e+01 7.96222305e+01 7.97892532e+01 8.07316132e+01
    8.37740250e+01 8.44949112e+01 7.54202118e+01 7.63875809e+01
    7.90341110e+01 8.01714935e+01 7.97051239e+01 7.99363403e+01
    8.10123749e+01 8.07458267e+01 8.20791855e+01 8.23173447e+01
    8.19052887e+01 7.99441299e+01 7.89611816e+01 8.06535492e+01
    8.18123932e+01 7.67877502e+01 7.86459961e+01 8.04851227e+01
    8.16129074e+01 8.20883789e+01 8.17885437e+01 8.27063980e+01
    8.28443451e+01 8.45230560e+01 8.42868958e+01 8.39510727e+01
    8.44198303e+01 8.52918625e+01 8.55952454e+01 8.74753036e+01
    6.91472702e+01 6.23649063e+01 6.50316086e+01 6.73676834e+01
    6.56678467e+01 6.40838699e+01 6.42729187e+01 6.58472748e+01
    6.17272339e+01 6.13864784e+01 6.14899406e+01 5.85095863e+01
    4.97994270e+01 4.25511971e+01 3.97830086e+01 7.74196701e+01
    7.86426239e+01 7.96246872e+01 8.20317535e+01 8.18702850e+01
    8.14144058e+01 8.26259155e+01 8.25841064e+01 8.50452805e+01
    8.37973022e+01 8.27824097e+01 8.17617111e+01 8.68847809e+01
    8.60598907e+01 9.82479019e+01 7.72720184e+01 7.98326950e+01
    8.09395218e+01 8.49364471e+01 9.49422073e+01 9.35798111e+01
    9.30814285e+01 9.23348999e+01 8.41276016e+01 8.36787186e+01
    8.37296371e+01 8.37368088e+01 8.34107132e+01 8.31384125e+01
    8.35027924e+01 7.66085358e+01 7.95637817e+01 8.29295807e+01
    8.42939987e+01 8.45684662e+01 8.51730499e+01 8.65004883e+01
    8.53133850e+01 8.50703888e+01 8.41218262e+01 8.32772522e+01
    8.36976624e+01 8.36380615e+01 8.43997192e+01 8.60579300e+01
    5.71765442e+01 5.54917450e+01 6.46685638e+01 6.72185211e+01
    6.96838303e+01 6.97274170e+01 7.16275558e+01 7.66636505e+01
    6.69288177e+01 6.58022842e+01 6.57289810e+01 6.38852806e+01
    6.17056313e+01 6.20480347e+01 6.41334610e+01 7.77737350e+01
    7.92981491e+01 8.05434799e+01 8.27061768e+01 8.32875214e+01
    8.27583542e+01 8.29567337e+01 8.37110519e+01 8.75677261e+01
    8.48201218e+01 8.50511856e+01 8.65398102e+01 9.01584320e+01
    8.56136627e+01 8.57873459e+01 7.77093277e+01 7.77306900e+01
    9.06571350e+01 8.19631882e+01 8.95261841e+01 8.39018402e+01
    7.98897400e+01 8.12269363e+01 8.80265503e+01 7.74452286e+01
    7.78543091e+01 8.83838654e+01 9.97553635e+01 1.06671700e+02
    1.04761848e+02 6.12719421e+01 6.56196747e+01 8.25070877e+01
    8.29864960e+01 8.25626602e+01 8.23876419e+01 8.26659622e+01
    8.24296875e+01 9.12821350e+01 8.95404739e+01 9.01424255e+01
    9.32452393e+01 9.28313065e+01 8.90821381e+01 8.50899811e+01
    7.30761261e+01 7.53483505e+01 8.51410904e+01 8.66683731e+01
    8.43954773e+01 8.31117783e+01 8.26047974e+01 8.39502640e+01
