<?xml version="1.0"?>
<opencv_storage>
<training_set_points type_id="opencv-matrix">
  <rows>84</rows>
  <cols>15</cols>
  <dt>f</dt>
  <data>
    7.15769730e+01 5.68134155e+01 5.81385040e+01 5.89479980e+01
    6.03524399e+01 5.49852791e+01 5.56744652e+01 5.91509247e+01
    5.01832161e+01 4.70111923e+01 4.64642334e+01 4.70082779e+01
    4.48047829e+01 4.27536354e+01 5.07244873e+01 6.71720581e+01
    6.20429878e+01 6.30977325e+01 6.34362488e+01 6.32510223e+01
    6.16752396e+01 6.16991310e+01 6.37174377e+01 6.06574745e+01
    6.04123077e+01 6.09037170e+01 6.05866699e+01 5.99285088e+01
    5.85114784e+01 6.27175713e+01 8.79321365e+01 8.89336700e+01
    9.10063477e+01 9.10021667e+01 9.08684387e+01 8.99832230e+01
    8.98578644e+01 9.06119995e+01 9.16065674e+01 9.09477234e+01
    9.20561066e+01 9.17281342e+01 9.12666397e+01 9.10666199e+01
    9.34274216e+01 6.59817123e+01 5.98633232e+01 6.14314079e+01
    6.15613327e+01 6.12426834e+01 6.02178955e+01 6.01450043e+01
    6.33735428e+01 5.95086975e+01 5.92895126e+01 5.99931183e+01
    5.97941284e+01 6.05133629e+01 6.00255318e+01 6.26628838e+01
    9.97069244e+01 9.01405563e+01 9.12099762e+01 9.17546234e+01
    9.34503250e+01 9.08298492e+01 9.13739777e+01 9.19403381e+01
    9.05474167e+01 8.82301636e+01 8.93796768e+01 8.87236557e+01
    8.83720016e+01 8.85402603e+01 9.31403351e+01 6.72075958e+01
    6.23212280e+01 6.38177872e+01 6.42388992e+01 6.36562576e+01
    6.32218857e+01 6.46491623e+01 6.41509933e+01 6.08487282e+01
    5.94862518e+01 5.95145569e+01 6.02435417e+01 5.96183586e+01
    5.43791389e+01 5.99212570e+01 8.27032547e+01 6.41938248e+01
    6.25309029e+01 6.45089493e+01 6.75300140e+01 6.41044769e+01
    6.67842865e+01 6.79812546e+01 6.39546089e+01 6.33321724e+01
    6.34084969e+01 6.32433014e+01 5.94640579e+01 5.47107964e+01
    6.03779221e+01 8.88184586e+01 8.95435181e+01 9.18677292e+01
    9.17955933e+01 9.20364914e+01 9.42351685e+01 9.63405228e+01
    9.49383926e+01 9.53525696e+01 9.47015839e+01 9.52225189e+01
    9.62025528e+01 9.50065842e+01 9.12925186e+01 9.41528854e+01
    7.03930511e+01 6.70573730e+01 6.70212021e+01 6.74305344e+01
    6.54837341e+01 6.32406349e+01 6.22911263e+01 6.48935242e+01
    6.15968781e+01 6.09307671e+01 6.07938652e+01 6.04281197e+01
    6.03194122e+01 6.17311859e+01 6.38460121e+01 6.65115356e+01
    6.09527664e+01 6.08581467e+01 6.15083084e+01 6.10570679e+01
    5.98247108e+01 6.07717972e+01 6.18457794e+01 5.94638786e+01
    5.88404579e+01 5.84713516e+01 5.93093605e+01 6.40041199e+01
    6.73643646e+01 7.06581650e+01 7.39844589e+01 6.92229996e+01
    7.35014191e+01 7.33269119e+01 7.21710663e+01 6.50664215e+01
    6.36305389e+01 6.96239243e+01 5.87371712e+01 5.49175606e+01
    5.41859894e+01 5.53716125e+01 5.86389236e+01 6.12144318e+01
    6.60102615e+01 8.96252518e+01 6.77460403e+01 6.96072998e+01
    7.17666321e+01 7.82995148e+01 6.99692993e+01 7.53851700e+01
    7.74235535e+01 6.87880783e+01 6.45305634e+01 6.47723694e+01
    6.57936172e+01 6.60605545e+01 6.59274063e+01 7.26886139e+01
    9.00592041e+01 8.98510590e+01 9.18683853e+01 9.13338776e+01
    9.01943588e+01 9.09586792e+01 9.18283539e+01 9.37029495e+01
    9.41609497e+01 9.53579788e+01 9.60378113e+01 9.65620956e+01
    9.71281738e+01 9.52101593e+01 9.60580292e+01 7.08588638e+01
    5.08778610e+01 5.07014427e+01 5.21074753e+01 5.58451118e+01
    4.98316307e+01 5.18950729e+01 5.47269745e+01 5.46742134e+01
    5.70495949e+01 5.89111671e+01 5.69135475e+01 5.53224525e+01
    5.56587715e+01 5.87660599e+01 9.52737808e+01 1.07725800e+02
    1.06960808e+02 1.05376656e+02 1.03324608e+02 1.23146973e+02
    1.28307861e+02 1.19938881e+02 1.12876427e+02 1.03610336e+02
    1.04365776e+02 1.07056076e+02 1.04203156e+02 9.45079803e+01
    9.83561401e+01 1.22456154e+02 1.05184402e+02 9.57142181e+01
    1.00404137e+02 1.08057892e+02 1.12169685e+02 1.19071777e+02
    1.08114799e+02 9.79874191e+01 8.40780563e+01 8.19124832e+01
    8.25571060e+01 8.48626938e+01 9.03806534e+01 9.64208984e+01
    7.09071732e+01 6.37641182e+01 6.34277344e+01 6.43078690e+01
    6.45738220e+01 6.09877739e+01 6.03821793e+01 6.37428360e+01
    5.83215256e+01 5.61701965e+01 5.61542892e+01 5.57958565e+01
    5.58127518e+01 5.80024567e+01 6.25639496e+01 1.40671494e+02
    9.84464874e+01 1.01217598e+02 1.03841591e+02 1.09900314e+02
    9.13812332e+01 8.99197159e+01 9.90856171e+01 7.56788483e+01
    6.77569656e+01 6.76500168e+01 6.73482513e+01 6.75496826e+01
    6.92277222e+01 8.08799286e+01 8.65548248e+01 8.85985031e+01
    8.88724365e+01 8.90599136e+01 8.91813583e+01 9.12405548e+01
    9.15601654e+01 9.10010986e+01 9.66762161e+01 9.89048843e+01
    1.00154861e+02 9.99039459e+01 1.00910797e+02 1.01191124e+02
    9.97643356e+01 8.60994415e+01 8.26762695e+01 8.17847519e+01
    8.23536987e+01 8.18374252e+01 8.06175003e+01 8.25285339e+01
    7.95544357e+01 6.99153748e+01 6.21006546e+01 6.11872559e+01
    6.20931282e+01 6.52061234e+01 7.25413437e+01 7.41516953e+01
    7.40472107e+01 6.43399124e+01 6.35916290e+01 6.39473000e+01
    6.48500214e+01 6.20838661e+01 6.28711281e+01 6.50682678e+01
    6.03967743e+01 5.86245193e+01 5.89801674e+01 5.86046295e+01
    5.86852417e+01 6.05783920e+01 6.36145401e+01 6.49200592e+01
    6.07533493e+01 6.06237793e+01 6.08784027e+01 5.92840614e+01
    5.86640434e+01 5.81963768e+01 5.97056198e+01 5.74183578e+01
    5.84169579e+01 5.81835861e+01 5.76991806e+01 5.53171463e+01
    5.35061607e+01 5.68061256e+01 9.26782684e+01 1.32535355e+02
    1.23782143e+02 1.26465012e+02 1.12623123e+02 1.18592377e+02
    1.08527710e+02 1.09645569e+02 1.19286278e+02 1.23676048e+02
    1.21234146e+02 1.20997482e+02 1.20422546e+02 1.22788986e+02
    1.15318840e+02 8.83154907e+01 1.05352928e+02 1.05420563e+02
    1.03341072e+02 9.76832047e+01 1.02158699e+02 1.02254364e+02
    1.06785164e+02 1.08651718e+02 1.09265495e+02 1.09058411e+02
    1.07603935e+02 1.02105042e+02 1.02708305e+02 1.03613525e+02
    9.67282562e+01 9.26068420e+01 1.00008942e+02 9.96459351e+01
    9.69387741e+01 9.29579315e+01 9.21157990e+01 9.98454361e+01
    7.61855698e+01 6.62968216e+01 6.49077454e+01 6.69086838e+01
    6.68885956e+01 6.07229004e+01 7.36172333e+01 1.07927132e+02
    9.45955276e+01 9.31993561e+01 9.38467407e+01 9.40006485e+01
    9.18927231e+01 9.16539764e+01 9.95921707e+01 9.82505493e+01
    9.89143753e+01 1.01016205e+02 9.89884949e+01 9.88067017e+01
    1.02561890e+02 1.00156815e+02 6.51112976e+01 5.66757660e+01
    5.58063393e+01 5.62306442e+01 5.81633453e+01 5.62789001e+01
    5.69578667e+01 5.82868958e+01 5.59837418e+01 5.54798508e+01
    5.52733269e+01 5.59237747e+01 5.47410431e+01 5.33192101e+01
    5.76853371e+01 7.71587067e+01 6.32299309e+01 6.15850296e+01
    6.31147614e+01 6.47284851e+01 6.00565186e+01 6.10614471e+01
    6.27600708e+01 5.67405167e+01 5.55305939e+01 5.55395126e+01
    5.61787338e+01 5.57487793e+01 5.59754715e+01 6.00282974e+01
    4.95609550e+01 6.32908859e+01 6.30551910e+01 6.24855042e+01
    5.79134521e+01 6.32810516e+01 6.25618515e+01 6.66791000e+01
    6.81135941e+01 7.10252228e+01 6.94341125e+01 6.68649063e+01
    6.27608147e+01 6.21818771e+01 6.35330048e+01 1.10365463e+02
    9.64523468e+01 9.34883728e+01 9.93144608e+01 9.33189545e+01
    1.04933334e+02 1.16623634e+02 9.92202759e+01 9.71569290e+01
    9.15637894e+01 9.14916611e+01 9.42659378e+01 9.50988388e+01
    8.49421768e+01 8.46243439e+01 8.85163116e+01 9.23907089e+01
    8.89522934e+01 8.86308212e+01 1.09134964e+02 1.04835922e+02
    1.17225693e+02 1.10630928e+02 9.51485519e+01 9.55964432e+01
    8.95215378e+01 9.39627380e+01 8.85237350e+01 7.84468231e+01
    9.01243896e+01 7.65016098e+01 7.88356476e+01 7.55572586e+01
    7.65875244e+01 7.62523651e+01 7.83714066e+01 7.92858582e+01
    7.56072845e+01 8.19972153e+01 8.00948944e+01 8.09115372e+01
    8.30261383e+01 9.57990341e+01 1.04965988e+02 9.29051590e+01
    6.82708740e+01 5.21818810e+01 5.13965645e+01 5.21567307e+01
    5.44931030e+01 5.17446671e+01 5.32019920e+01 5.67798271e+01
