<?xml version="1.0"?>
<opencv_storage>
<training_set_points type_id="opencv-matrix">
  <rows>87</rows>
  <cols>15</cols>
  <dt>f</dt>
  <data>
    8.94785690e+01 8.50416183e+01 8.07223053e+01 7.93434067e+01
    7.55282059e+01 7.55523987e+01 7.18739624e+01 7.02415314e+01
    7.45010681e+01 7.28697128e+01 7.52364273e+01 7.11729813e+01
    7.45999908e+01 7.46066132e+01 7.74286728e+01 8.27734528e+01
    7.53776016e+01 6.90711060e+01 6.88815002e+01 6.67138062e+01
    6.53368225e+01 6.74457397e+01 6.83043823e+01 7.16852722e+01
    7.27740173e+01 7.11771240e+01 7.25506592e+01 7.21716766e+01
    7.17357635e+01 7.39289627e+01 8.12380905e+01 8.91194229e+01
    9.12139664e+01 8.20140533e+01 7.65833282e+01 7.49030457e+01
    7.77843475e+01 7.93918610e+01 8.10397797e+01 8.10941467e+01
    8.37387390e+01 8.20566864e+01 8.18641281e+01 8.15512695e+01
    8.11398468e+01 9.62632523e+01 9.61225510e+01 9.25272446e+01
    8.74344482e+01 7.69459534e+01 7.40130463e+01 7.18492432e+01
    7.18509445e+01 8.08410797e+01 7.85816727e+01 8.39770966e+01
    7.82877197e+01 8.10887451e+01 8.16816177e+01 8.27149506e+01
    9.10044861e+01 9.49136429e+01 9.45272751e+01 9.47192993e+01
    9.02519073e+01 9.03332367e+01 8.68448944e+01 8.55998001e+01
    8.65439911e+01 8.42144089e+01 8.69100571e+01 8.20188675e+01
    8.52983170e+01 8.67439804e+01 8.63138275e+01 7.68178635e+01
    8.60528564e+01 8.79267273e+01 8.63718796e+01 7.87814484e+01
    7.76602020e+01 8.18261261e+01 8.30744324e+01 8.50833893e+01
    8.62507782e+01 8.63612976e+01 8.90084381e+01 8.76068726e+01
    8.87725449e+01 8.44930649e+01 8.71592941e+01 7.91327438e+01
    7.36198120e+01 7.32389755e+01 7.59839630e+01 7.29364014e+01
    7.96391144e+01 7.86043930e+01 7.52459335e+01 7.61163940e+01
    7.62176895e+01 7.68195190e+01 7.28547668e+01 7.60557709e+01
    7.46140671e+01 7.46340714e+01 6.98619766e+01 6.20911789e+01
    6.31139984e+01 5.80098419e+01 5.65491867e+01 5.37041206e+01
    5.31031532e+01 6.38101082e+01 6.39928093e+01 6.57211151e+01
    6.37973328e+01 6.60309601e+01 6.79870911e+01 7.06743546e+01
    8.28068695e+01 8.72208252e+01 8.98314209e+01 9.42008591e+01
    9.33063126e+01 9.43860016e+01 9.88660049e+01 1.00723640e+02
    9.53692169e+01 9.61920166e+01 9.23641281e+01 9.71667633e+01
    9.70881653e+01 9.81838150e+01 9.43051376e+01 7.99646835e+01
    8.00107346e+01 8.06655045e+01 8.38375397e+01 8.31037445e+01
    8.36641541e+01 8.57758026e+01 8.55946884e+01 8.06620331e+01
    7.99196625e+01 7.97159958e+01 8.04992065e+01 8.01878738e+01
    8.07864456e+01 8.09772110e+01 8.13310547e+01 6.62205276e+01
    7.13280869e+01 6.32012024e+01 6.89512405e+01 7.30063095e+01
    6.73885956e+01 6.57505035e+01 5.96531906e+01 5.92916336e+01
    5.77639694e+01 5.92830734e+01 5.68238144e+01 5.19155273e+01
    5.75931473e+01 6.09605255e+01 6.84131775e+01 7.21754227e+01
    6.83800125e+01 6.25384903e+01 5.95089073e+01 6.03597031e+01
    5.90663910e+01 6.46533051e+01 6.00728874e+01 5.98303375e+01
    5.32207413e+01 5.81645317e+01 6.26916389e+01 5.89834671e+01
    7.99010239e+01 8.22970047e+01 8.20389557e+01 8.83437271e+01
    9.33004227e+01 9.62897034e+01 9.18185730e+01 9.00070419e+01
    8.64740601e+01 8.63557739e+01 8.45116653e+01 8.75464630e+01
    8.60729828e+01 8.84586334e+01 8.69763489e+01 5.75735207e+01
    6.39714203e+01 6.42411270e+01 6.08122864e+01 6.25435143e+01
    6.23396301e+01 6.47223816e+01 6.25589790e+01 6.69956589e+01
    6.74564743e+01 6.63036270e+01 6.85539932e+01 7.13470917e+01
    7.17207489e+01 6.87099457e+01 6.30563202e+01 6.77196655e+01
    6.42703094e+01 6.77189560e+01 6.12337875e+01 6.10862236e+01
    6.46062469e+01 6.63166580e+01 6.65991440e+01 6.59765701e+01
    6.38020630e+01 5.99849586e+01 6.47160797e+01 6.19058228e+01
    6.09780655e+01 1.06975014e+02 8.62256012e+01 8.36373901e+01
    7.85325241e+01 6.04483109e+01 5.41040192e+01 5.38135757e+01
    5.41400604e+01 7.15860291e+01 6.79103317e+01 7.22665939e+01
    6.60173569e+01 6.71052399e+01 6.56427002e+01 6.94944534e+01
    7.63563232e+01 7.16464767e+01 6.78025131e+01 4.99484100e+01
    4.94848289e+01 4.82695274e+01 5.13444595e+01 5.40289650e+01
    6.50491562e+01 6.52202682e+01 6.21598549e+01 6.95467758e+01
    6.68860245e+01 4.74261169e+01 5.79120102e+01 8.65912476e+01
    6.93389664e+01 6.53400345e+01 6.22110863e+01 6.38220978e+01
    6.32314415e+01 5.98615417e+01 5.96683540e+01 5.78471069e+01
    5.70409889e+01 5.72339287e+01 5.35691414e+01 5.34290581e+01
    5.26730766e+01 6.42676697e+01 6.06597824e+01 6.41890717e+01
    6.85475540e+01 7.15533371e+01 6.61871643e+01 6.59464188e+01
    7.44000778e+01 7.52905426e+01 7.59349136e+01 7.54315491e+01
    7.27834778e+01 7.56772614e+01 7.46690674e+01 7.29708862e+01
    6.55514984e+01 5.30471802e+01 5.90405235e+01 7.53341522e+01
    6.54997864e+01 6.49656525e+01 6.41800537e+01 6.55669632e+01
    6.54886780e+01 6.60331573e+01 6.69668121e+01 6.38437271e+01
    6.89883881e+01 6.91378860e+01 7.16420059e+01 6.54599304e+01
    5.79391060e+01 5.52836647e+01 5.81946182e+01 5.33780594e+01
    5.69514046e+01 5.70339088e+01 4.77849617e+01 4.39235420e+01
    5.08332748e+01 5.13592758e+01 5.53952484e+01 5.66526337e+01
    5.18636360e+01 4.81056290e+01 5.79602737e+01 7.07277145e+01
    6.84380875e+01 6.98089142e+01 6.06265259e+01 4.88976440e+01
    4.96118240e+01 4.75450478e+01 4.80226936e+01 5.21906586e+01
    5.13807640e+01 5.91220932e+01 5.42263718e+01 5.59081039e+01
    4.88469276e+01 4.95945549e+01 6.64118195e+01 7.55755844e+01
    7.42052689e+01 5.73219261e+01 5.28538589e+01 5.08163567e+01
    4.98660240e+01 5.08215179e+01 5.35080223e+01 5.34441528e+01
    5.95547218e+01 5.11201439e+01 5.02468491e+01 5.45034294e+01
    5.35734901e+01 4.49039955e+01 5.16762733e+01 6.16652718e+01
    6.26546326e+01 6.31931114e+01 6.31129990e+01 5.61520119e+01
    5.38901367e+01 5.43348846e+01 5.12034454e+01 5.01278687e+01
    4.84957809e+01 4.95564537e+01 4.63405571e+01 4.69506683e+01
    6.00607033e+01 6.30123749e+01 6.34024544e+01 5.08254890e+01
    5.51543961e+01 4.80611267e+01 4.64601822e+01 4.26383820e+01
    4.39362793e+01 3.84903641e+01 4.56895866e+01 3.67503700e+01
    3.71493225e+01 3.89425735e+01 4.09562950e+01 3.70487022e+01
    5.66118622e+01 7.09324799e+01 7.00346375e+01 6.81230011e+01
    6.96307144e+01 7.05755157e+01 6.94115982e+01 7.04376297e+01
    6.98577271e+01 6.63744736e+01 6.94733505e+01 6.86134033e+01
    6.58502197e+01 5.90901794e+01 5.63515663e+01 7.73857956e+01
    8.51850357e+01 7.13798141e+01 5.66043739e+01 5.01547165e+01
    5.78406754e+01 6.45901489e+01 6.64528885e+01 6.56262131e+01
    7.47721634e+01 6.89114685e+01 6.60078735e+01 6.11888962e+01
    6.03618698e+01 1.01456245e+02 8.54233093e+01 8.15418320e+01
    7.92962875e+01 8.59068527e+01 9.02858200e+01 9.35419312e+01
    9.78412094e+01 7.93674850e+01 8.39451599e+01 7.41741791e+01
    7.54650040e+01 6.61760635e+01 6.49129944e+01 6.96792374e+01
    8.89702606e+01 9.06090240e+01 8.81239319e+01 9.02039795e+01
    8.87735367e+01 8.87034302e+01 8.28462219e+01 8.17059555e+01
    9.23656006e+01 9.23516846e+01 9.25317917e+01 9.43909225e+01
    9.93830261e+01 1.01175934e+02 9.88238907e+01 3.07092323e+01
    5.23292236e+01 6.78778000e+01 6.70378571e+01 6.67098541e+01
    6.83050537e+01 6.82350540e+01 6.74533997e+01 6.62349854e+01
    6.57497635e+01 6.22023392e+01 6.60090179e+01 6.45999603e+01
    6.08022881e+01 5.43996239e+01 4.11250992e+01 4.62354660e+01
    5.39063072e+01 4.19706497e+01 4.59389420e+01 4.69688873e+01
    4.38510818e+01 4.32491264e+01 3.82781677e+01 3.70910835e+01
    3.84015160e+01 3.98226242e+01 3.47202873e+01 3.29438553e+01
    3.60871201e+01 6.32668381e+01 7.08900223e+01 8.28585052e+01
    6.28053474e+01 4.19936638e+01 3.78063850e+01 5.06905632e+01
    5.55425949e+01 6.32714386e+01 6.03115540e+01 6.32498512e+01
    5.21667480e+01 5.59345284e+01 5.67452774e+01 5.62270203e+01
    7.46743546e+01 7.99457321e+01 8.57013397e+01 6.69093704e+01
    5.11230583e+01 4.66689262e+01 4.81753082e+01 4.83321686e+01
