<?xml version="1.0"?>
<opencv_storage>
<training_set_points type_id="opencv-matrix">
  <rows>81</rows>
  <cols>15</cols>
  <dt>f</dt>
  <data>
    7.56688614e+01 7.54785461e+01 7.90873795e+01 7.97212601e+01
    7.60997162e+01 6.89484177e+01 7.27132339e+01 7.58443222e+01
    7.69095535e+01 7.58544540e+01 7.58303375e+01 7.56470718e+01
    7.49604187e+01 7.21345367e+01 7.28418503e+01 7.74953995e+01
    7.78922195e+01 7.95970154e+01 7.80230408e+01 7.63723679e+01
    7.54104233e+01 7.26248245e+01 7.49384079e+01 7.72975845e+01
    7.82277145e+01 7.95828857e+01 7.96854935e+01 8.05999222e+01
    8.08083801e+01 8.10219879e+01 8.16636047e+01 8.14227066e+01
    7.86382141e+01 8.01247711e+01 7.90278931e+01 7.54159927e+01
    7.34480820e+01 7.76324692e+01 7.63477554e+01 7.22037811e+01
    7.04285431e+01 7.18392715e+01 7.30493546e+01 7.22604980e+01
    7.24365234e+01 8.07063141e+01 7.69982681e+01 7.46622009e+01
    7.40641632e+01 7.60971375e+01 8.01730652e+01 7.40124435e+01
    7.39905090e+01 7.42142563e+01 7.40690079e+01 7.37866364e+01
    7.25639954e+01 7.13537750e+01 7.19932404e+01 7.21485062e+01
    6.59930496e+01 6.47703705e+01 6.22314262e+01 6.31515541e+01
    6.64076614e+01 6.82819748e+01 6.50841293e+01 6.66377869e+01
    6.93668518e+01 7.12859802e+01 7.31552124e+01 7.34107056e+01
    7.43762665e+01 7.46816025e+01 7.55266418e+01 7.00161743e+01
    7.25163345e+01 7.48603363e+01 7.48854370e+01 7.42509918e+01
    7.32716599e+01 7.73155899e+01 7.65709305e+01 7.60973053e+01
    7.25720673e+01 7.20806580e+01 7.01177521e+01 7.02531433e+01
    6.95914841e+01 7.01849976e+01 8.34909515e+01 8.83127899e+01
    7.96152344e+01 8.10251160e+01 8.74123840e+01 8.24447784e+01
    8.05133286e+01 8.20061874e+01 7.90810242e+01 7.79167480e+01
    7.94328384e+01 7.78877716e+01 7.85416412e+01 7.89786453e+01
    7.93184280e+01 7.50422974e+01 7.45146790e+01 7.37551880e+01
    7.53169708e+01 7.52391891e+01 7.81333008e+01 7.65792007e+01
    7.52594299e+01 7.51519775e+01 7.54708786e+01 7.74896393e+01
    7.95808182e+01 7.97001648e+01 7.81596680e+01 7.91497726e+01
    7.70705719e+01 7.38355331e+01 6.81473999e+01 6.79694214e+01
    7.12563629e+01 7.80200348e+01 7.10195618e+01 7.04572449e+01
    6.90019684e+01 6.83385315e+01 6.85418243e+01 6.79920120e+01
    6.45595093e+01 6.23803177e+01 6.20452271e+01 6.92040558e+01
    6.63153839e+01 6.57767715e+01 6.82400589e+01 7.08388977e+01
    7.35922852e+01 7.45166626e+01 7.46799774e+01 6.96616821e+01
    6.90792770e+01 6.92807312e+01 7.23873138e+01 7.54354858e+01
    7.73037567e+01 7.83170166e+01 7.19642639e+01 7.44607620e+01
    7.40780334e+01 7.49171600e+01 7.59678726e+01 7.60163040e+01
    7.38092728e+01 7.63121567e+01 7.37204819e+01 7.13898315e+01
    7.11456299e+01 7.25554123e+01 7.40882721e+01 7.65953674e+01
    7.77015457e+01 7.42458191e+01 6.97640381e+01 7.09074097e+01
    7.30500336e+01 7.44395370e+01 7.68394547e+01 7.16007385e+01
    7.29967804e+01 7.33745651e+01 7.37600479e+01 7.49055786e+01
    7.44933929e+01 7.50632172e+01 7.60253677e+01 7.60333557e+01
    7.82229538e+01 8.20503082e+01 8.14521561e+01 8.10783081e+01
    7.95678101e+01 8.95038910e+01 7.98470535e+01 7.99373474e+01
    7.78238907e+01 7.74167862e+01 8.02310944e+01 8.01767349e+01
    8.16154938e+01 8.23165131e+01 8.30127563e+01 8.33985748e+01
    8.39691925e+01 8.47292938e+01 8.40507355e+01 8.06387634e+01
    9.71821136e+01 1.03305122e+02 9.65127869e+01 8.66815414e+01
    8.58224411e+01 8.78112717e+01 9.19944229e+01 8.91258011e+01
    8.64565430e+01 8.65953979e+01 7.13894577e+01 6.89493942e+01
    7.24345245e+01 7.55157242e+01 7.38296814e+01 8.06342545e+01
    7.08687363e+01 7.84351196e+01 8.09380722e+01 8.03948898e+01
    7.82289886e+01 8.11245728e+01 8.18856430e+01 8.50255814e+01
    8.54174423e+01 8.02416458e+01 8.39893494e+01 8.59517517e+01
    8.51520767e+01 8.49870377e+01 8.26471252e+01 8.33132248e+01
    8.81251526e+01 8.93989029e+01 8.95126724e+01 9.03348541e+01
    8.90473480e+01 8.88721619e+01 8.81537399e+01 8.85019455e+01
    7.50708847e+01 7.52811356e+01 7.50222778e+01 7.39674072e+01
    7.47106323e+01 8.14936752e+01 7.50470276e+01 7.80388336e+01
    7.68610001e+01 7.53867950e+01 7.96430054e+01 7.86297760e+01
    7.94070435e+01 7.94117889e+01 8.18749466e+01 8.40725479e+01
    8.12067337e+01 7.66448212e+01 7.99832001e+01 8.62250366e+01
    8.83129959e+01 9.11204681e+01 9.22913666e+01 8.62062225e+01
    8.48647537e+01 8.62823563e+01 8.40255203e+01 8.58795776e+01
    8.42381134e+01 8.42360992e+01 7.61565247e+01 7.52751923e+01
    7.42304535e+01 7.72247925e+01 8.43900909e+01 8.24064789e+01
    8.32362976e+01 8.28264999e+01 7.99468994e+01 8.04981918e+01
    8.53161774e+01 8.58206482e+01 8.76726913e+01 9.05207825e+01
    9.25757294e+01 7.44699707e+01 7.06964798e+01 7.01104126e+01
    7.50530243e+01 7.43817825e+01 8.84859085e+01 8.70207596e+01
    8.12068253e+01 7.92137375e+01 7.62997131e+01 7.71103363e+01
    8.01831284e+01 7.98477631e+01 8.04058990e+01 8.02825775e+01
    7.42182922e+01 7.15201416e+01 6.69891815e+01 7.14494171e+01
    7.29883423e+01 8.03046494e+01 8.07771072e+01 8.25109482e+01
    8.07698135e+01 8.10251236e+01 8.08555298e+01 8.23942337e+01
    8.29120560e+01 8.07748947e+01 8.15342712e+01 7.60101471e+01
    7.48275299e+01 7.63005676e+01 8.03128967e+01 8.58654175e+01
    8.66073303e+01 9.01031265e+01 8.99183121e+01 8.81129608e+01
    8.71440048e+01 8.86338348e+01 8.86867218e+01 8.72462234e+01
    8.40903778e+01 8.51455307e+01 6.78451385e+01 6.83377686e+01
    7.21582031e+01 7.90270233e+01 8.00931168e+01 8.72411270e+01
    8.82005310e+01 8.82658386e+01 8.50760651e+01 8.13635406e+01
    8.16216583e+01 8.28793793e+01 8.41561584e+01 8.40761719e+01
    8.51441498e+01 6.78761063e+01 7.17442169e+01 6.88259735e+01
    7.44868622e+01 7.33525620e+01 7.45273972e+01 7.39492950e+01
    7.29174652e+01 6.78980713e+01 7.05526657e+01 7.52070007e+01
    8.16818619e+01 8.88164062e+01 8.99579926e+01 9.04517212e+01
    6.25428047e+01 6.47022247e+01 6.99771729e+01 7.60736923e+01
    8.06074524e+01 8.36138611e+01 8.42582550e+01 8.38428802e+01
    8.41932373e+01 8.18596725e+01 8.24454956e+01 8.39462891e+01
    8.32061005e+01 8.22849960e+01 8.40090408e+01 6.33921852e+01
    6.41961365e+01 6.51482010e+01 7.29810181e+01 7.88379211e+01
    8.17664795e+01 8.33295746e+01 8.39042053e+01 8.38457642e+01
    8.26492157e+01 8.07477264e+01 8.40837326e+01 8.36629639e+01
    8.31112213e+01 8.50235596e+01 7.15860367e+01 6.77986298e+01
    6.76866989e+01 7.14856873e+01 7.32827148e+01 8.06994171e+01
    8.35475540e+01 8.25580215e+01 7.95831146e+01 7.58976212e+01
    7.15875931e+01 7.32553406e+01 7.45924454e+01 7.71179123e+01
    7.90893250e+01 7.13527222e+01 7.26679306e+01 7.30555725e+01
    7.66526489e+01 7.72302856e+01 7.49967651e+01 7.42103424e+01
    7.44569473e+01 8.41420441e+01 9.03039398e+01 9.03238297e+01
    9.23936310e+01 8.93685532e+01 8.87065735e+01 8.89420929e+01
    6.72129440e+01 6.62465668e+01 6.70396805e+01 6.95375824e+01
    7.43542862e+01 8.09149246e+01 8.41174774e+01 8.34560013e+01
    7.72128525e+01 7.21085815e+01 7.13261566e+01 7.57472763e+01
    7.89546280e+01 8.18451996e+01 8.49400330e+01 5.90408363e+01
    5.95658951e+01 6.72780991e+01 7.71896591e+01 8.20101318e+01
    8.73747330e+01 8.85784912e+01 8.66015091e+01 8.39711685e+01
    8.24057465e+01 8.18977203e+01 8.26013947e+01 8.36191406e+01
    8.74366150e+01 9.15443192e+01 6.88791199e+01 7.02663956e+01
    7.46134491e+01 7.56226959e+01 8.34162064e+01 8.63447647e+01
    7.83324814e+01 8.19959869e+01 8.34319611e+01 8.59220657e+01
    8.65141144e+01 8.65937042e+01 8.75207214e+01 8.40551987e+01
    8.54439850e+01 7.24333191e+01 7.28950348e+01 7.39075546e+01
    7.54444427e+01 7.87405243e+01 8.46596298e+01 7.59587784e+01
    7.97744598e+01 8.49337921e+01 8.77217102e+01 8.73329010e+01
    8.56529694e+01 8.50863800e+01 8.56750183e+01 8.56445770e+01
    6.88557510e+01 6.86519928e+01 7.00124893e+01 8.01510086e+01
    7.82963638e+01 7.39347153e+01 6.97644119e+01 7.61052628e+01
