<?xml version="1.0"?>
<opencv_storage>
<training_set_points type_id="opencv-matrix">
  <rows>82</rows>
  <cols>15</cols>
  <dt>f</dt>
  <data>
    6.62210159e+01 6.54982300e+01 6.79470520e+01 6.48635406e+01
    6.44250641e+01 6.51810303e+01 6.32813835e+01 6.54126511e+01
    7.36325912e+01 7.11354752e+01 7.06275024e+01 7.15792084e+01
    7.30192184e+01 7.34011536e+01 7.33005066e+01 8.52965546e+01
    8.23918762e+01 8.22018738e+01 7.76641541e+01 7.33316040e+01
    7.40991592e+01 7.32712784e+01 7.54551010e+01 8.69078751e+01
    8.33362122e+01 8.05286713e+01 8.19092789e+01 8.37843018e+01
    8.53116302e+01 8.49053421e+01 5.52739487e+01 5.37155762e+01
    6.03577728e+01 5.76264687e+01 5.60641098e+01 6.56908875e+01
    6.37011871e+01 5.72052994e+01 6.46850281e+01 6.16588516e+01
    6.13715820e+01 6.40955963e+01 6.31178665e+01 6.38514595e+01
    6.41695099e+01 8.04601135e+01 7.74199677e+01 7.65508423e+01
    7.75585175e+01 7.44997406e+01 7.51655731e+01 7.42797165e+01
    7.61596832e+01 8.29099731e+01 7.92750854e+01 7.54725723e+01
    7.60152817e+01 7.74869156e+01 7.93493958e+01 7.97412338e+01
    8.22580185e+01 8.08239670e+01 8.84395447e+01 6.63982239e+01
    8.42860794e+01 8.76150055e+01 8.76504898e+01 8.86796722e+01
    8.84201508e+01 8.99086227e+01 8.97665558e+01 8.90575409e+01
    8.69742661e+01 8.72093887e+01 8.78296204e+01 8.32118301e+01
    8.23492813e+01 8.62396393e+01 7.32529526e+01 8.85419998e+01
    9.15503540e+01 9.19883499e+01 9.63850021e+01 8.42394409e+01
    8.79160080e+01 8.67246246e+01 8.35105133e+01 8.17966919e+01
    8.27819138e+01 8.40976868e+01 9.10644302e+01 8.90633392e+01
    8.99093399e+01 7.43394241e+01 9.32171249e+01 9.97968140e+01
    9.89910889e+01 9.71012955e+01 9.35646896e+01 9.22329407e+01
    8.97671432e+01 9.18831787e+01 9.52071228e+01 9.71741028e+01
    9.62860870e+01 9.57714539e+01 9.30177994e+01 8.45098724e+01
    8.77958679e+01 7.89512405e+01 8.84845352e+01 8.98034744e+01
    9.04719162e+01 1.00922211e+02 9.59151993e+01 9.60102310e+01
    9.50566711e+01 9.35819702e+01 9.55027618e+01 9.51338348e+01
    6.73703918e+01 6.79482880e+01 7.72073441e+01 8.34466476e+01
    7.86564484e+01 8.07784042e+01 8.00528259e+01 7.99636078e+01
    8.11245880e+01 8.07059326e+01 8.23246841e+01 8.34863892e+01
    8.90085220e+01 8.91633301e+01 8.59158249e+01 7.46922455e+01
    7.91109924e+01 7.96494064e+01 9.19765778e+01 7.59929810e+01
    8.06107864e+01 8.19119797e+01 8.19474411e+01 7.28256760e+01
    7.15494537e+01 7.07623291e+01 7.42106323e+01 7.22942734e+01
    7.27704620e+01 7.44620514e+01 8.52123260e+01 8.15336609e+01
    7.88751678e+01 7.98604126e+01 9.04348297e+01 9.49447098e+01
    9.61793900e+01 1.00259041e+02 8.46463623e+01 8.72536774e+01
    8.69789124e+01 8.28774490e+01 7.94258652e+01 7.76937866e+01
    8.04406357e+01 6.88510361e+01 6.79567871e+01 7.88180084e+01
    8.33319550e+01 7.64949951e+01 7.67464447e+01 7.74567871e+01
    7.43106613e+01 8.38785019e+01 8.09082260e+01 8.09940338e+01
    8.06435547e+01 8.14672470e+01 8.05638428e+01 7.98742752e+01
    6.67276382e+01 6.87249374e+01 8.03504028e+01 8.39394379e+01
    7.80599136e+01 7.83990173e+01 7.67849197e+01 7.85600281e+01
    8.72703857e+01 8.70765457e+01 8.21369019e+01 8.06821594e+01
    8.14732971e+01 8.08670425e+01 8.05697784e+01 7.01479721e+01
    7.22088470e+01 7.84152832e+01 6.92643356e+01 7.91974640e+01
    7.82456741e+01 8.13519363e+01 9.08809586e+01 9.00101929e+01
    8.68529968e+01 8.26859360e+01 8.05176239e+01 7.88823547e+01
    8.14930267e+01 8.11005325e+01 9.14889679e+01 8.98737030e+01
    9.88263779e+01 8.20686188e+01 9.81284256e+01 9.75569611e+01
    9.58140564e+01 9.58679810e+01 9.56939011e+01 9.71444855e+01
    9.69537659e+01 9.69660034e+01 9.70941925e+01 9.79910278e+01
    9.85109177e+01 7.16880569e+01 7.10444489e+01 7.81936340e+01
    8.27189407e+01 7.98090363e+01 8.62295380e+01 8.72582397e+01
    8.29568481e+01 8.10175934e+01 8.14429398e+01 7.30186005e+01
    7.07612686e+01 7.59282379e+01 7.50012589e+01 7.68081207e+01
    7.72837372e+01 7.61260681e+01 8.11390533e+01 8.65890274e+01
    7.73194885e+01 7.54890671e+01 7.39023361e+01 8.50852661e+01
    8.64268646e+01 8.51197586e+01 8.37380219e+01 8.18235474e+01
    8.26906815e+01 8.19532394e+01 8.23523407e+01 7.09123306e+01
    7.10866547e+01 7.47003708e+01 7.80884323e+01 8.71775818e+01
    9.22016068e+01 8.86949844e+01 8.46620407e+01 7.85721359e+01
    7.50399094e+01 6.94337616e+01 7.09363327e+01 7.90243454e+01
    7.96824417e+01 7.92750473e+01 7.01399384e+01 7.43728638e+01
    8.29119797e+01 8.26963196e+01 8.00851364e+01 8.02146606e+01
    8.11181641e+01 8.54550552e+01 8.95475006e+01 8.75247040e+01
    8.36784058e+01 8.29250107e+01 8.65822144e+01 8.66825867e+01
    8.78846664e+01 5.93381653e+01 5.91735153e+01 5.90887833e+01
    7.88658066e+01 6.97710648e+01 7.47956085e+01 7.37070999e+01
    7.05152512e+01 7.11832123e+01 6.76043091e+01 6.04996033e+01
    5.94225616e+01 5.85218201e+01 5.87097015e+01 6.03265266e+01
    7.82796021e+01 7.62165451e+01 7.46272430e+01 7.87689362e+01
    8.62049026e+01 8.26318054e+01 8.30380096e+01 8.89307785e+01
    7.54380341e+01 7.44200211e+01 7.52970505e+01 7.58953552e+01
    7.30406036e+01 7.25084381e+01 7.04470367e+01 6.95664597e+01
    7.27587738e+01 7.95526352e+01 8.58116226e+01 8.10758057e+01
    7.93809433e+01 7.98392563e+01 8.24507523e+01 8.74776382e+01
    8.65033798e+01 8.36287842e+01 8.17451782e+01 8.47836075e+01
    8.55339203e+01 8.65289154e+01 7.29753494e+01 7.23619461e+01
    7.99547348e+01 8.31377106e+01 7.81081772e+01 7.59226074e+01
    7.25191650e+01 7.86851349e+01 8.37151337e+01 8.42239151e+01
    8.46986923e+01 8.45420761e+01 8.20666122e+01 8.07695847e+01
    8.28273315e+01 8.16988831e+01 7.95556641e+01 8.84398727e+01
    9.28365173e+01 9.62750015e+01 9.52829437e+01 9.52644501e+01
    9.88076706e+01 8.24453506e+01 8.91564178e+01 9.45274811e+01
    9.49489517e+01 9.23387756e+01 9.26792221e+01 9.40308456e+01
    6.38716087e+01 6.43949661e+01 6.42025452e+01 7.60576859e+01
    7.77935638e+01 7.29109192e+01 7.28876114e+01 7.63237305e+01
    8.00723267e+01 7.84794769e+01 7.21421356e+01 7.26533051e+01
    8.10814362e+01 8.47517395e+01 8.44077225e+01 7.34051285e+01
    7.29766846e+01 7.84926987e+01 8.19981613e+01 7.96006012e+01
    8.05794067e+01 8.23634491e+01 8.77661133e+01 9.20173492e+01
    8.91751709e+01 8.64172440e+01 8.79775314e+01 9.31102753e+01
    9.43667297e+01 9.56931763e+01 6.71049423e+01 6.88427658e+01
    6.88383636e+01 7.69218521e+01 7.21388016e+01 6.90861435e+01
    6.41687546e+01 7.90602417e+01 8.43331146e+01 8.13829193e+01
    8.01096115e+01 7.91370850e+01 8.70081711e+01 9.13462219e+01
    9.15336761e+01 5.71956100e+01 5.73367653e+01 6.92434921e+01
    1.00334488e+02 7.90104752e+01 8.69810562e+01 8.35742416e+01
    7.47096939e+01 8.23825760e+01 7.95408707e+01 7.81665192e+01
    8.03687057e+01 8.24851074e+01 9.01066818e+01 8.93586807e+01
    6.50487900e+01 6.24531479e+01 7.25385437e+01 1.01465256e+02
    8.72416306e+01 9.60943832e+01 9.18934555e+01 7.98331451e+01
    9.09149246e+01 8.56314240e+01 8.10598984e+01 8.32487717e+01
    8.41105881e+01 8.75560074e+01 8.75897141e+01 7.41680679e+01
    7.48110657e+01 7.32512131e+01 6.78788147e+01 8.69980164e+01
    8.82272339e+01 8.94004517e+01 9.03563690e+01 8.01495743e+01
    7.99878387e+01 7.63751221e+01 7.29772797e+01 6.97439804e+01
    6.91004486e+01 6.89295807e+01 5.59316063e+01 5.73714523e+01
    8.45970764e+01 1.08004700e+02 7.93347015e+01 8.84467926e+01
    8.67530518e+01 7.55845108e+01 8.31728668e+01 8.79571381e+01
    8.55849686e+01 8.92555389e+01 9.78163376e+01 1.05650650e+02
    1.01220810e+02 4.64010811e+01 4.65034294e+01 6.01431198e+01
    8.63026657e+01 8.62975006e+01 9.44222260e+01 8.82164612e+01
    7.49462662e+01 5.80315552e+01 6.34011078e+01 6.99761658e+01
    7.18745422e+01 6.74726944e+01 7.02449341e+01 7.27032776e+01
    7.24783020e+01 7.31664734e+01 8.96468048e+01 1.03216545e+02
    8.94267197e+01 9.96699066e+01 9.29010696e+01 8.66737366e+01
