<?xml version="1.0"?>
<opencv_storage>
<training_set_points type_id="opencv-matrix">
  <rows>40</rows>
  <cols>15</cols>
  <dt>f</dt>
  <data>
    7.64633789e+01 7.35239868e+01 7.27973022e+01 6.84048996e+01
    6.80168076e+01 6.91057358e+01 6.71430893e+01 6.58020401e+01
    6.26871796e+01 5.86393547e+01 5.60133362e+01 5.48564911e+01
    5.14753723e+01 5.50538521e+01 7.42283859e+01 8.12460022e+01
    7.68300629e+01 7.64157104e+01 7.83072205e+01 7.92233505e+01
    8.10439682e+01 7.53502426e+01 7.03098602e+01 7.01626892e+01
    7.61503372e+01 7.28936539e+01 7.15012512e+01 6.81647873e+01
    6.64221497e+01 6.91130524e+01 6.61317368e+01 7.19813614e+01
    6.43790436e+01 5.98682175e+01 6.77669067e+01 6.86823730e+01
    6.70719604e+01 6.81900177e+01 7.36601868e+01 8.16102753e+01
    8.12956467e+01 8.08639832e+01 8.25620651e+01 8.44159698e+01
    8.45959930e+01 7.23190155e+01 7.57269363e+01 6.00916557e+01
    6.11300926e+01 6.04535446e+01 5.44503860e+01 4.91664124e+01
    4.96821022e+01 5.52637024e+01 5.56577492e+01 5.77027092e+01
    5.68478889e+01 5.74200668e+01 6.13378487e+01 6.41268845e+01
    7.54202423e+01 7.21897812e+01 5.74508934e+01 4.85308418e+01
    5.06663704e+01 5.02233200e+01 5.12516747e+01 4.91352844e+01
    4.93380737e+01 4.64012718e+01 4.53187256e+01 4.56636543e+01
    4.79150620e+01 5.19718361e+01 5.10701866e+01 6.97950439e+01
    6.46592636e+01 5.60613556e+01 5.69477730e+01 5.84791985e+01
    6.10414047e+01 6.15783997e+01 6.14171448e+01 6.16780853e+01
    6.12157898e+01 5.69129410e+01 5.61844597e+01 5.25342636e+01
    5.28567657e+01 5.48702126e+01 6.18595695e+01 7.28328247e+01
    7.60339890e+01 7.00715714e+01 6.73944778e+01 6.90529785e+01
    6.87762070e+01 6.66191406e+01 6.31546059e+01 5.92874527e+01
    5.28047752e+01 5.08521500e+01 4.71186600e+01 6.43520203e+01
    6.63670120e+01 7.23647385e+01 6.99750671e+01 5.68420219e+01
    5.10943031e+01 5.35514145e+01 5.35401001e+01 5.62238808e+01
    5.52537918e+01 5.68013916e+01 5.85617065e+01 5.96586990e+01
    6.07770271e+01 5.60087280e+01 5.25753632e+01 5.12318382e+01
    7.78073807e+01 7.61338043e+01 7.71469498e+01 8.15877380e+01
    8.29585342e+01 8.50062103e+01 8.47372971e+01 8.50489731e+01
    8.23600922e+01 7.71732635e+01 7.35874710e+01 7.47510300e+01
    7.52102051e+01 7.27375031e+01 6.88637238e+01 7.73984222e+01
    7.33954620e+01 5.84478531e+01 6.20502129e+01 6.12056999e+01
    5.60393372e+01 5.64751854e+01 5.30450020e+01 4.88272171e+01
    5.72132835e+01 5.04977913e+01 4.85995865e+01 5.24473190e+01
    3.59394875e+01 3.67745743e+01 4.09648857e+01 6.99609070e+01
    7.21637802e+01 7.42713165e+01 7.62624817e+01 7.84704132e+01
    7.79822845e+01 7.95460358e+01 8.30119247e+01 8.11332932e+01
    8.26318359e+01 8.36936035e+01 8.73056335e+01 8.62638550e+01
    8.69836121e+01 7.90219116e+01 8.01459198e+01 5.66360626e+01
    4.67018814e+01 4.83306084e+01 4.94752388e+01 5.11318359e+01
    5.10373917e+01 5.34207306e+01 5.33042984e+01 5.18639755e+01
    4.61794662e+01 5.06842995e+01 5.42976532e+01 5.28363876e+01
    7.52383881e+01 7.60246353e+01 6.33281746e+01 5.14857941e+01
    5.14738693e+01 4.74231567e+01 4.89851189e+01 5.02191391e+01
    5.21980438e+01 5.30043449e+01 5.35222816e+01 5.25435905e+01
    5.07297478e+01 4.64781456e+01 4.93710518e+01 7.01083450e+01
    7.72334595e+01 6.18155479e+01 5.74218864e+01 5.66947365e+01
    5.18365746e+01 5.06268578e+01 5.09442368e+01 5.20419655e+01
    4.39625778e+01 5.10073128e+01 5.25436974e+01 4.65964050e+01
    4.07848244e+01 4.22009315e+01 7.26683807e+01 6.43606262e+01
    5.93356476e+01 5.89271393e+01 6.13624229e+01 6.32837410e+01
    6.58153381e+01 6.69111786e+01 6.84526672e+01 6.63768616e+01
    6.90802002e+01 6.87669830e+01 7.09494858e+01 7.11728439e+01
    5.96342659e+01 8.26460953e+01 7.94263916e+01 8.01002197e+01
    8.28493500e+01 7.92412643e+01 7.59858627e+01 7.42610703e+01
    7.48883133e+01 7.68725815e+01 8.10723267e+01 8.07056808e+01
    8.02821579e+01 7.77193604e+01 7.36608276e+01 7.35413132e+01
    7.47319031e+01 7.62041245e+01 6.18087654e+01 6.01123505e+01
    5.71823769e+01 5.54969673e+01 5.31066132e+01 5.33123970e+01
    5.55982437e+01 5.58436165e+01 5.60401115e+01 5.49764099e+01
    5.33450470e+01 5.19970627e+01 5.05234566e+01 9.03988571e+01
    7.38977661e+01 7.58195038e+01 8.24661789e+01 8.19913254e+01
    8.04528427e+01 8.18360748e+01 8.21330109e+01 8.18543549e+01
    7.29837036e+01 7.84604645e+01 8.00873413e+01 8.18623886e+01
    8.34454651e+01 7.95639648e+01 8.03849335e+01 7.51303253e+01
    6.31328354e+01 5.94816589e+01 5.94131317e+01 6.16193390e+01
    6.26702499e+01 6.43359375e+01 6.91660919e+01 7.05719452e+01
    7.46014099e+01 7.47679520e+01 7.18139114e+01 7.42192764e+01
    7.41452179e+01 6.56968307e+01 7.65263138e+01 6.39084129e+01
    6.52762985e+01 6.82746353e+01 7.05241547e+01 6.72175446e+01
    6.58997955e+01 6.63964539e+01 5.62008514e+01 5.99168587e+01
    6.22908401e+01 6.19172897e+01 6.57325363e+01 7.10134583e+01
    7.80113754e+01 7.31762238e+01 6.49585876e+01 6.03780708e+01
    5.98840408e+01 5.69264412e+01 5.56265907e+01 5.61151276e+01
    5.94305077e+01 6.62684860e+01 6.80943832e+01 6.71694489e+01
    6.14013214e+01 5.93957100e+01 5.65636826e+01 6.01781273e+01
    7.08139572e+01 6.82773514e+01 6.07332764e+01 6.30345192e+01
    6.62889328e+01 7.38348846e+01 7.25310974e+01 7.48903198e+01
    6.28922653e+01 6.85837250e+01 7.48076019e+01 7.02242661e+01
    7.83694458e+01 7.03433151e+01 7.72362976e+01 6.99362869e+01
    6.03057289e+01 5.99590607e+01 5.94740372e+01 6.06236649e+01
    6.12216721e+01 6.33165779e+01 6.61684341e+01 6.55538788e+01
    6.98399887e+01 7.08163605e+01 6.72099762e+01 6.53729324e+01
    6.16742744e+01 8.66816940e+01 7.78911972e+01 7.78096085e+01
    6.84364777e+01 6.87798080e+01 6.70006866e+01 6.77326279e+01
    6.69368210e+01 6.80871735e+01 7.57678452e+01 7.38961258e+01
    7.32365952e+01 6.85816040e+01 6.77267609e+01 6.78290253e+01
    7.40000229e+01 7.41225739e+01 6.10416107e+01 5.80676765e+01
    6.34255028e+01 6.65234070e+01 6.84349289e+01 7.06060944e+01
    7.49209747e+01 6.42349701e+01 7.01547165e+01 7.23852081e+01
    7.21019135e+01 7.23414764e+01 7.46091309e+01 5.36159706e+01
    7.13750687e+01 4.07897911e+01 4.16793022e+01 3.86919937e+01
    4.62369461e+01 4.88985138e+01 4.76923714e+01 4.28997993e+01
    2.32871780e+01 2.27857094e+01 2.39628563e+01 3.00477810e+01
    4.29978485e+01 4.71952438e+01 7.40336685e+01 7.37345505e+01
    5.88488503e+01 2.23650341e+01 2.19020557e+01 2.16233120e+01
    2.07180805e+01 2.25656090e+01 2.81831207e+01 5.74575233e+01
    3.96115761e+01 2.95823917e+01 2.21182880e+01 2.42538280e+01
    3.10362778e+01 6.56609192e+01 7.22644730e+01 4.97940292e+01
    5.91419754e+01 6.15664978e+01 6.33282051e+01 6.44309692e+01
    6.88677292e+01 7.12040939e+01 5.86558838e+01 6.30310440e+01
    6.35858459e+01 6.60466919e+01 6.73470306e+01 6.95535889e+01
    9.20639496e+01 7.59711914e+01 7.75146332e+01 7.19859772e+01
    7.27468643e+01 7.22839279e+01 7.28288422e+01 7.18477249e+01
    7.38314514e+01 7.98442383e+01 7.84110870e+01 7.80003357e+01
    7.74250488e+01 7.25235138e+01 7.34842224e+01 6.62641602e+01
    6.92177734e+01 6.77926178e+01 4.94859695e+01 4.81483421e+01
    2.77293053e+01 2.98198719e+01 3.15629959e+01 3.82541809e+01
    6.89598618e+01 6.92460785e+01 7.16245422e+01 6.02116852e+01
    3.76025009e+01 2.37436733e+01 7.40923309e+01 7.71723480e+01
    6.72406464e+01 6.50022430e+01 6.60098953e+01 6.99305267e+01
    7.06868057e+01 7.14025803e+01 7.23591919e+01 7.01139069e+01
    6.88256607e+01 6.84344635e+01 7.17262650e+01 7.54991837e+01
    7.75237045e+01 7.74854126e+01 6.85590515e+01 7.60164490e+01
    7.44218826e+01 7.59092865e+01 7.24020386e+01 6.94200592e+01
    6.87345123e+01 6.83564606e+01 7.36067505e+01 6.97062302e+01
    6.85702057e+01 6.67421799e+01 6.70641022e+01 6.99212341e+01
    6.23645973e+01 6.38597260e+01 8.98810730e+01 7.79557877e+01
    7.78766937e+01 7.23674316e+01 6.82107315e+01 6.75349121e+01
