<?xml version="1.0"?>
<opencv_storage>
<training_set_points type_id="opencv-matrix">
  <rows>80</rows>
  <cols>15</cols>
  <dt>f</dt>
  <data>
    7.38661423e+01 6.84673615e+01 6.15402451e+01 6.43167038e+01
    6.48825760e+01 6.43634567e+01 6.82736664e+01 6.95639114e+01
    7.04131088e+01 7.54804840e+01 7.71537552e+01 7.84109955e+01
    7.43205261e+01 7.39547653e+01 7.45146255e+01 9.70249405e+01
    8.41191406e+01 7.41472702e+01 8.25349274e+01 8.29596024e+01
    8.02066727e+01 9.02715454e+01 8.49613876e+01 8.24440155e+01
    6.19596863e+01 7.49278793e+01 6.86599579e+01 8.82586746e+01
    9.42473373e+01 9.38941498e+01 7.26217957e+01 7.35089951e+01
    7.23966446e+01 7.05974503e+01 6.74640350e+01 6.88747787e+01
    6.90611267e+01 7.12051239e+01 7.08302765e+01 7.22255325e+01
    7.19147644e+01 7.32129517e+01 7.26356201e+01 7.13342285e+01
    7.23371964e+01 7.27701797e+01 7.23428802e+01 7.05870285e+01
    6.17419662e+01 5.97306976e+01 5.96064987e+01 6.22526054e+01
    6.18179169e+01 6.27923355e+01 7.37403107e+01 7.56820297e+01
    7.64317780e+01 7.38884506e+01 7.42301254e+01 7.36252899e+01
    2.96087132e+01 6.24698410e+01 8.41873703e+01 8.79354477e+01
    8.69381485e+01 8.85127563e+01 8.76764679e+01 8.23796387e+01
    7.46502380e+01 6.77651520e+01 6.47427979e+01 6.25190582e+01
    5.15613747e+01 5.17438927e+01 5.17532158e+01 7.45107498e+01
    6.37300529e+01 4.30236740e+01 6.63070984e+01 6.00629692e+01
    5.27796211e+01 9.55466843e+01 8.41338120e+01 7.27732391e+01
    7.48934326e+01 7.51444626e+01 7.20662689e+01 6.56442795e+01
    5.90334511e+01 5.87449036e+01 9.93841629e+01 9.36710052e+01
    8.51336288e+01 8.49693985e+01 9.55109482e+01 9.34151764e+01
    8.53629913e+01 8.07585602e+01 7.61145401e+01 5.99908180e+01
    4.92389259e+01 5.96148415e+01 2.30256538e+01 1.87495060e+01
    1.98214397e+01 6.36774635e+01 6.84218521e+01 7.29560928e+01
    7.47278595e+01 7.41490250e+01 7.50607071e+01 7.94443512e+01
    8.04365463e+01 8.10702209e+01 8.16979370e+01 7.82986603e+01
    7.85193176e+01 8.11563568e+01 8.10261993e+01 7.94195023e+01
    7.45136490e+01 6.76442566e+01 6.93100739e+01 8.14045410e+01
    8.91571960e+01 8.68952637e+01 8.14299316e+01 8.02242050e+01
    7.95314941e+01 7.29252243e+01 7.03591385e+01 6.66791534e+01
    6.84631958e+01 6.42573624e+01 6.07973022e+01 6.89580688e+01
    6.74401016e+01 4.91372261e+01 5.92604523e+01 5.86973152e+01
    5.46209526e+01 5.96075363e+01 5.56287918e+01 5.42737350e+01
    7.02546692e+01 6.59656677e+01 6.31878662e+01 5.89604149e+01
    5.24369469e+01 4.80976982e+01 6.24199600e+01 6.55814896e+01
    7.17127304e+01 7.35133667e+01 7.01493301e+01 7.27218246e+01
    8.08231354e+01 7.87805939e+01 7.77937241e+01 8.04972992e+01
    8.01770477e+01 7.98198624e+01 7.96681061e+01 8.05515366e+01
    8.06163940e+01 7.48813095e+01 7.81903152e+01 8.25817947e+01
    8.49768677e+01 9.09549408e+01 8.83678360e+01 5.96809959e+01
    6.64013748e+01 7.56472321e+01 7.75767441e+01 8.48006363e+01
    8.45075302e+01 7.99252625e+01 7.96986084e+01 7.78843536e+01
    3.97814560e+01 3.15377197e+01 4.23804855e+01 4.97148056e+01
    6.23933258e+01 5.39734726e+01 5.32059212e+01 4.51861343e+01
    4.96671715e+01 6.83187790e+01 6.93865891e+01 7.25044479e+01
    5.65956421e+01 5.61066132e+01 6.02068825e+01 7.28088226e+01
    7.35118790e+01 8.20621796e+01 9.49386520e+01 9.03697052e+01
    9.05082932e+01 1.19710648e+02 1.07036186e+02 1.02081352e+02
    8.27339630e+01 7.63374939e+01 6.59507904e+01 8.67175064e+01
    8.74630051e+01 8.92254639e+01 7.63487930e+01 7.88750381e+01
    8.13204346e+01 7.62570496e+01 5.06662750e+01 4.85976677e+01
    8.96985779e+01 8.39857635e+01 8.47894135e+01 9.16801071e+01
    8.56342926e+01 8.14046707e+01 9.16812286e+01 9.89250412e+01
    1.11780525e+02 7.77470703e+01 9.21635971e+01 9.95603638e+01
    9.75575104e+01 1.06849754e+02 1.05407417e+02 8.80333481e+01
    8.95927048e+01 8.72923889e+01 5.32263794e+01 4.71957092e+01
    3.62865524e+01 7.13421631e+01 7.19908600e+01 6.77296600e+01
    6.58514404e+01 8.38611908e+01 9.38829803e+01 9.07232361e+01
    9.94192276e+01 9.50909424e+01 7.94608612e+01 8.18064499e+01
    7.90960999e+01 5.65681190e+01 3.82896652e+01 3.53127174e+01
    5.99581642e+01 6.55943451e+01 6.89978943e+01 7.48516998e+01
    7.74954224e+01 7.91861420e+01 7.83374023e+01 6.21203232e+01
    6.08670959e+01 8.73184280e+01 8.25830917e+01 8.53537521e+01
    9.40673981e+01 8.84873886e+01 8.47895889e+01 9.28947906e+01
    9.39439392e+01 1.01849686e+02 5.59921036e+01 5.56302910e+01
    5.38909225e+01 6.19403000e+01 6.04339104e+01 6.15434494e+01
    6.99107666e+01 6.70186157e+01 6.69002914e+01 7.78809128e+01
    8.04110413e+01 8.21404343e+01 7.47093277e+01 7.45839462e+01
    7.63240051e+01 7.23365173e+01 7.35601883e+01 7.45147629e+01
    8.80887375e+01 8.47808228e+01 8.31163635e+01 9.82068558e+01
    9.35491791e+01 9.36262436e+01 9.15272827e+01 8.62589264e+01
    8.30578995e+01 9.03970413e+01 8.98495865e+01 8.70875015e+01
    7.82790756e+01 7.82483749e+01 9.40438766e+01 9.53885117e+01
    1.05012894e+02 1.01951958e+02 8.83275909e+01 8.93425522e+01
    8.76081924e+01 6.33450012e+01 6.35593605e+01 5.09002190e+01
    7.47238388e+01 7.59917679e+01 7.66013336e+01 6.81866455e+01
    6.98886261e+01 7.36271286e+01 9.14522324e+01 8.87389145e+01
    8.95301666e+01 1.01274139e+02 9.86723557e+01 9.54764404e+01
    8.86144791e+01 8.60231476e+01 8.01228333e+01 8.85011673e+01
    8.82958603e+01 8.71018677e+01 5.96747932e+01 7.07028122e+01
    8.58328094e+01 9.35077438e+01 1.01247711e+02 1.01447899e+02
    9.13112793e+01 9.25358276e+01 9.09981689e+01 7.02109528e+01
    7.11261978e+01 6.89370880e+01 7.85122681e+01 8.09357300e+01
    8.35005646e+01 5.93779831e+01 6.93856888e+01 8.94058838e+01
    8.82818069e+01 9.55467148e+01 9.18765640e+01 7.65466614e+01
    7.82353516e+01 7.56094513e+01 5.36481094e+01 5.35220833e+01
    4.90473595e+01 6.35317001e+01 6.86465378e+01 7.37377930e+01
    7.42032394e+01 7.55768738e+01 7.67425003e+01 7.60680237e+01
    7.75942383e+01 7.73128128e+01 4.98866272e+01 6.12328110e+01
    7.09954605e+01 9.81464767e+01 9.21299744e+01 9.34931259e+01
    8.57500458e+01 8.85091400e+01 9.35984497e+01 4.77793198e+01
    5.88046036e+01 6.88757782e+01 8.19465790e+01 8.92516251e+01
    8.81728897e+01 7.29859848e+01 7.81100235e+01 7.39671631e+01
    3.62466202e+01 4.10433350e+01 4.79360237e+01 5.87930298e+01
    6.23193436e+01 6.71123123e+01 7.16861267e+01 7.53243179e+01
    7.64133606e+01 7.91736526e+01 8.08955383e+01 7.90397110e+01
    6.12750816e+01 7.11791382e+01 7.41145248e+01 9.18336105e+01
    8.67255402e+01 8.81261749e+01 7.84217300e+01 8.19489899e+01
    9.07251968e+01 4.34388580e+01 5.84208908e+01 6.55635681e+01
    8.66742783e+01 9.77015381e+01 9.63195114e+01 8.95048065e+01
    9.19778595e+01 8.99830627e+01 8.06043243e+01 8.17078171e+01
    7.59976501e+01 8.60916367e+01 8.90074921e+01 9.15396347e+01
    3.40855980e+01 5.50410919e+01 6.70696487e+01 8.60534592e+01
    9.57515869e+01 9.30994949e+01 8.83938904e+01 8.77417755e+01
    8.37014465e+01 6.49518127e+01 6.75014496e+01 6.18966904e+01
    7.59605331e+01 7.83782654e+01 8.07086334e+01 2.91774693e+01
    4.26804199e+01 6.06314888e+01 7.13747177e+01 8.79164810e+01
    7.72269516e+01 7.46917038e+01 7.20885162e+01 7.13658600e+01
    4.41290894e+01 5.64895477e+01 4.06884880e+01 5.37314529e+01
    5.82282066e+01 6.88471680e+01 3.69007912e+01 6.31097488e+01
    7.40244598e+01 7.71795883e+01 7.76953812e+01 7.63584290e+01
    8.00641632e+01 7.86000595e+01 7.38854904e+01 8.83305588e+01
    8.75638580e+01 8.77426758e+01 7.94618759e+01 7.82176361e+01
    7.79655991e+01 5.40520401e+01 6.45956879e+01 7.25312347e+01
    7.61584320e+01 7.86694641e+01 7.67717743e+01 6.48937149e+01
    7.01598282e+01 6.86417313e+01 9.00770493e+01 9.04753418e+01
    9.00522537e+01 8.70070877e+01 8.49864273e+01 7.99198532e+01
    6.73146744e+01 5.59812317e+01 5.37878304e+01 6.29205742e+01
    4.86569138e+01 4.76453476e+01 5.45078354e+01 5.07120514e+01
