<?xml version="1.0"?>
<opencv_storage>
<training_set_points type_id="opencv-matrix">
  <rows>42</rows>
  <cols>15</cols>
  <dt>f</dt>
  <data>
    7.72320633e+01 6.84830780e+01 6.62324371e+01 6.70978088e+01
    6.78966217e+01 6.81246414e+01 6.77829437e+01 6.73279037e+01
    6.72126999e+01 6.76191101e+01 6.86749268e+01 6.88857727e+01
    6.88391113e+01 6.80271072e+01 6.85108261e+01 7.36423721e+01
    6.84773178e+01 6.78698654e+01 6.86596146e+01 6.93760529e+01
    6.99058304e+01 6.94551010e+01 6.94124756e+01 6.96760254e+01
    7.03434830e+01 7.07152557e+01 7.05731354e+01 7.06274567e+01
    6.95999756e+01 6.96782684e+01 7.28714676e+01 6.89562759e+01
    6.82348938e+01 6.83493805e+01 6.89771652e+01 6.90716019e+01
    6.94708633e+01 6.96528015e+01 6.93336639e+01 6.92347946e+01
    6.92697678e+01 6.87426529e+01 6.84967041e+01 6.66876678e+01
    6.66287155e+01 7.73550568e+01 7.16981583e+01 6.90960541e+01
    6.93354340e+01 6.91382370e+01 6.93264313e+01 6.93863678e+01
    6.99960251e+01 7.03323669e+01 7.04449615e+01 7.07714233e+01
    7.00469284e+01 6.91067810e+01 6.74614563e+01 6.81231613e+01
    6.88266830e+01 6.60626373e+01 6.47800980e+01 6.49766922e+01
    6.61226273e+01 6.74522171e+01 6.74279327e+01 6.81046982e+01
    6.76628036e+01 6.86322250e+01 6.90353241e+01 6.93269806e+01
    6.91019363e+01 6.79574585e+01 6.77596359e+01 6.89865112e+01
    6.59992218e+01 6.47780838e+01 6.49597702e+01 6.57675171e+01
    6.69524078e+01 6.68460541e+01 6.75638428e+01 6.72895203e+01
    6.84404449e+01 6.88326721e+01 6.90559235e+01 6.89244995e+01
    6.80062408e+01 6.79543915e+01 6.91719131e+01 6.60853806e+01
    6.45812912e+01 6.47001038e+01 6.46535187e+01 6.49440918e+01
    6.42604523e+01 6.43424454e+01 6.42231064e+01 6.45426025e+01
    6.49259109e+01 6.54968491e+01 6.54780426e+01 6.46447983e+01
    6.53335876e+01 6.90443115e+01 6.64577713e+01 6.62338867e+01
    6.68154907e+01 6.74041367e+01 6.81071777e+01 6.75218277e+01
    6.75470428e+01 6.78273010e+01 6.80677109e+01 6.82964935e+01
    6.85536118e+01 6.86954498e+01 6.77222824e+01 6.83390732e+01
    6.31638794e+01 6.74900513e+01 6.71027832e+01 6.72157822e+01
    6.73257141e+01 6.74160919e+01 6.70173340e+01 6.63697510e+01
    6.57963638e+01 6.57027512e+01 6.53203583e+01 6.50165100e+01
    6.52292404e+01 6.34907608e+01 6.31311531e+01 6.59519424e+01
    6.71422119e+01 6.72411880e+01 6.66087799e+01 6.63506546e+01
    6.59517136e+01 6.50632401e+01 6.34643250e+01 6.25094719e+01
    6.25807953e+01 6.29415474e+01 6.33811150e+01 6.31896667e+01
    6.19036446e+01 6.17716370e+01 6.91929169e+01 6.62543640e+01
    6.58209000e+01 6.50526428e+01 6.52564697e+01 6.53337631e+01
    6.42639618e+01 6.35765381e+01 6.35547714e+01 6.44961243e+01
    6.51505280e+01 6.53887711e+01 6.53021011e+01 6.36378098e+01
    6.35337677e+01 5.08306046e+01 5.82156792e+01 5.73490715e+01
    5.69238129e+01 5.63738098e+01 5.60248108e+01 5.56283875e+01
    5.49003334e+01 5.38265724e+01 5.44267540e+01 5.39511795e+01
    5.38242569e+01 5.39361305e+01 5.22074089e+01 5.19945221e+01
    5.58248367e+01 6.05019150e+01 5.99439468e+01 6.07033386e+01
    6.10844994e+01 6.15597801e+01 6.10121040e+01 6.01343384e+01
    5.90665016e+01 5.97856140e+01 5.96252441e+01 6.00157433e+01
    6.00791359e+01 5.85672150e+01 5.88764076e+01 6.77855301e+01
    6.48935547e+01 6.57101974e+01 6.80703888e+01 6.91415482e+01
    6.96981735e+01 6.87003326e+01 6.80603790e+01 6.79584579e+01
    6.71341248e+01 6.57918472e+01 6.53384094e+01 6.53538208e+01
    6.38476677e+01 6.47889328e+01 6.81993027e+01 6.29711227e+01
    5.89444962e+01 5.86833992e+01 5.90034103e+01 5.94733276e+01
    5.89554443e+01 5.86424789e+01 5.82857895e+01 5.86914673e+01
    5.86023903e+01 5.88720551e+01 5.88990746e+01 5.75797157e+01
    5.77670364e+01 5.94435692e+01 6.29061012e+01 6.31172791e+01
    6.49602890e+01 6.62345047e+01 6.73656082e+01 6.75196915e+01
    6.77815475e+01 6.76524429e+01 6.80725174e+01 6.83937607e+01
    6.88845978e+01 6.94465256e+01 6.84931259e+01 6.85825729e+01
    6.90545349e+01 6.63819962e+01 6.54681015e+01 6.61829453e+01
    6.68866196e+01 6.80599899e+01 6.77041016e+01 6.80471268e+01
    6.83950882e+01 6.83861771e+01 6.83307648e+01 6.84075775e+01
    6.89416504e+01 6.77246475e+01 6.74337845e+01 7.08799438e+01
    6.76604462e+01 6.56118546e+01 6.47511444e+01 6.46784668e+01
    6.43426819e+01 6.31270905e+01 6.18547592e+01 6.11234665e+01
    6.05624313e+01 5.97178345e+01 5.93335190e+01 5.94884949e+01
    5.77583809e+01 5.70639038e+01 6.85117188e+01 6.18100624e+01
    6.20973854e+01 6.26885986e+01 6.32865219e+01 6.47191010e+01
    6.38792152e+01 6.45320358e+01 6.49194870e+01 6.52939301e+01
    6.66764069e+01 6.70569382e+01 6.56366653e+01 6.51577225e+01
    6.70212860e+01 6.15496521e+01 6.26183815e+01 6.30483971e+01
    6.40559921e+01 6.47409134e+01 6.53053207e+01 6.50471802e+01
    6.50053787e+01 6.47609558e+01 6.54647141e+01 6.59151001e+01
    6.67133179e+01 6.71927414e+01 6.63465805e+01 6.60995102e+01
    7.27334518e+01 6.45141449e+01 6.30629196e+01 6.32141800e+01
    6.36066628e+01 6.43139725e+01 6.31567764e+01 6.30046387e+01
    6.27120171e+01 6.18289299e+01 6.14717865e+01 6.10727501e+01
    6.04215088e+01 5.92829437e+01 6.05265808e+01 6.36611366e+01
    6.27624664e+01 6.36582794e+01 6.36185913e+01 6.41086349e+01
    6.40880585e+01 6.31581116e+01 6.16021500e+01 6.05943108e+01
    6.05233536e+01 6.01337929e+01 6.02849808e+01 6.09294357e+01
    5.97396393e+01 5.82827873e+01 6.72170334e+01 5.85051994e+01
    5.59535980e+01 5.41964493e+01 5.49987679e+01 5.48905373e+01
    5.32590218e+01 5.31103821e+01 5.43220787e+01 5.37179527e+01
    5.45662804e+01 5.48432465e+01 5.41500778e+01 5.41568527e+01
    5.48606339e+01 6.21011581e+01 6.36804008e+01 6.36622849e+01
    6.24888611e+01 6.18464928e+01 6.04950600e+01 5.91434517e+01
    5.66960030e+01 5.59849892e+01 5.68153725e+01 5.85500145e+01
    5.94091911e+01 5.81706772e+01 5.81849060e+01 6.10476418e+01
    6.73679657e+01 6.36993828e+01 6.50924683e+01 6.98368073e+01
    7.09546967e+01 7.36895905e+01 7.43239822e+01 7.46112747e+01
    7.45133667e+01 7.47486649e+01 7.39520569e+01 7.29594803e+01
    7.37195358e+01 7.24506836e+01 7.10491104e+01 6.97879639e+01
    6.68087006e+01 6.45926819e+01 6.51451263e+01 6.68262863e+01
    6.70368881e+01 6.73265305e+01 6.66593475e+01 6.69582138e+01
    6.66386490e+01 6.68637390e+01 6.69027481e+01 6.62056656e+01
    6.55847092e+01 6.58826904e+01 5.70021667e+01 5.79898224e+01
    5.82094841e+01 5.96029472e+01 6.10735092e+01 6.20035210e+01
    6.22852783e+01 6.21602554e+01 6.22198982e+01 6.34555931e+01
    6.40057907e+01 6.49883194e+01 6.61341553e+01 6.48194809e+01
    6.47703705e+01 6.10960579e+01 6.01330910e+01 5.88932915e+01
    5.93853188e+01 6.05025864e+01 6.16424179e+01 6.11931152e+01
    6.18773842e+01 6.18485718e+01 6.28217735e+01 6.26041870e+01
    6.28346825e+01 6.27130241e+01 6.16786308e+01 6.11995354e+01
    7.66120453e+01 7.18374634e+01 7.06585388e+01 7.06970444e+01
    7.06473389e+01 7.00705872e+01 6.93712921e+01 6.84341507e+01
    6.77636566e+01 6.60837402e+01 6.48967896e+01 6.45472412e+01
    6.43623505e+01 6.32908287e+01 6.37938805e+01 6.97849426e+01
    6.82618179e+01 6.67085800e+01 6.53766708e+01 6.56056290e+01
    6.48820114e+01 6.40281677e+01 6.27341919e+01 6.22179794e+01
    6.09969139e+01 6.02385025e+01 5.98427238e+01 5.96311302e+01
    5.84603043e+01 5.83858643e+01 5.56586456e+01 5.73286057e+01
    5.68726120e+01 5.79598083e+01 5.92710075e+01 6.03732224e+01
    6.05745163e+01 6.03521805e+01 6.00195160e+01 6.10697937e+01
    6.15104828e+01 6.25385056e+01 6.32936707e+01 6.20276337e+01
    6.19845200e+01 7.53807297e+01 6.54409561e+01 6.34787407e+01
    6.34795609e+01 6.35227394e+01 6.36684113e+01 6.28217621e+01
    6.28136902e+01 6.27129707e+01 6.17864761e+01 6.11241722e+01
    6.08830643e+01 6.01598320e+01 5.93087692e+01 6.07678108e+01
    6.86248627e+01 6.62013092e+01 6.48996506e+01 6.54607773e+01
    6.62645950e+01 6.68084869e+01 6.68920746e+01 6.65835724e+01
