<?xml version="1.0"?>
<opencv_storage>
<training_set_points type_id="opencv-matrix">
  <rows>45</rows>
  <cols>15</cols>
  <dt>f</dt>
  <data>
    9.62656097e+01 9.42005768e+01 9.42102051e+01 9.37401047e+01
    9.30725937e+01 9.68825989e+01 8.94123001e+01 8.67881927e+01
    8.80754166e+01 8.51418228e+01 8.34053650e+01 8.32522125e+01
    8.33126678e+01 8.19351501e+01 7.93073959e+01 7.47858963e+01
    7.36738129e+01 7.53530426e+01 7.51039658e+01 8.00949402e+01
    8.00885620e+01 8.17601929e+01 8.14374695e+01 8.28542328e+01
    8.14161224e+01 8.23975067e+01 8.25834885e+01 8.32498474e+01
    8.02516785e+01 7.95312653e+01 8.91431656e+01 8.96038666e+01
    8.85998993e+01 8.49466171e+01 7.58542938e+01 7.20751038e+01
    7.91061783e+01 8.20662918e+01 8.11632843e+01 8.40657959e+01
    8.50913086e+01 8.81554413e+01 9.35669327e+01 9.17266846e+01
    9.17974014e+01 4.34632339e+01 4.36590805e+01 4.30983925e+01
    4.26919060e+01 4.18733521e+01 4.18911476e+01 4.33606873e+01
    4.28724136e+01 4.25099678e+01 4.25561447e+01 4.32674370e+01
    4.36666794e+01 4.27341805e+01 4.18429031e+01 4.43631744e+01
    5.03405228e+01 5.03860550e+01 5.21991539e+01 5.81213760e+01
    6.96387711e+01 7.02366943e+01 7.12148895e+01 7.09246597e+01
    7.12821350e+01 7.11559677e+01 7.08167877e+01 7.02577515e+01
    6.68520508e+01 6.49914932e+01 6.39730873e+01 7.53862152e+01
    7.67858124e+01 7.52346268e+01 7.28849182e+01 6.36709671e+01
    6.31131668e+01 6.96218185e+01 7.10075684e+01 7.14553223e+01
    7.43161011e+01 7.47852707e+01 7.60238266e+01 7.98481216e+01
    8.03161774e+01 8.12542953e+01 4.32097130e+01 4.61671600e+01
    4.95969849e+01 5.59339218e+01 5.95041962e+01 5.96592712e+01
    6.21082726e+01 6.28780060e+01 6.32085800e+01 6.21102066e+01
    6.24704971e+01 6.18977776e+01 5.92968864e+01 5.80728226e+01
    5.72462311e+01 5.63158379e+01 6.02344170e+01 6.20258408e+01
    6.69341965e+01 6.95518494e+01 6.99523621e+01 6.95462952e+01
    7.01804886e+01 6.92180634e+01 6.79604645e+01 6.84525528e+01
    6.86733780e+01 6.57410507e+01 6.39535027e+01 6.45898590e+01
    7.67427216e+01 8.10105133e+01 8.43461914e+01 8.56011429e+01
    9.00399170e+01 9.21711578e+01 9.10500641e+01 8.99605255e+01
    9.13098907e+01 9.19766769e+01 9.37710266e+01 9.72482910e+01
    1.02835449e+02 1.02572250e+02 1.02436401e+02 5.42147293e+01
    5.30837669e+01 5.33595657e+01 5.09755325e+01 4.63693085e+01
    4.65308456e+01 4.76244431e+01 4.85229874e+01 4.85337830e+01
    4.98980904e+01 5.28059425e+01 5.74008484e+01 6.07325478e+01
    6.02381706e+01 5.95220528e+01 4.58172035e+01 4.86902618e+01
    5.14566612e+01 5.24827881e+01 5.51743622e+01 5.52526855e+01
    5.63446655e+01 5.57436829e+01 5.67926598e+01 5.73649673e+01
    5.76783791e+01 5.60384102e+01 5.32884865e+01 5.24153748e+01
    5.33065453e+01 5.50794449e+01 5.66234245e+01 5.66578636e+01
    5.72737732e+01 5.75257874e+01 5.59619217e+01 5.89714661e+01
    5.90603485e+01 5.98023415e+01 5.99094505e+01 6.10107880e+01
    6.38352890e+01 6.96310577e+01 7.32058563e+01 7.60399094e+01
    5.66594887e+01 5.66061783e+01 5.82047386e+01 6.47503967e+01
    6.62822418e+01 6.47831039e+01 6.91968002e+01 7.08139496e+01
    7.16615906e+01 7.24445572e+01 7.24239883e+01 6.99611053e+01
    6.57126541e+01 6.30563698e+01 6.22124557e+01 6.60155869e+01
    7.03297882e+01 7.24179001e+01 7.43226395e+01 7.73640594e+01
    7.56794586e+01 8.10499725e+01 8.32677765e+01 8.34350586e+01
    8.61517792e+01 8.85517502e+01 9.06316376e+01 9.19051361e+01
    9.03552628e+01 8.99754028e+01 5.11728630e+01 5.12047462e+01
    5.33645325e+01 5.37126694e+01 5.22307129e+01 5.22287827e+01
    5.18966751e+01 5.20145302e+01 5.13374596e+01 5.15513992e+01
    5.12174339e+01 5.22391510e+01 5.36775475e+01 5.57650795e+01
    5.77929459e+01 8.50344238e+01 8.43013916e+01 8.41576309e+01
    7.34805603e+01 7.25411530e+01 7.73044968e+01 7.10963898e+01
    6.91363525e+01 6.92518768e+01 6.84125214e+01 6.87511826e+01
    6.87154922e+01 6.85510025e+01 6.95258026e+01 7.08211212e+01
    5.10908737e+01 5.25509567e+01 5.45329475e+01 5.67093506e+01
    5.81637344e+01 5.94220734e+01 5.91429214e+01 6.05381889e+01
    6.04990311e+01 5.98432503e+01 5.87840271e+01 5.93844414e+01
    5.93406219e+01 5.81563416e+01 5.76432419e+01 7.50008087e+01
    7.12548523e+01 7.42032776e+01 7.13781738e+01 6.89770584e+01
    7.28222580e+01 7.01344376e+01 6.90979156e+01 6.90689468e+01
    6.87972870e+01 6.95356140e+01 6.93321991e+01 6.72803726e+01
    6.78884888e+01 6.96114883e+01 7.24306107e+01 7.21722031e+01
    7.24441605e+01 7.25508423e+01 7.51745300e+01 7.58129044e+01
    7.71321030e+01 7.72082748e+01 7.91944275e+01 8.20867615e+01
    8.46721039e+01 8.57818069e+01 8.71576920e+01 8.74931030e+01
    8.85132294e+01 4.46276283e+01 4.52934113e+01 4.69787674e+01
    5.02433052e+01 5.55440559e+01 5.71760674e+01 5.68611717e+01
    5.74569435e+01 5.84565926e+01 5.88726768e+01 6.07200165e+01
    6.20709877e+01 6.34327774e+01 6.39455757e+01 6.51656723e+01
    7.48418884e+01 7.74877090e+01 8.03893814e+01 7.86815109e+01
    7.96147537e+01 8.03793335e+01 8.21059570e+01 8.23786621e+01
    8.38657761e+01 8.51460037e+01 8.80511551e+01 8.88805161e+01
    8.78864059e+01 8.63202515e+01 8.75003662e+01 5.00368118e+01
    4.94371872e+01 4.95633888e+01 5.40028305e+01 5.71224289e+01
    5.83249626e+01 6.01222229e+01 6.13631973e+01 6.11803551e+01
    6.32124786e+01 6.42842865e+01 6.65599442e+01 6.91212311e+01
    6.80802689e+01 6.82515640e+01 5.21908646e+01 5.25665398e+01
    5.29951172e+01 5.51713181e+01 5.66314507e+01 5.75845718e+01
    5.90260620e+01 6.07196732e+01 6.06407700e+01 6.22915573e+01
    6.46611938e+01 6.53832932e+01 6.44709244e+01 6.32548180e+01
    6.34109116e+01 5.24989243e+01 5.37883492e+01 5.50560532e+01
    5.54643898e+01 5.45121269e+01 5.37991447e+01 5.58203812e+01
    5.56897545e+01 5.51204681e+01 5.50467949e+01 5.53664703e+01
    5.66389389e+01 5.67938080e+01 5.42639465e+01 5.39306564e+01
    4.69358902e+01 4.91181641e+01 5.34408569e+01 6.69601288e+01
    5.62530861e+01 5.68907471e+01 5.51698914e+01 5.55373116e+01
    5.44108734e+01 5.32714386e+01 5.24825554e+01 5.21558990e+01
    5.27045097e+01 5.21377106e+01 5.28690605e+01 7.27348099e+01
    7.29865570e+01 7.68200455e+01 8.03046722e+01 8.04515076e+01
    8.09984055e+01 8.26544418e+01 8.35038452e+01 8.37257080e+01
    8.50995331e+01 8.61247559e+01 8.52387238e+01 8.27873154e+01
    8.23466034e+01 8.29125366e+01 5.05534706e+01 4.89194870e+01
    5.08870201e+01 5.92030525e+01 7.39785309e+01 6.14512634e+01
    5.73691483e+01 5.62564316e+01 5.60860062e+01 5.63004074e+01
    5.66714134e+01 5.54055443e+01 5.18108139e+01 5.08726578e+01
    5.23475609e+01 6.80738144e+01 7.00615845e+01 7.18718567e+01
    6.88024521e+01 6.29503708e+01 6.22445297e+01 6.56118240e+01
    6.77696304e+01 6.72375641e+01 6.86249008e+01 6.98640442e+01
    7.04714890e+01 7.35227509e+01 7.10877151e+01 7.11274490e+01
    4.84205818e+01 5.16910934e+01 5.51265488e+01 5.68797264e+01
    5.72758141e+01 5.74780426e+01 5.80024261e+01 5.87167358e+01
    5.82771645e+01 5.79255219e+01 5.70289536e+01 5.84199295e+01
    5.90332069e+01 5.90635300e+01 5.99627609e+01 7.38541412e+01
    7.35029297e+01 7.26831055e+01 7.13439865e+01 7.05569763e+01
    7.13642807e+01 7.19474640e+01 7.24466705e+01 7.21257019e+01
    7.16639099e+01 7.07573471e+01 7.16967926e+01 7.31027145e+01
    7.22871246e+01 7.27871246e+01 4.71823845e+01 4.79120293e+01
    4.90732613e+01 4.93465919e+01 4.92638435e+01 4.92519989e+01
    5.01289062e+01 5.06794205e+01 5.10049896e+01 5.13457718e+01
    5.27724953e+01 5.51084213e+01 5.78748856e+01 5.92660370e+01
    6.07035713e+01 7.12735596e+01 7.43211212e+01 7.58327255e+01
    6.67564697e+01 6.66233292e+01 6.86569443e+01 6.62281342e+01
    6.52043915e+01 6.48699875e+01 6.54925537e+01 6.53979797e+01
    6.11254044e+01 5.83898697e+01 5.76259842e+01 5.78955803e+01
    6.95972214e+01 7.27727661e+01 7.56033325e+01 7.53717804e+01
    7.52259750e+01 7.59991913e+01 7.52277374e+01 7.54729156e+01
