<?xml version="1.0"?>
<opencv_storage>
<training_set_points type_id="opencv-matrix">
  <rows>42</rows>
  <cols>15</cols>
  <dt>f</dt>
  <data>
    7.35419998e+01 7.38453369e+01 7.29252243e+01 7.17177582e+01
    7.15184479e+01 6.99428101e+01 6.91542435e+01 7.01166534e+01
    7.04823227e+01 7.13684387e+01 7.09830933e+01 7.07322922e+01
    7.02703171e+01 7.02594681e+01 7.02886887e+01 7.68916092e+01
    7.66568909e+01 7.73815918e+01 7.67178497e+01 7.69503860e+01
    7.58529358e+01 7.59321899e+01 7.60997314e+01 7.61374130e+01
    7.71350403e+01 7.10542755e+01 6.94714203e+01 6.98377762e+01
    6.98825912e+01 7.07333298e+01 6.68751984e+01 6.84864807e+01
    7.00447235e+01 6.80015030e+01 6.90962982e+01 6.88963547e+01
    6.83614655e+01 6.93826828e+01 6.96186600e+01 7.13894196e+01
    6.86005630e+01 6.83131256e+01 6.85027237e+01 6.95917511e+01
    7.00333328e+01 8.15406189e+01 8.02454453e+01 7.66553726e+01
    7.52373581e+01 7.47863770e+01 7.33231583e+01 7.25955811e+01
    7.27904968e+01 7.29951859e+01 7.05745087e+01 7.47245331e+01
    7.57012939e+01 7.62853928e+01 7.65954437e+01 7.61494293e+01
    7.48880997e+01 7.59131470e+01 7.78279648e+01 7.74632797e+01
    7.70906830e+01 7.52062912e+01 7.41652679e+01 7.45187912e+01
    7.47517319e+01 7.61995850e+01 7.52435226e+01 7.48064575e+01
    7.52084198e+01 7.53109360e+01 7.54312286e+01 7.80239410e+01
    7.77188339e+01 7.80798187e+01 7.73964691e+01 7.74758987e+01
    7.61461868e+01 7.52747421e+01 7.45383148e+01 7.45365753e+01
    7.73777847e+01 7.62615280e+01 7.54177933e+01 7.55018158e+01
    7.55980530e+01 7.62094955e+01 7.78361816e+01 7.80847855e+01
    7.91112442e+01 7.85697174e+01 7.90274963e+01 7.75939026e+01
    7.68386002e+01 7.66353073e+01 7.63478241e+01 7.49982605e+01
    7.47305374e+01 7.46456299e+01 7.49932175e+01 7.49322586e+01
    7.54054337e+01 8.13244400e+01 8.14199066e+01 8.26703033e+01
    8.21282883e+01 8.35728226e+01 8.28568726e+01 8.20778885e+01
    8.30425644e+01 8.29754181e+01 8.17280426e+01 8.03563690e+01
    8.10165329e+01 8.08421631e+01 8.14919739e+01 8.17344208e+01
    7.15578613e+01 7.34596863e+01 7.69325485e+01 7.70075378e+01
    7.76012115e+01 7.68092041e+01 7.56486969e+01 7.61397400e+01
    7.56661911e+01 7.62983704e+01 7.51872253e+01 7.50986252e+01
    7.46164093e+01 7.51413956e+01 7.53390884e+01 6.86467667e+01
    6.89452744e+01 7.07706146e+01 7.19232941e+01 7.33079681e+01
    7.31152191e+01 7.24929199e+01 7.33077545e+01 7.32363663e+01
    7.18789825e+01 7.25350800e+01 7.28628235e+01 7.29149399e+01
    7.35592651e+01 7.36203232e+01 7.63293686e+01 7.73898773e+01
    8.14443436e+01 8.20572433e+01 8.21788025e+01 8.13824768e+01
    8.11601028e+01 8.14607086e+01 8.16630478e+01 8.17922287e+01
    8.22484131e+01 8.14225769e+01 8.14030685e+01 8.14376373e+01
    8.18122635e+01 6.38980713e+01 6.61189728e+01 7.17289886e+01
    7.46170425e+01 7.57650604e+01 7.53560944e+01 7.51972275e+01
    7.61154938e+01 7.63831863e+01 7.59888763e+01 7.58025665e+01
    7.62594147e+01 7.60222092e+01 7.65163345e+01 7.68598175e+01
    6.39014359e+01 6.52122574e+01 6.84033051e+01 7.54435425e+01
    8.03689880e+01 8.00591965e+01 7.96911621e+01 7.70419312e+01
    7.63616791e+01 7.57779236e+01 7.75978241e+01 7.83428650e+01
    7.88357086e+01 7.87069550e+01 8.00262604e+01 6.72207108e+01
    6.95020676e+01 7.39243469e+01 7.61202011e+01 7.88455582e+01
    7.87246246e+01 7.85912933e+01 8.00295410e+01 8.01337738e+01
    7.98031921e+01 7.88513489e+01 7.92015762e+01 7.97239075e+01
    8.13959351e+01 8.18369598e+01 5.92400436e+01 6.12306709e+01
    6.38623123e+01 6.41881104e+01 6.50032196e+01 6.49855728e+01
    6.44959488e+01 6.55832291e+01 6.54801941e+01 6.58596878e+01
    6.60950699e+01 6.63525314e+01 6.62304459e+01 6.71841888e+01
    6.70761719e+01 7.50467911e+01 7.42465363e+01 7.55255051e+01
    7.94458389e+01 8.01456299e+01 7.96973038e+01 7.94244385e+01
    7.94577103e+01 7.86619186e+01 7.79859772e+01 7.86937561e+01
    7.81874847e+01 7.88370514e+01 7.95525360e+01 8.05310669e+01
    5.77690582e+01 5.77219124e+01 6.06931686e+01 6.37281914e+01
    6.44287872e+01 6.46689987e+01 6.49718475e+01 6.71037369e+01
    6.68766022e+01 6.56574402e+01 6.45139236e+01 6.43537445e+01
    6.45448456e+01 6.57902832e+01 6.65363083e+01 5.79478111e+01
    5.83849182e+01 5.90375290e+01 5.92533035e+01 6.03048859e+01
    6.05494843e+01 6.01156158e+01 6.15677681e+01 6.18913155e+01
    6.18563843e+01 6.23506737e+01 6.33557129e+01 6.30765305e+01
    6.39952545e+01 6.41333313e+01 7.70203705e+01 7.65241547e+01
    7.51151657e+01 7.68407745e+01 7.78579941e+01 7.69130859e+01
    7.60648956e+01 7.46766739e+01 7.38709183e+01 7.62329025e+01
    7.70972748e+01 7.65440140e+01 7.70132904e+01 7.70013428e+01
    7.75927963e+01 7.07429810e+01 6.97228012e+01 6.75772705e+01
    6.82432709e+01 6.82194748e+01 6.70225220e+01 6.53148422e+01
    6.09243050e+01 5.97813606e+01 6.58812256e+01 6.86472168e+01
    6.69491272e+01 6.72438889e+01 6.50260162e+01 6.66796570e+01
    5.07507172e+01 5.01833382e+01 4.87451859e+01 5.96499481e+01
    6.08567352e+01 5.94993401e+01 5.83677559e+01 5.77903824e+01
    5.78191986e+01 5.88721542e+01 6.04095154e+01 5.98909302e+01
    5.97914810e+01 5.92842140e+01 6.01901093e+01 6.74229279e+01
    7.08682251e+01 7.38181610e+01 7.56539917e+01 7.73410416e+01
    7.75321198e+01 7.80873260e+01 7.97180405e+01 8.00338440e+01
    8.07162094e+01 7.81571350e+01 7.81811295e+01 7.85158539e+01
    7.99219818e+01 8.12877960e+01 8.19068985e+01 8.05427551e+01
    7.97340012e+01 7.94838028e+01 8.02103271e+01 7.90314941e+01
    7.82911530e+01 7.84325714e+01 7.86103668e+01 7.84032288e+01
    7.82833939e+01 7.82467804e+01 7.80947800e+01 7.78836060e+01
    7.69509506e+01 8.24911041e+01 8.29119415e+01 8.31889420e+01
    8.31481247e+01 8.27653580e+01 8.20101013e+01 8.11414566e+01
    8.11808701e+01 8.02546692e+01 8.24026947e+01 8.14690857e+01
    8.06906433e+01 8.07831039e+01 8.14353180e+01 8.20542068e+01
    7.98988113e+01 8.03237915e+01 8.09502106e+01 8.04941864e+01
    8.14870758e+01 8.11069183e+01 8.00456772e+01 7.88056259e+01
    7.78971405e+01 8.02251282e+01 8.00425262e+01 7.93046799e+01
    7.94077148e+01 7.92391815e+01 8.00701218e+01 7.04411926e+01
    7.07745590e+01 7.39297180e+01 7.78788605e+01 8.04771576e+01
    8.09547348e+01 8.02370453e+01 8.21499100e+01 8.19904785e+01
    8.22092056e+01 7.99672089e+01 7.84938126e+01 7.73615570e+01
    7.89759827e+01 7.97183304e+01 7.35885925e+01 7.43229828e+01
    7.34441910e+01 7.24850235e+01 7.20514908e+01 7.01916275e+01
    6.71893005e+01 6.34005280e+01 6.25990486e+01 6.61336517e+01
    6.75676804e+01 6.65052261e+01 6.64339676e+01 6.49234161e+01
    6.54164352e+01 7.59694061e+01 7.61165619e+01 7.69481583e+01
    7.76899948e+01 7.76883011e+01 7.70749130e+01 7.72894745e+01
    7.73283691e+01 7.74459457e+01 7.75781708e+01 7.79071884e+01
    7.74719925e+01 7.75481186e+01 7.78307419e+01 7.85805206e+01
    7.66908646e+01 8.12519226e+01 8.15618134e+01 8.24645844e+01
    8.28144150e+01 8.03381882e+01 7.83804321e+01 7.74341812e+01
    7.71858368e+01 7.80872040e+01 7.78747406e+01 7.75696182e+01
    7.73733215e+01 7.68023376e+01 7.69153137e+01 7.50730591e+01
    7.74285660e+01 7.97300720e+01 8.20610657e+01 8.44247742e+01
    8.39124146e+01 8.36616821e+01 8.47584534e+01 8.41596985e+01
    8.44884186e+01 8.26505203e+01 8.16310730e+01 8.22574463e+01
    8.34803238e+01 8.47434006e+01 6.59948196e+01 6.66153030e+01
    7.24253998e+01 7.77031937e+01 7.91870728e+01 8.16759949e+01
    8.33861694e+01 8.84566727e+01 8.87139053e+01 8.42569962e+01
    8.29923859e+01 8.42620316e+01 8.39514160e+01 8.54770508e+01
    8.33846054e+01 7.16191483e+01 7.08150864e+01 7.05495224e+01
    7.38448639e+01 7.57662811e+01 7.54456100e+01 7.61225739e+01
    7.64141998e+01 7.62466125e+01 7.60928268e+01 7.72077866e+01
    7.68799515e+01 7.70532837e+01 7.72929001e+01 7.81601868e+01
    7.57575760e+01 7.61440964e+01 7.61415405e+01 7.78986435e+01
    7.99468765e+01 8.01956024e+01 7.95442963e+01 7.97720795e+01
