<?xml version="1.0"?>
<opencv_storage>
<training_set_points type_id="opencv-matrix">
  <rows>61</rows>
  <cols>15</cols>
  <dt>f</dt>
  <data>
    7.71937637e+01 7.93977814e+01 7.74925308e+01 7.99846344e+01
    8.10622253e+01 7.96184387e+01 7.99442902e+01 8.07169647e+01
    8.07402420e+01 7.90983276e+01 7.87363052e+01 7.66807861e+01
    7.19179001e+01 6.94888077e+01 6.88337173e+01 6.48699265e+01
    6.57063599e+01 6.42098389e+01 6.12651062e+01 5.83579292e+01
    5.09303246e+01 4.86767540e+01 5.19693146e+01 5.26585846e+01
    4.94996300e+01 4.92624321e+01 4.70258904e+01 4.40924339e+01
    4.36462326e+01 4.32621689e+01 6.74961853e+01 6.81634903e+01
    6.84509888e+01 6.71749191e+01 6.66618652e+01 6.35643082e+01
    6.21052399e+01 6.39447136e+01 6.41303024e+01 6.21112976e+01
    6.20923424e+01 6.23821144e+01 6.31252823e+01 6.33273163e+01
    6.26174316e+01 6.09033318e+01 6.37078285e+01 6.27468872e+01
    6.21899567e+01 6.46608810e+01 5.30446854e+01 5.23426094e+01
    5.42753220e+01 5.45202103e+01 5.09373016e+01 5.12303276e+01
    5.09438667e+01 4.97336617e+01 4.90081100e+01 4.81995010e+01
    7.23583984e+01 7.11676331e+01 6.87327805e+01 6.58215561e+01
    6.45964355e+01 5.70711555e+01 5.67373734e+01 5.79370270e+01
    5.88701668e+01 5.11799202e+01 5.00138817e+01 4.79271507e+01
    4.75136604e+01 4.86642227e+01 4.78588448e+01 8.09355698e+01
    7.97972717e+01 7.65637207e+01 7.61464920e+01 7.50774841e+01
    7.05594711e+01 6.95999069e+01 7.15127869e+01 7.14420013e+01
    6.82620926e+01 6.85375824e+01 6.40742722e+01 5.86817932e+01
    5.79397392e+01 5.58078613e+01 7.72331390e+01 7.74344940e+01
    7.61106949e+01 7.47797318e+01 7.34111710e+01 6.74764862e+01
    6.76789398e+01 6.77855453e+01 6.92377319e+01 6.03370323e+01
    5.77122498e+01 5.26477966e+01 4.75925331e+01 4.60515518e+01
    4.57194061e+01 7.08604813e+01 7.82912903e+01 8.01658478e+01
    8.05442886e+01 8.62853012e+01 7.77768250e+01 7.97021027e+01
    7.79667587e+01 7.93154144e+01 6.64987564e+01 6.21886597e+01
    5.47109756e+01 5.08688431e+01 5.04866638e+01 5.03983269e+01
    8.15182648e+01 8.42026291e+01 8.42544785e+01 8.66151581e+01
    8.66137009e+01 8.82395096e+01 8.86276779e+01 8.91667480e+01
    8.93490906e+01 9.70613251e+01 9.72857971e+01 9.31887970e+01
    9.15712814e+01 9.14534454e+01 8.68694839e+01 8.24242630e+01
    8.49955978e+01 8.40040283e+01 8.56766815e+01 8.76493149e+01
    8.55835495e+01 8.62353058e+01 8.67390060e+01 8.67345810e+01
    8.61528473e+01 8.58864441e+01 8.36369247e+01 8.07445526e+01
    8.01517258e+01 7.98736420e+01 7.47253494e+01 7.81750870e+01
    7.55318222e+01 7.79940109e+01 8.08947220e+01 7.74632721e+01
    7.74004745e+01 7.79927521e+01 7.83103333e+01 7.28142471e+01
    7.17257996e+01 6.86972046e+01 6.64172440e+01 6.60496826e+01
    6.41028900e+01 7.82486420e+01 8.18160934e+01 8.04950638e+01
    8.42709656e+01 8.79353409e+01 8.92186127e+01 8.93741531e+01
    9.02392426e+01 8.94339371e+01 9.28834686e+01 9.21791992e+01
    9.04434814e+01 8.75457306e+01 8.69190826e+01 8.69710312e+01
    7.75512619e+01 8.09536972e+01 7.92897110e+01 8.24878464e+01
    8.55405426e+01 8.62529526e+01 8.71037598e+01 8.60436020e+01
    8.63613129e+01 8.22486877e+01 8.11262665e+01 7.91603775e+01
    7.59366684e+01 7.32383728e+01 6.89686127e+01 7.32722244e+01
    7.64652710e+01 7.60076370e+01 8.09837189e+01 8.28763733e+01
    9.01125488e+01 9.16140289e+01 9.01581955e+01 8.99945068e+01
    9.18889542e+01 9.06866608e+01 8.80254517e+01 8.28812943e+01
    8.32290649e+01 8.39014206e+01 8.33247604e+01 8.34541855e+01
    8.36306839e+01 8.32070541e+01 8.15494308e+01 8.25867615e+01
    8.23929062e+01 8.33318329e+01 8.30917740e+01 8.44599152e+01
    8.48297882e+01 8.83139572e+01 9.36326218e+01 9.65047531e+01
    9.41193924e+01 7.49926300e+01 7.90152817e+01 7.65761108e+01
    8.04792709e+01 8.33634872e+01 8.78626480e+01 8.68421936e+01
    8.56236191e+01 8.67459488e+01 8.07463989e+01 7.99332581e+01
    7.65822678e+01 7.26764908e+01 7.12253113e+01 6.97818604e+01
    7.62586441e+01 8.02613068e+01 7.80360641e+01 8.01357422e+01
    8.27799530e+01 8.16595154e+01 8.17166290e+01 8.19100342e+01
    8.20422668e+01 8.05359344e+01 7.96317825e+01 7.69708633e+01
    7.35843964e+01 7.19321136e+01 7.08724670e+01 6.94036484e+01
    7.09434357e+01 7.03601990e+01 7.22970734e+01 7.30481873e+01
    8.00582657e+01 8.13895264e+01 8.12577515e+01 8.02438965e+01
    8.67536469e+01 8.75825272e+01 8.93858414e+01 8.87428894e+01
    8.75126495e+01 8.73963852e+01 7.74961319e+01 7.95818481e+01
    7.70155563e+01 8.03917007e+01 8.17960358e+01 8.38624039e+01
    8.40865479e+01 8.48142853e+01 8.45400696e+01 8.35951996e+01
    8.28261871e+01 8.18513107e+01 7.80455704e+01 7.36192322e+01
    7.30490799e+01 7.25587616e+01 7.39236908e+01 7.42057419e+01
    7.32707138e+01 7.12474136e+01 7.42396698e+01 7.41905975e+01
    7.43505020e+01 7.46800919e+01 7.50694580e+01 7.47733002e+01
    7.43237076e+01 7.39542999e+01 7.48279724e+01 7.55762558e+01
    7.88953629e+01 8.05919800e+01 7.69474411e+01 7.98531342e+01
    8.18469009e+01 8.83423004e+01 8.98732605e+01 8.72439041e+01
    8.74803238e+01 8.91595612e+01 9.00986252e+01 9.39916229e+01
    9.74522171e+01 9.10412598e+01 9.07601166e+01 6.49403076e+01
    6.69620361e+01 6.87564926e+01 7.37038956e+01 7.63325119e+01
    8.23770447e+01 8.47674637e+01 8.35416336e+01 8.35261688e+01
    8.39579926e+01 8.25078659e+01 8.64949112e+01 8.98133926e+01
    9.14076614e+01 9.19373932e+01 7.48809891e+01 7.27152252e+01
    7.26241531e+01 7.15373993e+01 7.07229691e+01 7.44499741e+01
    7.47455444e+01 7.41638107e+01 7.34567719e+01 7.59842072e+01
    7.65342712e+01 8.12185059e+01 8.35933609e+01 8.41460648e+01
    8.50356522e+01 7.79811172e+01 8.07637177e+01 7.99113159e+01
    8.19363708e+01 8.55290451e+01 8.52435760e+01 8.63461533e+01
    8.47865906e+01 8.45298538e+01 8.71502686e+01 8.87364120e+01
    9.10114594e+01 9.25403595e+01 9.22406540e+01 9.15500641e+01
    7.29692383e+01 7.49603119e+01 7.32506256e+01 7.69597168e+01
    7.75890503e+01 8.05638733e+01 8.02457123e+01 8.24190140e+01
    8.17110138e+01 8.67374115e+01 8.68447800e+01 8.88081360e+01
    8.96219559e+01 8.91596527e+01 8.87629776e+01 7.12243271e+01
    7.05629425e+01 7.01024933e+01 6.92218399e+01 6.68692474e+01
    7.03385925e+01 7.02057877e+01 7.06095276e+01 7.06863480e+01
    7.01415100e+01 6.99930649e+01 7.08239822e+01 7.30659943e+01
    7.46650085e+01 7.50991058e+01 7.50476837e+01 7.47686462e+01
    7.52524872e+01 7.45559464e+01 7.29477386e+01 7.43201447e+01
    7.43555984e+01 7.52572861e+01 7.52786865e+01 7.17379379e+01
    7.05273056e+01 7.04921875e+01 7.16757050e+01 7.28899002e+01
    7.46262894e+01 6.92761078e+01 7.18980103e+01 7.23714371e+01
    7.48667526e+01 7.57415085e+01 7.67303467e+01 7.79217148e+01
    7.71763535e+01 7.73298264e+01 7.77841110e+01 7.88663330e+01
    8.33939743e+01 8.74739380e+01 8.79920044e+01 8.76876831e+01
    7.18365631e+01 7.37693329e+01 7.22744904e+01 7.38433914e+01
    7.52186432e+01 7.56907883e+01 7.58225784e+01 7.71658478e+01
    7.68259048e+01 8.48160172e+01 8.66539612e+01 8.98306580e+01
    9.13696365e+01 9.10144958e+01 9.08759384e+01 6.68470688e+01
    6.71633301e+01 6.74883728e+01 6.78661804e+01 6.75257874e+01
    6.95952148e+01 7.01332932e+01 6.98204041e+01 6.95402298e+01
    7.15860138e+01 7.23881302e+01 7.48516006e+01 7.47665787e+01
    7.30452576e+01 7.19610367e+01 7.53722305e+01 7.46121216e+01
    7.39086380e+01 7.28896790e+01 7.08550873e+01 7.36647797e+01
    7.38985596e+01 7.36963501e+01 7.38299561e+01 7.31289215e+01
    7.26648178e+01 7.23745575e+01 7.47276611e+01 7.65472412e+01
    7.78895569e+01 6.31050568e+01 6.52284470e+01 6.57071686e+01
    6.78964005e+01 6.93414612e+01 7.07543182e+01 7.16157837e+01
    7.11841660e+01 7.07136688e+01 7.01711578e+01 6.98978882e+01
    7.18445663e+01 7.26294861e+01 7.18762283e+01 7.15942841e+01
    8.10243454e+01 7.94990082e+01 7.78623657e+01 7.66305008e+01
    7.54855423e+01 7.36276321e+01 7.32137146e+01 7.46637192e+01
