<?xml version="1.0"?>
<opencv_storage>
<training_set_points type_id="opencv-matrix">
  <rows>62</rows>
  <cols>15</cols>
  <dt>f</dt>
  <data>
    1.05743019e+02 1.05585770e+02 1.05487328e+02 1.04738007e+02
    1.04587273e+02 1.04979019e+02 1.04857315e+02 1.05444420e+02
    1.04733780e+02 1.02839348e+02 1.03926971e+02 1.05263214e+02
    1.05600838e+02 1.05926453e+02 1.06084267e+02 1.07577393e+02
    1.08714462e+02 1.10518791e+02 1.11444305e+02 1.11830490e+02
    1.12049408e+02 1.11776611e+02 1.11857094e+02 1.09577347e+02
    1.07812798e+02 1.07592522e+02 1.06531982e+02 1.06161331e+02
    1.05948227e+02 1.04851021e+02 1.00267830e+02 1.00300247e+02
    9.96438065e+01 1.01775284e+02 1.02819870e+02 1.04076393e+02
    1.05396347e+02 1.06399124e+02 1.05117722e+02 1.02372055e+02
    1.02569481e+02 1.02582275e+02 1.02034698e+02 1.01533440e+02
    1.00783737e+02 8.61669922e+01 8.58918076e+01 8.82784653e+01
    9.56916809e+01 9.73126221e+01 9.88340607e+01 1.00214859e+02
    9.88645172e+01 9.72236786e+01 9.36153870e+01 9.37889557e+01
    9.34049530e+01 9.27490387e+01 9.33183212e+01 9.30912170e+01
    8.75160065e+01 8.93864441e+01 9.24238510e+01 9.20983582e+01
    9.44139557e+01 9.38230057e+01 9.43281021e+01 9.51251144e+01
    9.31764145e+01 9.25319595e+01 9.18335419e+01 9.13214722e+01
    9.17885895e+01 9.20046692e+01 9.26478500e+01 8.86065903e+01
    9.04043121e+01 9.16625595e+01 9.55612030e+01 9.58627319e+01
    9.60748749e+01 9.60710907e+01 9.54978790e+01 8.82359848e+01
    8.22188339e+01 7.49398575e+01 6.33535500e+01 5.94711418e+01
    5.72267914e+01 5.61719971e+01 9.12471924e+01 9.33688354e+01
    9.62610016e+01 9.91491089e+01 9.79299088e+01 9.60913620e+01
    9.13270798e+01 8.29850159e+01 7.39910126e+01 6.74201279e+01
    6.51966248e+01 6.13981400e+01 5.86856270e+01 5.75845757e+01
    5.56863251e+01 8.57546539e+01 8.71832962e+01 9.04197006e+01
    9.27753448e+01 9.25609741e+01 8.91407928e+01 8.36579971e+01
    7.68627396e+01 6.94011154e+01 6.37795029e+01 6.26306152e+01
    6.00079842e+01 5.87294121e+01 5.80401154e+01 5.76707191e+01
    8.02860107e+01 8.49005280e+01 8.60785904e+01 8.17481232e+01
    7.70458298e+01 7.32196426e+01 7.04988785e+01 6.84202652e+01
    6.59778061e+01 6.40947342e+01 6.37227974e+01 6.31494026e+01
    6.31357880e+01 6.32370605e+01 6.40982742e+01 7.33930206e+01
    7.60994110e+01 8.32840881e+01 8.61286621e+01 9.06506119e+01
    9.17450104e+01 9.11787567e+01 8.84228897e+01 8.11777191e+01
    7.54353790e+01 7.01815796e+01 6.32596703e+01 6.10618706e+01
    5.89233818e+01 5.81512489e+01 7.89339752e+01 8.14754715e+01
    8.60895309e+01 8.81620483e+01 8.79665146e+01 8.51772156e+01
    8.06433029e+01 7.61746292e+01 7.18197632e+01 6.72618866e+01
    6.56882553e+01 6.41939850e+01 6.42219009e+01 6.42231598e+01
    6.46912003e+01 7.77236176e+01 7.83149033e+01 7.77318573e+01
    7.92709885e+01 7.90152817e+01 7.98761902e+01 7.95675659e+01
    7.90623703e+01 7.76299744e+01 7.64181824e+01 7.67155762e+01
    7.82405396e+01 7.87032166e+01 7.89674301e+01 7.97094421e+01
    4.89777260e+01 4.89595261e+01 5.02534180e+01 6.65161819e+01
    7.64257736e+01 8.51263657e+01 9.38217621e+01 9.26572723e+01
    8.67074280e+01 7.70000610e+01 7.41444397e+01 7.14265289e+01
    6.94449768e+01 6.88730621e+01 6.88499146e+01 6.59507217e+01
    6.92985077e+01 7.69048920e+01 8.27081223e+01 8.55447235e+01
    8.71813736e+01 8.90156784e+01 9.38687515e+01 9.35652618e+01
    9.50565872e+01 9.59729996e+01 1.00867981e+02 1.01715073e+02
    1.02001282e+02 1.00361397e+02 1.28667709e+02 1.11949821e+02
    8.43692017e+01 9.89664154e+01 8.30862350e+01 8.41068344e+01
    8.59764099e+01 8.87100830e+01 8.81417694e+01 8.91549606e+01
    9.02014313e+01 9.50170822e+01 9.67910461e+01 9.85331573e+01
    1.01510735e+02 7.81369705e+01 8.02087936e+01 8.20896225e+01
    8.49180450e+01 8.45973740e+01 8.40868835e+01 8.37170639e+01
    8.43413239e+01 8.16957626e+01 7.91372681e+01 7.81559677e+01
    7.70128403e+01 7.58653107e+01 7.45718842e+01 7.36087418e+01
    5.01034508e+01 5.28742065e+01 5.66198769e+01 5.81001244e+01
    5.90081482e+01 6.05697174e+01 6.28242226e+01 6.51082382e+01
    6.79946823e+01 6.65885315e+01 6.76334839e+01 6.80698090e+01
    6.70701675e+01 6.61720428e+01 6.50842361e+01 3.97138481e+01
    4.08974228e+01 4.27057724e+01 4.59500275e+01 4.99264069e+01
    5.30145226e+01 5.68600655e+01 6.01211395e+01 5.97705650e+01
    5.72683563e+01 5.65961494e+01 5.59327507e+01 5.43439789e+01
    5.31435394e+01 5.36745491e+01 5.09069138e+01 4.96217117e+01
    4.84953384e+01 4.90617294e+01 5.00553474e+01 5.15368843e+01
    5.48972015e+01 6.30802345e+01 6.65631561e+01 7.05248184e+01
    7.27560043e+01 7.43109055e+01 7.11128998e+01 7.18302994e+01
    6.95690536e+01 8.56979980e+01 8.39606628e+01 8.25119629e+01
    7.91280746e+01 7.73167801e+01 7.60210800e+01 7.50795975e+01
    7.45118942e+01 7.25508804e+01 7.17532578e+01 7.24703217e+01
    7.38239288e+01 7.50545349e+01 7.53206787e+01 7.62888794e+01
    7.70111465e+01 7.73041611e+01 7.70874252e+01 7.38461533e+01
    7.29094009e+01 7.18275146e+01 7.04529800e+01 6.83470535e+01
    6.58430634e+01 6.33299789e+01 6.34283791e+01 6.34210472e+01
    6.36704979e+01 6.45951614e+01 6.42709198e+01 5.05431671e+01
    4.93202095e+01 4.94764862e+01 5.19277534e+01 5.34997635e+01
    5.46696701e+01 5.61261368e+01 5.76238976e+01 5.68574791e+01
    5.59007797e+01 5.57612915e+01 5.57763176e+01 5.61732063e+01
    5.61405716e+01 5.48681717e+01 3.10486813e+01 3.21698608e+01
    3.39876099e+01 3.30973473e+01 3.41083298e+01 3.39130440e+01
    3.50754128e+01 3.64196091e+01 3.48788605e+01 3.44969406e+01
    3.43131256e+01 3.38683510e+01 3.41758957e+01 3.41332932e+01
    3.58696938e+01 8.71270370e+01 8.80338974e+01 8.88416977e+01
    8.23955383e+01 8.13540192e+01 7.67223663e+01 7.46173477e+01
    7.44695816e+01 7.36674118e+01 7.27535858e+01 7.24967804e+01
    7.54764404e+01 7.50354004e+01 7.51164017e+01 7.73928452e+01
    9.28312302e+01 9.27197647e+01 9.20516739e+01 8.98111038e+01
    8.91135330e+01 8.80036926e+01 8.67767868e+01 8.45653458e+01
    8.13352127e+01 7.89081879e+01 7.84885941e+01 7.72145309e+01
    7.64421921e+01 7.62547455e+01 7.45480270e+01 8.10603180e+01
    8.12226486e+01 8.16430511e+01 8.98253326e+01 9.01296463e+01
    9.34766617e+01 9.60387115e+01 9.57948151e+01 9.34209290e+01
    8.90332947e+01 8.65468979e+01 7.92437515e+01 7.65898666e+01
    7.37522507e+01 7.16849823e+01 9.20937119e+01 9.25508423e+01
    9.33453293e+01 9.29542618e+01 9.28118439e+01 9.17884064e+01
    9.13925934e+01 9.08379669e+01 8.82496338e+01 8.64537506e+01
    8.62830124e+01 8.42904816e+01 8.39025421e+01 8.30033646e+01
    8.14508057e+01 8.30470352e+01 8.56363449e+01 9.18821259e+01
    9.87523804e+01 1.01992523e+02 1.04619484e+02 1.05216125e+02
    1.05019356e+02 1.02408585e+02 9.63374710e+01 9.50187912e+01
    8.53196487e+01 8.05488052e+01 7.63475571e+01 6.96966248e+01
    8.03010330e+01 8.29392853e+01 8.64886475e+01 8.98042908e+01
    9.17759171e+01 9.45965500e+01 9.63178101e+01 9.70754776e+01
    9.97459946e+01 9.53866043e+01 9.81331940e+01 9.73251190e+01
    9.48014832e+01 9.33439941e+01 8.93224106e+01 8.51399841e+01
    8.82744522e+01 9.34600830e+01 9.82966614e+01 9.97727356e+01
    1.01617081e+02 1.03558228e+02 1.05367599e+02 1.03744186e+02
    1.02139847e+02 1.01352859e+02 9.56148376e+01 9.29981766e+01
    8.95735931e+01 8.52985840e+01 8.19479752e+01 8.27174377e+01
    8.22723236e+01 7.53592453e+01 7.11541443e+01 6.68689880e+01
    6.32945328e+01 5.88633041e+01 5.38793564e+01 4.93960571e+01
    4.80810776e+01 4.44141083e+01 4.32738914e+01 4.27571754e+01
    4.10904350e+01 8.46546478e+01 8.97684174e+01 9.56338272e+01
    9.30090637e+01 9.36249008e+01 9.31547470e+01 9.08208847e+01
    8.77009506e+01 8.70549774e+01 8.29146042e+01 8.62492065e+01
    9.02075424e+01 8.90388184e+01 9.12362900e+01 8.84208298e+01
    8.42204208e+01 8.77418060e+01 9.20883255e+01 9.64138794e+01
    9.73451767e+01 9.87993164e+01 1.00005630e+02 1.01469193e+02
