<?xml version="1.0"?>
<opencv_storage>
<training_set_points type_id="opencv-matrix">
  <rows>86</rows>
  <cols>15</cols>
  <dt>f</dt>
  <data>
    8.25715942e+01 8.32911758e+01 8.34510345e+01 8.34140701e+01
    8.41871338e+01 8.41089249e+01 8.38579636e+01 8.42990723e+01
    8.45056686e+01 8.52162857e+01 8.54464722e+01 8.54431839e+01
    8.48761749e+01 8.56035080e+01 0. 8.41671829e+01 8.50535507e+01
    8.55346909e+01 8.55045166e+01 8.64892578e+01 8.61483002e+01
    8.61056595e+01 8.60866318e+01 8.66637726e+01 8.69836655e+01
    8.72081528e+01 8.72446213e+01 8.69641724e+01 8.74412155e+01 0.
    8.58374634e+01 8.75153122e+01 8.86485443e+01 8.86785507e+01
    8.90962906e+01 8.86463394e+01 8.86793823e+01 8.87760010e+01
    8.91033020e+01 8.94496231e+01 8.96884918e+01 8.95866776e+01
    8.93891907e+01 8.94442444e+01 0. 8.75141068e+01 8.77114563e+01
    8.79875259e+01 8.79065399e+01 8.82040863e+01 8.81015472e+01
    8.82614899e+01 8.82185669e+01 8.87398987e+01 8.91772614e+01
    8.96206055e+01 8.96550140e+01 8.92600174e+01 8.97702713e+01 0.
    8.67203827e+01 8.76772308e+01 8.81696396e+01 8.80353546e+01
    8.82183228e+01 8.79889832e+01 8.82088013e+01 8.82561493e+01
    8.88003998e+01 8.93358154e+01 8.92301941e+01 8.93321381e+01
    8.91617508e+01 8.93034515e+01 0. 8.94573441e+01 8.98454819e+01
    8.99285889e+01 9.00248108e+01 9.05505676e+01 8.99785843e+01
    9.01224899e+01 9.01757584e+01 9.03703537e+01 9.06923981e+01
    9.08724518e+01 9.09548187e+01 9.09401855e+01 9.12948380e+01 0.
    9.13594284e+01 9.22270432e+01 9.27772827e+01 9.30500107e+01
    9.34687958e+01 9.30124741e+01 9.34862442e+01 9.34083557e+01
    9.37193527e+01 9.36595764e+01 9.37438812e+01 9.37391052e+01
    9.37235641e+01 9.37071381e+01 0. 8.42082367e+01 8.63105087e+01
    8.78785095e+01 8.84160919e+01 8.84125748e+01 8.80545807e+01
    8.74551086e+01 8.75270920e+01 8.74779282e+01 8.74343796e+01
    8.73582993e+01 8.73885727e+01 8.71022720e+01 8.73352661e+01 0.
    8.92259064e+01 9.02990570e+01 9.13422241e+01 9.16018295e+01
    9.11976013e+01 9.10949020e+01 9.11921616e+01 9.12835693e+01
    9.16572266e+01 9.18394623e+01 9.20691605e+01 9.22226715e+01
    9.17090378e+01 9.19551010e+01 0. 8.62281342e+01 8.74305038e+01
    8.81142044e+01 8.82892532e+01 8.86702881e+01 8.83774796e+01
    8.82101288e+01 8.86305695e+01 8.88082199e+01 8.90359192e+01
    8.92852097e+01 8.91566162e+01 8.87850952e+01 8.93258438e+01 0.
    8.64992142e+01 8.75358429e+01 8.71686859e+01 8.65179138e+01
    8.69016571e+01 8.69336395e+01 8.66574631e+01 8.72985458e+01
    8.71240540e+01 8.83233795e+01 8.80384903e+01 8.80836105e+01
    8.76993332e+01 8.85304718e+01 0. 9.01415939e+01 9.08577652e+01
    9.14494324e+01 9.15547409e+01 9.20682220e+01 9.18003998e+01
    9.13789215e+01 9.17464218e+01 9.17476349e+01 9.24902267e+01
    9.23683395e+01 9.24875488e+01 9.20609360e+01 9.27628708e+01 0.
    8.48930130e+01 8.61045532e+01 8.58894043e+01 8.57277145e+01
    8.59795685e+01 8.56220627e+01 8.53433380e+01 8.58648758e+01
    8.57356339e+01 8.60679855e+01 8.59590149e+01 8.63158951e+01
    8.59337311e+01 8.65947723e+01 0. 9.69371109e+01 9.88831253e+01
    9.96136475e+01 9.98564911e+01 1.00012947e+02 9.97629242e+01
    9.92660294e+01 9.97280121e+01 9.99463272e+01 1.00470253e+02
    1.00546341e+02 1.00720428e+02 9.97314072e+01 1.00463142e+02 0.
    8.26021652e+01 8.51534424e+01 8.60509644e+01 8.60065536e+01
    8.58967361e+01 8.57482147e+01 8.48121719e+01 8.54530258e+01
    8.50022888e+01 8.54923401e+01 8.54899445e+01 8.52841949e+01
    8.47206955e+01 8.52917480e+01 0. 7.46981430e+01 7.49171753e+01
    7.40173950e+01 7.31858902e+01 7.34771194e+01 7.39083252e+01
    7.37667236e+01 7.44913940e+01 7.41281891e+01 7.50152054e+01
    7.47367706e+01 7.46834488e+01 7.43854218e+01 7.53548965e+01 0.
    7.58808441e+01 7.75542374e+01 7.71346893e+01 7.66214371e+01
    7.68045044e+01 7.66507339e+01 7.62611389e+01 7.66335983e+01
    7.67302551e+01 7.72337875e+01 7.70063400e+01 7.71444016e+01
    7.68636017e+01 7.72114029e+01 0. 7.51464615e+01 6.63506165e+01
    6.33670006e+01 6.29694252e+01 6.90632477e+01 7.13467789e+01
    7.30463638e+01 7.30416489e+01 7.47766418e+01 7.57870712e+01
    7.56616135e+01 7.58016205e+01 7.62632675e+01 7.65179138e+01 0.
    9.62437744e+01 9.86168823e+01 9.98063049e+01 1.00139061e+02
    1.00077408e+02 9.97359009e+01 9.91595078e+01 9.93462524e+01
    9.90057831e+01 9.86942291e+01 9.84420319e+01 9.84168549e+01
    9.84091034e+01 9.79334946e+01 0. 7.48362350e+01 6.55569687e+01
    6.39293823e+01 6.46627426e+01 7.14055557e+01 7.30966187e+01
    7.36164551e+01 7.45900116e+01 7.53159256e+01 7.59568863e+01
    7.60088501e+01 7.61837311e+01 7.54749451e+01 7.66703568e+01 0.
    7.22990265e+01 6.44115982e+01 6.03320160e+01 5.99163475e+01
    6.54648056e+01 6.79756470e+01 6.90931702e+01 7.01545639e+01
    7.12292633e+01 7.26054459e+01 7.27638855e+01 7.32219009e+01
    7.21736298e+01 7.39504776e+01 0. 7.61496429e+01 7.19666138e+01
    7.11901703e+01 7.19416199e+01 7.55322571e+01 7.73954163e+01
    7.68912430e+01 7.79916611e+01 7.76924896e+01 7.75121841e+01
    7.67712860e+01 7.67844849e+01 7.58889008e+01 7.75069122e+01 0.
    7.25224686e+01 6.39575424e+01 5.93291817e+01 5.85155258e+01
    6.38698959e+01 6.66720200e+01 6.79879456e+01 6.93169632e+01
    7.11530991e+01 7.38421631e+01 7.42434540e+01 7.44875946e+01
    7.34555664e+01 7.53250504e+01 0. 7.90720520e+01 6.85467148e+01
    6.33574524e+01 6.22348557e+01 6.79411697e+01 7.01799316e+01
    7.26246338e+01 7.32386322e+01 7.53803253e+01 7.89238510e+01
    8.01308670e+01 8.05983810e+01 7.95180969e+01 8.15712433e+01 0.
    7.20927353e+01 6.69793396e+01 6.61067963e+01 6.42718658e+01
    6.80070953e+01 6.86752090e+01 6.98876419e+01 7.06987610e+01
    7.19975967e+01 7.43863602e+01 7.56613083e+01 7.51246948e+01
    7.33339996e+01 7.47799683e+01 0. 9.18972397e+01 9.32988434e+01
    9.37663956e+01 9.41127090e+01 9.44292526e+01 9.42201614e+01
    9.37837982e+01 9.40864792e+01 9.42646942e+01 9.47969360e+01
    9.47589417e+01 9.48311005e+01 9.40308838e+01 9.48578949e+01 0.
    7.99916382e+01 6.98673325e+01 6.49184113e+01 6.36577644e+01
    6.93864212e+01 7.21227646e+01 7.41256866e+01 7.48398209e+01
    7.71795959e+01 8.01552811e+01 8.10380020e+01 8.15794830e+01
    8.06212006e+01 8.21842957e+01 0. 8.10778885e+01 8.38914337e+01
    8.24308701e+01 8.40426025e+01 8.02129059e+01 8.01947708e+01
    7.97674866e+01 8.05980301e+01 8.02477417e+01 8.19479980e+01
    8.19987946e+01 8.24681168e+01 8.08542252e+01 8.27713394e+01 0.
    8.27208633e+01 7.57843475e+01 7.04328918e+01 6.89034958e+01
    7.56690063e+01 7.85507660e+01 7.90271835e+01 8.04738312e+01
    8.12545166e+01 8.30010605e+01 8.35671005e+01 8.34529114e+01
    8.26017456e+01 8.33307724e+01 0. 7.47238007e+01 6.88271332e+01
    6.67032166e+01 6.71111908e+01 7.10058670e+01 7.32697830e+01
    7.38244247e+01 7.45581436e+01 7.52968674e+01 7.67878799e+01
    7.71210556e+01 7.70796661e+01 7.65368271e+01 7.75680313e+01 0.
    8.40567322e+01 7.69271927e+01 7.28406067e+01 7.24720078e+01
    7.68081894e+01 7.86317291e+01 7.93814545e+01 8.04119873e+01
    8.12977753e+01 8.31355515e+01 8.36738739e+01 8.36735611e+01
    8.25555344e+01 8.37068253e+01 0. 7.94337540e+01 7.22454224e+01
    6.82432404e+01 6.74345703e+01 7.41207428e+01 7.55562820e+01
    7.68369904e+01 7.76607819e+01 7.85012589e+01 7.87843399e+01
    7.88743744e+01 7.87102356e+01 7.86162567e+01 7.99685745e+01 0.
    7.59939346e+01 6.79951630e+01 6.50293121e+01 6.53276138e+01
    6.97927094e+01 7.16500549e+01 7.34590149e+01 7.31451416e+01
    7.48828354e+01 7.69820175e+01 7.82313080e+01 7.82385559e+01
    7.88081741e+01 7.88467484e+01 0. 7.31728745e+01 7.27395630e+01
    7.15342255e+01 7.06782379e+01 7.16839142e+01 7.25534973e+01
    7.22102661e+01 7.33008423e+01 7.34145966e+01 7.44319382e+01
    7.40546570e+01 7.45700989e+01 7.38364716e+01 7.53486176e+01 0.
    7.17826233e+01 6.57614899e+01 6.23104553e+01 6.16235123e+01
    6.67925644e+01 6.94896927e+01 7.00331268e+01 7.07930756e+01
