<?xml version="1.0"?>
<opencv_storage>
<training_set_points type_id="opencv-matrix">
  <rows>93</rows>
  <cols>15</cols>
  <dt>f</dt>
  <data>
    8.13871002e+01 8.11669693e+01 8.05638885e+01 8.03185959e+01
    8.22884598e+01 8.28300323e+01 8.20403214e+01 8.01593399e+01
    7.81285172e+01 7.74381561e+01 7.84951324e+01 7.86464386e+01
    7.77765961e+01 8.12223129e+01 8.18519592e+01 7.93565063e+01
    7.95315857e+01 8.00772324e+01 7.79354553e+01 7.80636292e+01
    7.79212341e+01 7.71436996e+01 7.57002106e+01 7.56051254e+01
    7.59325562e+01 7.64189529e+01 7.69858780e+01 7.69401627e+01
    7.93911972e+01 8.06458054e+01 8.33623047e+01 7.75546417e+01
    7.63533020e+01 7.58328857e+01 7.78534851e+01 7.83538818e+01
    7.75986404e+01 7.54904556e+01 7.27693176e+01 7.41456375e+01
    7.61516876e+01 7.72067871e+01 7.62429581e+01 7.93538055e+01
    7.97755051e+01 8.13241196e+01 8.29909058e+01 8.31363831e+01
    8.14982071e+01 8.13413239e+01 8.12372284e+01 7.90088730e+01
    7.92232590e+01 8.00370178e+01 8.06000595e+01 7.97885437e+01
    8.01200867e+01 8.09667816e+01 8.19292755e+01 8.16538696e+01
    7.74647598e+01 8.01882477e+01 8.02569962e+01 7.93128052e+01
    7.92312469e+01 7.93004456e+01 7.66544342e+01 7.65204086e+01
    7.60107346e+01 7.57080078e+01 7.56583252e+01 7.57033539e+01
    7.55885239e+01 7.77345963e+01 7.75525055e+01 8.15717545e+01
    8.08424454e+01 8.16960526e+01 7.97178497e+01 8.07719421e+01
    8.04916534e+01 7.55189285e+01 7.53547668e+01 7.59157562e+01
    7.45432816e+01 7.45371017e+01 7.49667130e+01 7.39664383e+01
    7.63105774e+01 7.70079041e+01 8.19070206e+01 8.19168320e+01
    8.12651367e+01 7.96240082e+01 8.07078476e+01 7.98886490e+01
    7.93903503e+01 7.86715469e+01 7.84978714e+01 7.90885086e+01
    7.89032822e+01 7.90995178e+01 7.91834412e+01 8.08671188e+01
    8.10101395e+01 7.08991318e+01 7.07037811e+01 7.45411301e+01
    7.38822556e+01 7.35697250e+01 7.31143417e+01 7.47215424e+01
    7.32035904e+01 7.28862686e+01 7.38195267e+01 7.34548035e+01
    7.39042435e+01 7.45785370e+01 7.51986389e+01 7.39879379e+01
    7.59779968e+01 8.01315689e+01 8.24384460e+01 7.99272232e+01
    8.00042496e+01 7.96997681e+01 7.97234802e+01 7.75413513e+01
    7.66980972e+01 7.73830795e+01 7.68872299e+01 7.70395279e+01
    7.70696487e+01 7.86567001e+01 7.91015778e+01 6.69409485e+01
    6.80904465e+01 6.91656265e+01 6.90464935e+01 7.15123367e+01
    7.20718765e+01 7.23477020e+01 7.19623413e+01 7.14242249e+01
    7.17643280e+01 7.23376389e+01 7.28800049e+01 7.19890747e+01
    7.53722534e+01 7.50615311e+01 6.99457855e+01 6.94583359e+01
    7.23964615e+01 7.32619705e+01 7.57751160e+01 7.62409363e+01
    7.51591873e+01 7.47332458e+01 7.39209671e+01 7.30532303e+01
    7.24206696e+01 7.28451996e+01 7.30351257e+01 7.41173096e+01
    7.38406906e+01 7.97856827e+01 8.16382446e+01 8.11494141e+01
    7.60502625e+01 7.54131622e+01 7.54920502e+01 7.18151855e+01
    7.19088440e+01 7.18468857e+01 7.08260422e+01 7.04044800e+01
    7.10363007e+01 7.06882553e+01 7.27873459e+01 7.37928467e+01
    7.93839264e+01 8.31857300e+01 8.52273941e+01 8.60680771e+01
    8.89009323e+01 8.89542465e+01 8.21576920e+01 8.13720398e+01
    8.10406418e+01 8.05232925e+01 7.93819275e+01 8.02308655e+01
    8.03963852e+01 8.13702316e+01 8.12825623e+01 7.17039261e+01
    7.31990738e+01 7.61323700e+01 7.47881317e+01 7.47668915e+01
    7.47074280e+01 7.50505676e+01 7.47008438e+01 7.44418106e+01
    7.54017792e+01 7.60047836e+01 7.61204529e+01 7.54143372e+01
    7.81143646e+01 7.91371460e+01 7.81162567e+01 7.88391953e+01
    7.71877136e+01 7.59075775e+01 7.68827133e+01 7.77947540e+01
    7.81126099e+01 7.70271530e+01 7.62824173e+01 7.65539856e+01
    7.62282104e+01 7.65596008e+01 7.67801895e+01 7.84210739e+01
    7.85583725e+01 7.33737411e+01 7.35505371e+01 7.22386856e+01
    7.17580566e+01 7.20289841e+01 7.21828308e+01 7.08755646e+01
    7.09556808e+01 7.03355103e+01 7.14371338e+01 7.18450775e+01
    7.25868149e+01 7.20134277e+01 7.53163681e+01 7.59558105e+01
    7.00291061e+01 6.95881577e+01 6.92423706e+01 6.85083771e+01
    7.13280106e+01 7.19137497e+01 7.18403168e+01 7.18947830e+01
    7.09881973e+01 6.96584778e+01 6.97569580e+01 7.02407379e+01
    6.94289551e+01 7.13377762e+01 7.12292175e+01 5.25998116e+01
    7.32396698e+01 8.52178802e+01 8.08030472e+01 8.06746902e+01
    7.85389557e+01 8.24188385e+01 7.88887634e+01 7.69321060e+01
    7.70964813e+01 7.76262131e+01 7.80723267e+01 7.74190903e+01
    7.92985687e+01 8.08671722e+01 3.58703957e+01 6.79611969e+01
    7.91039276e+01 7.91505585e+01 8.13163300e+01 8.07860489e+01
    7.74314880e+01 7.57335739e+01 7.48368835e+01 7.29581680e+01
    7.24337769e+01 7.22518845e+01 7.19306717e+01 7.23110657e+01
    7.21841354e+01 5.71713943e+01 5.61046524e+01 5.57713318e+01
    5.58097992e+01 5.95815277e+01 6.00219688e+01 6.18265877e+01
    5.99039345e+01 5.91792641e+01 6.01861992e+01 5.96356010e+01
    6.05475159e+01 6.03662987e+01 6.27631721e+01 6.30666237e+01
    6.76627960e+01 7.19836426e+01 7.27472458e+01 7.21199036e+01
    7.28970947e+01 7.34532776e+01 7.23281021e+01 7.18820953e+01
    7.15961838e+01 7.13728409e+01 7.06787872e+01 7.09300079e+01
    7.13367767e+01 7.24328461e+01 7.15921478e+01 5.73641548e+01
    4.99153862e+01 6.36688995e+01 7.10775604e+01 7.64980927e+01
    7.91438904e+01 8.48483505e+01 8.46985779e+01 8.39164124e+01
    8.36921921e+01 8.38946762e+01 8.42229080e+01 8.33738327e+01
    8.55502319e+01 9.02672806e+01 6.87978745e+01 6.87412338e+01
    6.98837357e+01 6.98183823e+01 7.15496140e+01 7.20381012e+01
    7.20133896e+01 7.29158554e+01 7.24710693e+01 7.19883652e+01
    7.18781509e+01 7.22745438e+01 7.18343582e+01 7.36444626e+01
    7.32853546e+01 5.47929955e+01 5.36930351e+01 7.39965515e+01
    7.55030289e+01 7.80599060e+01 7.79487457e+01 8.12141876e+01
    7.89948883e+01 7.70818863e+01 7.55686417e+01 7.51397934e+01
    7.52635803e+01 7.45872803e+01 7.49305344e+01 7.49458160e+01
    5.52954636e+01 5.59459076e+01 6.76390991e+01 6.84056625e+01
    7.16537628e+01 7.06037598e+01 7.27688370e+01 7.21749344e+01
    7.01207581e+01 7.10340576e+01 7.18701782e+01 7.24840698e+01
    7.20626144e+01 7.44459610e+01 7.56796036e+01 5.97489929e+01
    5.08769493e+01 5.03230362e+01 4.81142578e+01 5.71641731e+01
    5.50242348e+01 6.97460709e+01 7.21213684e+01 6.87485428e+01
    7.30863190e+01 7.38626480e+01 7.46320801e+01 7.36722107e+01
    7.58888397e+01 7.69908218e+01 4.55725365e+01 6.61962891e+01
    7.10134430e+01 7.04246902e+01 7.21647720e+01 7.25096359e+01
    7.17014542e+01 7.10789642e+01 7.04705811e+01 6.86839523e+01
    6.79951859e+01 6.83465881e+01 6.76852570e+01 6.87517853e+01
    6.88902054e+01 7.19839935e+01 6.85727386e+01 6.84154205e+01
    6.70175781e+01 6.76934204e+01 6.78629074e+01 6.78176956e+01
    6.80294266e+01 6.77455826e+01 6.88513641e+01 6.86828232e+01
    6.90109253e+01 6.86024628e+01 7.12800446e+01 7.06403809e+01
    6.77590332e+01 7.30876389e+01 7.53944626e+01 7.45076828e+01
    7.52894058e+01 7.48847809e+01 7.39365692e+01 7.28815613e+01
    7.17777939e+01 7.29836197e+01 7.33013306e+01 7.39320221e+01
    7.32776031e+01 7.60558243e+01 7.66092987e+01 6.38879662e+01
    5.65736504e+01 5.83727074e+01 5.97664528e+01 6.21332550e+01
    6.48960648e+01 6.50838318e+01 7.21963730e+01 6.81121750e+01
    7.49871216e+01 7.73692932e+01 7.76404266e+01 7.70330963e+01
    7.90354462e+01 8.08254318e+01 6.62035217e+01 6.86562729e+01
    6.90917969e+01 6.76245956e+01 6.86145706e+01 6.86975708e+01
    6.90957031e+01 7.01682739e+01 7.01983032e+01 6.96991806e+01
    6.88988037e+01 6.90962906e+01 6.94450989e+01 7.02225952e+01
    6.96718903e+01 6.41253204e+01 5.82103462e+01 6.31274643e+01
    6.16654129e+01 6.69241486e+01 6.36497574e+01 7.15950317e+01
    7.02731628e+01 6.55303345e+01 6.80297699e+01 7.02584000e+01
    7.20258636e+01 6.91578674e+01 7.38089981e+01 7.60566711e+01
    6.43317261e+01 6.54074554e+01 6.33695068e+01 5.64467430e+01
    4.89811134e+01 4.84836349e+01 6.34493866e+01 7.11355896e+01
