<?xml version="1.0"?>
<opencv_storage>
<training_set_points type_id="opencv-matrix">
  <rows>76</rows>
  <cols>15</cols>
  <dt>f</dt>
  <data>
    7.78642197e+01 7.85143738e+01 7.71194077e+01 7.73200073e+01
    7.71086273e+01 7.70476151e+01 7.75765839e+01 7.76554413e+01
    7.59265442e+01 7.42772064e+01 7.48804932e+01 7.52962418e+01
    7.50975647e+01 7.43528748e+01 7.46119461e+01 8.66410446e+01
    8.60704651e+01 8.42923126e+01 8.33345108e+01 8.24584656e+01
    8.17169266e+01 8.15891113e+01 8.16075287e+01 8.00341721e+01
    7.85617828e+01 7.83573303e+01 7.84814301e+01 7.89990387e+01
    7.87288055e+01 7.88218231e+01 1.07593216e+02 1.07422630e+02
    1.06600327e+02 1.05926834e+02 1.05762634e+02 1.05169533e+02
    1.04309639e+02 1.04237625e+02 1.02726341e+02 1.01557556e+02
    1.00279297e+02 9.94427948e+01 9.98717346e+01 9.97302246e+01
    1.00190079e+02 9.82668915e+01 9.76435394e+01 9.68688965e+01
    9.62180023e+01 9.63424683e+01 9.63082809e+01 9.64746246e+01
    9.65633545e+01 9.51218033e+01 9.33262863e+01 9.27212372e+01
    9.26527176e+01 9.28191223e+01 9.27763519e+01 9.32193985e+01
    8.30271072e+01 8.49594879e+01 8.48224487e+01 8.45039825e+01
    8.41628647e+01 8.39598312e+01 8.34678345e+01 8.34904327e+01
    8.15687103e+01 8.01144714e+01 7.93528137e+01 7.90995789e+01
    7.91655960e+01 7.88547668e+01 7.93759689e+01 1.20268700e+02
    1.20587906e+02 1.19468842e+02 1.19831688e+02 1.20281097e+02
    1.20321930e+02 1.20698952e+02 1.21030624e+02 1.19534805e+02
    1.17841934e+02 1.18395081e+02 1.18233551e+02 1.18633110e+02
    1.19055786e+02 1.19026985e+02 9.24135971e+01 9.30184631e+01
    9.24172516e+01 9.19074631e+01 9.16327515e+01 9.13464890e+01
    9.06673126e+01 9.03651199e+01 8.86398849e+01 8.70924072e+01
    8.60703506e+01 8.56294022e+01 8.56051636e+01 8.48475342e+01
    8.50510101e+01 9.99035187e+01 1.00135834e+02 9.99921875e+01
    1.00100639e+02 1.00347733e+02 1.00413139e+02 1.01116608e+02
    1.01810402e+02 9.99750061e+01 9.85859146e+01 9.92230606e+01
    9.96010208e+01 1.00151184e+02 9.98627090e+01 1.00298286e+02
    1.15889282e+02 1.16280472e+02 1.17031151e+02 1.18026482e+02
    1.18754295e+02 1.20062149e+02 1.20475349e+02 1.21037483e+02
    1.19433861e+02 1.17947495e+02 1.18663879e+02 1.18899704e+02
    1.18666901e+02 1.18935677e+02 1.19085846e+02 9.80922318e+01
    9.88391495e+01 9.88370209e+01 9.87342834e+01 9.88221512e+01
    9.90309296e+01 9.92751160e+01 9.96417770e+01 9.78992386e+01
    9.58243713e+01 9.57158661e+01 9.60545425e+01 9.59829330e+01
    9.52774887e+01 9.55472336e+01 9.59469376e+01 9.71061249e+01
    9.78890839e+01 9.81962128e+01 9.85169754e+01 9.83702316e+01
    9.85724640e+01 9.85068359e+01 9.70805359e+01 9.52794800e+01
    9.47837143e+01 9.46745758e+01 9.48830032e+01 9.47372284e+01
    9.49470444e+01 9.31202774e+01 9.29202576e+01 9.26618958e+01
    9.24497299e+01 9.27809067e+01 9.34465637e+01 9.43487167e+01
    9.46955643e+01 9.30681076e+01 9.13052750e+01 9.18347549e+01
    9.24539261e+01 9.32485657e+01 9.31217270e+01 9.35715485e+01
    1.09402969e+02 1.10161888e+02 1.10277985e+02 1.10695496e+02
    1.11207695e+02 1.11474556e+02 1.11810356e+02 1.11868484e+02
    1.10256386e+02 1.08869568e+02 1.09120102e+02 1.08839859e+02
    1.08860008e+02 1.09158066e+02 1.09196556e+02 7.21308289e+01
    7.77385559e+01 8.64048767e+01 8.95659485e+01 9.10273514e+01
    9.17739334e+01 9.14046326e+01 9.17035065e+01 8.81781693e+01
    8.63273926e+01 8.58463898e+01 8.44471436e+01 8.37026520e+01
    8.20883865e+01 8.07349319e+01 9.12686920e+01 9.20346909e+01
    9.23913269e+01 9.25766296e+01 9.30223389e+01 9.28301239e+01
    9.28449783e+01 9.24642105e+01 9.05931396e+01 8.89967194e+01
    8.88845520e+01 8.88485413e+01 8.88753510e+01 8.89879379e+01
    8.90475235e+01 1.00473198e+02 1.00361443e+02 1.00317116e+02
    1.00062172e+02 1.00014641e+02 9.98362122e+01 9.93907623e+01
    9.93394699e+01 9.77003479e+01 9.58285446e+01 9.56429977e+01
    9.53389359e+01 9.54588394e+01 9.53045807e+01 9.55571289e+01
    6.59782028e+01 6.93162308e+01 7.51270676e+01 7.96567459e+01
    8.24176788e+01 8.40130234e+01 8.43483505e+01 8.46269150e+01
    8.30630722e+01 8.09685440e+01 8.04699554e+01 8.00297699e+01
    7.97270889e+01 7.91872711e+01 7.88237762e+01 1.10007027e+02
    1.10367607e+02 1.10255157e+02 1.10085785e+02 1.10191246e+02
    1.10175117e+02 1.10321007e+02 1.10451073e+02 1.09017441e+02
    1.07294617e+02 1.07061905e+02 1.07063934e+02 1.07011192e+02
    1.07078224e+02 1.07022217e+02 8.09279785e+01 8.36750641e+01
    9.05416412e+01 9.44579391e+01 9.55980453e+01 9.56386948e+01
    9.45740814e+01 9.42159576e+01 9.24204941e+01 9.01369858e+01
    8.91732101e+01 8.80208588e+01 8.73886032e+01 8.64424744e+01
    8.58091354e+01 9.38174591e+01 9.57555542e+01 9.55983887e+01
    9.52625656e+01 9.53092422e+01 9.47707291e+01 9.48114548e+01
    9.51034927e+01 9.33104172e+01 9.14751511e+01 9.16673279e+01
    9.15545044e+01 9.16664581e+01 9.15967712e+01 9.17774429e+01
    7.17668610e+01 7.87507401e+01 8.91892624e+01 9.48401566e+01
    9.78422165e+01 9.86523743e+01 9.85404434e+01 9.85831528e+01
    9.64911575e+01 9.42395935e+01 9.32864304e+01 9.22210846e+01
    9.12629395e+01 9.01933899e+01 8.90330200e+01 6.95143585e+01
    7.66751251e+01 8.64348755e+01 9.11950989e+01 9.27070160e+01
    9.24079361e+01 9.08092575e+01 8.94757614e+01 8.67124786e+01
    8.43743896e+01 8.15998001e+01 7.87725143e+01 7.68452606e+01
    7.54604340e+01 7.39216309e+01 9.73955917e+01 9.88285446e+01
    9.90797272e+01 9.87264633e+01 9.89789734e+01 9.92387314e+01
    9.87173843e+01 9.87295837e+01 9.67183380e+01 9.47651062e+01
    9.45799866e+01 9.43296127e+01 9.44597092e+01 9.42466965e+01
    9.45524445e+01 5.86156120e+01 6.38374901e+01 7.34610519e+01
    7.94677277e+01 8.24193497e+01 8.38669357e+01 8.50401382e+01
    8.55594788e+01 8.34872208e+01 8.10071182e+01 8.08091736e+01
    8.04249954e+01 7.96673813e+01 7.92658310e+01 7.76043701e+01
    6.64750061e+01 7.43031006e+01 8.64756241e+01 9.28693390e+01
    9.58973236e+01 9.68597183e+01 9.75093460e+01 9.73567200e+01
    9.54003525e+01 9.30104828e+01 9.25716400e+01 9.18928146e+01
    9.09831161e+01 9.03957291e+01 8.92921982e+01 7.03539047e+01
    7.94273071e+01 8.92158737e+01 9.40701370e+01 9.60514145e+01
    9.64150696e+01 9.67179489e+01 9.65723343e+01 9.44497910e+01
    9.18293991e+01 9.10698013e+01 9.08126373e+01 8.99965210e+01
    8.93988037e+01 8.80400009e+01 1.03190666e+02 1.04184052e+02
    1.04634773e+02 1.04355309e+02 1.04492279e+02 1.04375023e+02
    1.04454735e+02 1.04217705e+02 1.02804947e+02 1.01020607e+02
    1.00800652e+02 1.00638672e+02 1.00487770e+02 1.00748108e+02
    1.00525116e+02 6.86223145e+01 7.58992004e+01 8.67409821e+01
    9.17500305e+01 9.43650970e+01 9.59297333e+01 9.63652649e+01
    9.65466309e+01 9.42600861e+01 9.12738800e+01 9.02339325e+01
    8.88524628e+01 8.78600235e+01 8.57822189e+01 8.44588165e+01
    6.73765259e+01 7.47561493e+01 8.43074341e+01 8.85700531e+01
    9.22513046e+01 9.32684555e+01 9.39238129e+01 9.35932922e+01
    9.05231934e+01 8.80893555e+01 8.67645035e+01 8.50347977e+01
    8.36700974e+01 8.23550644e+01 8.10010757e+01 7.95357437e+01
    8.40985107e+01 9.06566925e+01 9.52733154e+01 9.87130356e+01
    1.01746307e+02 1.03580688e+02 1.05365425e+02 1.03980728e+02
    1.01865906e+02 1.02046753e+02 1.02959953e+02 1.03249969e+02
    1.02979683e+02 1.02776794e+02 6.56320877e+01 7.03527832e+01
    7.63431168e+01 8.12091675e+01 8.39977036e+01 8.64179611e+01
    8.70263443e+01 8.85223846e+01 8.83314972e+01 8.67474365e+01
    8.64202805e+01 8.64256592e+01 8.67446823e+01 8.63227386e+01
    8.62238388e+01 6.58081512e+01 7.32794724e+01 8.31153793e+01
    8.74750061e+01 8.99782562e+01 9.15383301e+01 9.22948532e+01
    9.24453812e+01 9.01447296e+01 8.74731750e+01 8.63996429e+01
    8.50169601e+01 8.39584885e+01 8.26334610e+01 8.12870178e+01
    7.10060730e+01 7.61349258e+01 8.39207153e+01 8.89186401e+01
    9.22363281e+01 9.49345779e+01 9.67463989e+01 9.82076187e+01
