<?xml version="1.0"?>
<opencv_storage>
<training_set_points type_id="opencv-matrix">
  <rows>92</rows>
  <cols>15</cols>
  <dt>f</dt>
  <data>
    9.28681412e+01 9.40850906e+01 9.50326843e+01 9.53728790e+01
    9.67391663e+01 9.72969437e+01 9.79716873e+01 9.83571472e+01
    9.82954865e+01 9.78621445e+01 9.75415649e+01 9.75555267e+01
    9.69334793e+01 9.70147705e+01 9.64690170e+01 1.17324646e+02
    1.18004547e+02 1.19144913e+02 1.20296448e+02 1.21461067e+02
    1.21525055e+02 1.21603790e+02 1.21288857e+02 1.20194466e+02
    1.19386757e+02 1.19062912e+02 1.18907684e+02 1.18723686e+02
    1.18900490e+02 1.19159439e+02 1.10090263e+02 1.10234940e+02
    1.11239807e+02 1.10997742e+02 1.11535385e+02 1.11255020e+02
    1.12120743e+02 1.12497612e+02 1.12176598e+02 1.11608070e+02
    1.11656906e+02 1.11674591e+02 1.11999107e+02 1.12275856e+02
    1.12365784e+02 1.17659927e+02 1.18464409e+02 1.15150703e+02
    1.14118706e+02 1.13438438e+02 1.12993065e+02 1.12792847e+02
    1.13318321e+02 1.13469299e+02 1.12884811e+02 1.12441490e+02
    1.12456215e+02 1.12690964e+02 1.12924797e+02 1.13369957e+02
    1.24408241e+02 1.24457329e+02 1.24433815e+02 1.24346649e+02
    1.24945328e+02 1.25344345e+02 1.25352020e+02 1.25659981e+02
    1.25511635e+02 1.24830750e+02 1.24189827e+02 1.24397987e+02
    1.24035446e+02 1.23881912e+02 1.24265297e+02 1.19201439e+02
    1.19454071e+02 1.20414734e+02 1.20746338e+02 1.20848305e+02
    1.21048195e+02 1.21680733e+02 1.21973251e+02 1.20929581e+02
    1.20316864e+02 1.20242928e+02 1.20178688e+02 1.20493500e+02
    1.20649521e+02 1.20670288e+02 8.49151535e+01 8.53467026e+01
    8.52946625e+01 8.55905228e+01 8.59125595e+01 8.62443619e+01
    8.62800980e+01 8.63409348e+01 8.61797104e+01 8.61348877e+01
    8.53197250e+01 8.51356277e+01 8.50034866e+01 8.48861160e+01
    8.51209793e+01 9.88300705e+01 9.91859131e+01 1.00564941e+02
    1.01299904e+02 1.01759705e+02 1.02261459e+02 1.02820877e+02
    1.03424240e+02 1.03353233e+02 1.03095375e+02 1.03287079e+02
    1.02911346e+02 1.02787338e+02 1.03293297e+02 1.02358887e+02
    1.21736473e+02 1.22051422e+02 1.22973671e+02 1.23161804e+02
    1.23698700e+02 1.23510033e+02 1.24229385e+02 1.24505302e+02
    1.23961761e+02 1.23449478e+02 1.23443672e+02 1.23545807e+02
    1.23980362e+02 1.24192032e+02 1.24853325e+02 1.15768417e+02
    1.15449615e+02 1.15882050e+02 1.15989487e+02 1.16410828e+02
    1.16549156e+02 1.16535797e+02 1.16920860e+02 1.16601746e+02
    1.15748833e+02 1.15460464e+02 1.15584282e+02 1.15647835e+02
    1.15299683e+02 1.16002640e+02 8.89365158e+01 8.95044327e+01
    8.95040512e+01 9.02372818e+01 9.03074265e+01 9.09330368e+01
    9.09476700e+01 9.12849350e+01 9.11397476e+01 9.06908340e+01
    9.00127869e+01 9.01701813e+01 8.97055740e+01 8.97894592e+01
    8.93769989e+01 1.20758125e+02 1.21028091e+02 1.21263573e+02
    1.21625542e+02 1.22508591e+02 1.22646210e+02 1.22528877e+02
    1.22126244e+02 1.22021530e+02 1.21665085e+02 1.21227661e+02
    1.21580048e+02 1.21462097e+02 1.21630058e+02 1.22259056e+02
    1.14539207e+02 1.15141037e+02 1.15844116e+02 1.15962524e+02
    1.16093987e+02 1.16488762e+02 1.16573265e+02 1.16690872e+02
    1.16161621e+02 1.15473030e+02 1.15421608e+02 1.15338394e+02
    1.15298187e+02 1.15237366e+02 1.15601425e+02 1.16492905e+02
    1.16437363e+02 1.17849785e+02 1.17984863e+02 1.18426819e+02
    1.18488029e+02 1.18812096e+02 1.19108131e+02 1.18386993e+02
    1.18088943e+02 1.18417786e+02 1.18133629e+02 1.18662743e+02
    1.18655876e+02 1.18853775e+02 8.70532990e+01 8.69409409e+01
    8.70297394e+01 8.73061371e+01 8.73625793e+01 8.76945724e+01
    8.78693161e+01 8.81487427e+01 8.77103729e+01 8.70910568e+01
    8.63554993e+01 8.66162338e+01 8.58712921e+01 8.60214539e+01
    8.62253494e+01 7.99369888e+01 8.03122482e+01 8.06753998e+01
    8.09449005e+01 8.05945206e+01 8.11117935e+01 8.09982910e+01
    8.06511536e+01 8.00003357e+01 7.94060059e+01 7.88969345e+01
    7.87951202e+01 7.89373779e+01 7.87225952e+01 7.95129623e+01
    1.18198212e+02 1.18492752e+02 1.18493385e+02 1.18460831e+02
    1.18700653e+02 1.18589317e+02 1.19233810e+02 1.19211937e+02
    1.18656639e+02 1.18534256e+02 1.18346649e+02 1.18334732e+02
    1.19205391e+02 1.19247009e+02 1.19738464e+02 1.16782608e+02
    1.16558647e+02 1.16437904e+02 1.16432922e+02 1.16296883e+02
    1.16712036e+02 1.16589897e+02 1.15939926e+02 1.15479950e+02
    1.14976669e+02 1.14610092e+02 1.14787704e+02 1.14491035e+02
    1.14339531e+02 1.13678490e+02 7.66119080e+01 7.67692261e+01
    7.58269577e+01 7.59577637e+01 7.60612717e+01 7.62830658e+01
    7.64004135e+01 7.66050034e+01 7.63167725e+01 7.54225464e+01
    7.50330276e+01 7.54165955e+01 7.52380600e+01 7.52790298e+01
    7.60569916e+01 1.19001617e+02 1.19900497e+02 1.20034500e+02
    1.19556999e+02 1.19030830e+02 1.18857353e+02 1.18012589e+02
    1.17507919e+02 1.16987541e+02 1.16393646e+02 1.16465866e+02
    1.16142448e+02 1.16330521e+02 1.16865700e+02 1.16355492e+02
    9.96962204e+01 1.00903008e+02 1.03248077e+02 1.02081047e+02
    1.02830284e+02 1.03766350e+02 1.03733444e+02 1.04750229e+02
    1.02635788e+02 1.03037209e+02 1.04287910e+02 1.01977859e+02
    1.03420967e+02 1.05052261e+02 1.01175919e+02 9.72990417e+01
    9.98440018e+01 1.03531937e+02 1.03082726e+02 1.03628174e+02
    1.03142593e+02 1.03901695e+02 1.03958122e+02 1.02688889e+02
    1.02647102e+02 1.03343765e+02 1.02941109e+02 1.03730026e+02
    1.04129807e+02 1.02699478e+02 7.44878311e+01 7.47121887e+01
    7.49093933e+01 7.45941772e+01 7.46482773e+01 7.48456116e+01
    7.54813385e+01 7.51529694e+01 7.48911438e+01 7.45122452e+01
    7.42349396e+01 7.42702332e+01 7.46305542e+01 7.45597992e+01
    7.52319107e+01 1.14336830e+02 1.15716049e+02 1.17865517e+02
    1.17881409e+02 1.18018806e+02 1.18674973e+02 1.17500885e+02
    1.16188431e+02 1.15011032e+02 1.14894203e+02 1.15267326e+02
    1.14550278e+02 1.15295944e+02 1.15989456e+02 1.14646767e+02
    9.36564484e+01 9.43100739e+01 9.64919586e+01 9.64020615e+01
    9.59704590e+01 9.64208832e+01 9.62554321e+01 9.64181747e+01
    9.54518585e+01 9.51753082e+01 9.53824768e+01 9.52201157e+01
    9.52231903e+01 9.57124634e+01 9.55587769e+01 1.11841148e+02
    1.11630753e+02 1.10565865e+02 1.10198730e+02 1.09230576e+02
    1.09736740e+02 1.09294327e+02 1.08998901e+02 1.07576599e+02
    1.07458893e+02 1.07802238e+02 1.06773613e+02 1.06933487e+02
    1.07206184e+02 1.04324638e+02 1.11078773e+02 1.12133003e+02
    1.12788841e+02 1.12957054e+02 1.12964111e+02 1.13693230e+02
    1.13149788e+02 1.12344780e+02 1.11397858e+02 1.10921234e+02
    1.10261208e+02 1.10239471e+02 1.10242821e+02 1.10444321e+02
    1.09212173e+02 1.13278824e+02 1.12194954e+02 1.12267975e+02
    1.12808624e+02 1.13352509e+02 1.13947784e+02 1.14214607e+02
    1.14086617e+02 1.13123276e+02 1.12836823e+02 1.13130043e+02
    1.12742874e+02 1.12943481e+02 1.13534714e+02 1.10719124e+02
    1.01647133e+02 1.03452965e+02 1.05524994e+02 1.06446648e+02
    1.06584351e+02 1.07421997e+02 1.05508278e+02 1.04285721e+02
    1.03003609e+02 1.02758705e+02 1.02625076e+02 1.02216736e+02
    1.02292358e+02 1.02918251e+02 1.00194099e+02 7.13659439e+01
    7.26127167e+01 7.56524963e+01 7.45074387e+01 7.39323654e+01
    7.48568878e+01 7.47892609e+01 7.49488831e+01 7.40900574e+01
    7.37653427e+01 7.38477325e+01 7.37802963e+01 7.43859253e+01
    7.51239090e+01 7.28983917e+01 7.80338593e+01 8.12145767e+01
    8.29083481e+01 8.38172989e+01 8.36687164e+01 8.45182800e+01
    8.43565979e+01 8.44653625e+01 8.29403992e+01 8.33616562e+01
    8.28314590e+01 8.23512268e+01 8.15013885e+01 8.18623657e+01
    7.73740463e+01 7.65439301e+01 7.73073044e+01 7.78051224e+01
    7.76752319e+01 7.80925522e+01 7.86783905e+01 7.87739334e+01
    7.88447037e+01 7.86368103e+01 7.78173065e+01 7.80513763e+01
    7.79418411e+01 7.80674896e+01 7.81144867e+01 7.83278580e+01
    5.88817940e+01 6.31398964e+01 6.68507156e+01 6.68888474e+01
    6.73464508e+01 6.84080887e+01 6.77512054e+01 6.79930267e+01
