<?xml version="1.0"?>
<opencv_storage>
<training_set_points type_id="opencv-matrix">
  <rows>81</rows>
  <cols>15</cols>
  <dt>f</dt>
  <data>
    6.65229721e+01 6.17730331e+01 5.67223091e+01 5.79429855e+01
    5.75353012e+01 5.86426697e+01 6.12063637e+01 6.10717926e+01
    6.14836311e+01 6.26774635e+01 6.31608734e+01 6.42722015e+01
    6.52095871e+01 6.53804321e+01 6.64442215e+01 4.63982506e+01
    4.56784515e+01 4.46784096e+01 4.56194229e+01 4.59232025e+01
    4.68319511e+01 4.76467285e+01 4.78206024e+01 4.82194176e+01
    4.85054550e+01 4.89261475e+01 4.94833908e+01 5.03522835e+01
    5.10608978e+01 5.18956642e+01 6.32289543e+01 6.39831238e+01
    6.48178711e+01 6.40424423e+01 6.50023193e+01 6.57816010e+01
    6.51009445e+01 6.68129349e+01 6.64982758e+01 6.59805603e+01
    6.66776199e+01 6.75306778e+01 6.86743469e+01 6.85204239e+01
    6.91013718e+01 6.18342056e+01 6.16643829e+01 5.97021141e+01
    5.99311104e+01 5.95928879e+01 6.05118484e+01 6.23430099e+01
    6.18304253e+01 6.19108582e+01 6.39236259e+01 6.46941528e+01
    6.55569916e+01 6.66373444e+01 6.54450607e+01 6.64281158e+01
    4.29823914e+01 4.76103592e+01 5.05720482e+01 4.99857597e+01
    5.10771790e+01 5.16597862e+01 4.96361694e+01 5.15574760e+01
    5.13120422e+01 4.67993050e+01 4.69279594e+01 4.26962395e+01
    4.17387199e+01 4.67933464e+01 4.43541946e+01 7.82871475e+01
    8.08488617e+01 8.25994492e+01 8.24312057e+01 8.22118759e+01
    8.21504745e+01 8.20088577e+01 8.22222290e+01 8.19189224e+01
    8.08047028e+01 8.10565643e+01 8.06731491e+01 8.06354523e+01
    8.07971039e+01 8.03629150e+01 6.65993195e+01 6.91939392e+01
    7.20377502e+01 7.05152969e+01 7.27096252e+01 7.37576447e+01
    7.17489548e+01 7.41045074e+01 7.41253357e+01 7.18940353e+01
    7.25645523e+01 7.30205688e+01 7.36808319e+01 7.52029800e+01
    7.60057297e+01 6.38355446e+01 6.85112228e+01 7.31308823e+01
    7.34543381e+01 7.45120392e+01 7.55849838e+01 7.49163055e+01
    7.64936371e+01 7.63324280e+01 7.42403259e+01 7.52840118e+01
    7.50053177e+01 7.48839569e+01 7.71671753e+01 7.71186600e+01
    6.93023148e+01 7.30409393e+01 7.67625351e+01 7.70409698e+01
    7.83309937e+01 7.97962646e+01 7.87060242e+01 8.04081802e+01
    7.97956238e+01 7.77367249e+01 7.85801468e+01 7.86272354e+01
    7.82162476e+01 8.00746155e+01 8.00969391e+01 6.37155342e+01
    6.81057358e+01 7.21141739e+01 7.19226608e+01 7.25665894e+01
    7.35766983e+01 7.36898193e+01 7.40570374e+01 7.42506256e+01
    7.37024612e+01 7.42761230e+01 7.50065613e+01 7.53208160e+01
    7.69735184e+01 7.81101913e+01 7.07271423e+01 7.31627350e+01
    7.58551178e+01 7.54701843e+01 7.65122375e+01 7.73427429e+01
    7.63093948e+01 7.76816406e+01 7.76239777e+01 7.53289642e+01
    7.58836212e+01 7.53767548e+01 7.54896698e+01 7.66906128e+01
    7.62972717e+01 6.67510757e+01 7.05576706e+01 7.36000977e+01
    7.20471649e+01 7.34563980e+01 7.42455292e+01 7.27018127e+01
    7.42605896e+01 7.39120255e+01 7.23350677e+01 7.28562927e+01
    7.31811981e+01 7.39362106e+01 7.44642181e+01 7.46572952e+01
    5.12670708e+01 5.41904984e+01 6.17224464e+01 6.00050621e+01
    6.18184013e+01 6.22947693e+01 5.90398445e+01 6.16823692e+01
    6.10903282e+01 5.65558319e+01 5.70524712e+01 5.33390961e+01
    5.22790985e+01 5.65362434e+01 5.23511734e+01 7.45083618e+01
    6.66311951e+01 6.69658737e+01 6.53454895e+01 7.02374268e+01
    7.06659698e+01 7.90850525e+01 7.45351105e+01 7.97434311e+01
    7.97642593e+01 7.79042511e+01 7.64399109e+01 7.79879303e+01
    8.47353058e+01 8.40574951e+01 1.09459747e+02 8.00671692e+01
    8.11785736e+01 1.09669701e+02 1.07104935e+02 1.05274208e+02
    7.95990448e+01 9.52341461e+01 8.89525146e+01 8.02458725e+01
    8.13669891e+01 8.05989761e+01 7.97941666e+01 8.30203476e+01
    7.97297668e+01 6.92170639e+01 7.04120941e+01 7.23713379e+01
    7.23221741e+01 7.21550446e+01 7.19871674e+01 7.26023254e+01
    7.19801865e+01 7.20149384e+01 7.17085419e+01 7.13910141e+01
    7.20577469e+01 7.22272644e+01 7.13738022e+01 7.22589111e+01
    9.79216080e+01 8.15194931e+01 1.08858925e+02 8.91008759e+01
    8.96423492e+01 8.64526749e+01 7.93524780e+01 8.10813751e+01
    8.06805115e+01 7.93003998e+01 8.31282043e+01 7.95713654e+01
    7.95974197e+01 7.97850113e+01 7.97685547e+01 7.16048126e+01
    6.90343018e+01 6.80478210e+01 6.75778656e+01 6.84888306e+01
    6.90074692e+01 6.76925812e+01 6.86797485e+01 6.89049530e+01
    6.71661530e+01 6.73198166e+01 6.77688065e+01 6.84856491e+01
    6.78782654e+01 6.81346130e+01 1.04877731e+02 8.44069214e+01
    7.64873962e+01 7.52579498e+01 7.51966324e+01 7.53878250e+01
    7.59876709e+01 7.63429489e+01 7.62651978e+01 7.68263092e+01
    7.57953491e+01 7.75390549e+01 7.63383865e+01 7.77524796e+01
    7.92991257e+01 8.24460907e+01 1.05846725e+02 8.79353714e+01
    7.77031021e+01 7.96321106e+01 7.90753555e+01 7.95375977e+01
    7.74313965e+01 8.18871155e+01 7.98750534e+01 7.82605286e+01
    7.92385941e+01 7.84515305e+01 8.76240997e+01 8.77378845e+01
    5.17750092e+01 5.43535385e+01 5.76125031e+01 5.69509811e+01
    5.76901093e+01 5.82926750e+01 5.72414932e+01 5.82960587e+01
    5.80903473e+01 5.65242157e+01 5.67229309e+01 5.71556740e+01
    5.75923920e+01 5.80562515e+01 5.81033516e+01 8.31904297e+01
    8.22950974e+01 7.81942139e+01 7.61158600e+01 7.83923569e+01
    7.95533447e+01 7.72198105e+01 7.95265961e+01 7.97717133e+01
    7.71169891e+01 7.81217422e+01 7.90154953e+01 7.98877487e+01
    8.09446106e+01 8.37111359e+01 6.35243874e+01 6.55114441e+01
    6.85677414e+01 6.82558594e+01 6.93552017e+01 7.05455933e+01
    7.08511047e+01 7.14479904e+01 7.19756470e+01 7.33830566e+01
    7.50447083e+01 7.69270935e+01 8.01516647e+01 7.64783630e+01
    7.75856323e+01 5.55386429e+01 5.94803429e+01 6.16905556e+01
    6.09925537e+01 6.13777542e+01 6.17225227e+01 6.12560921e+01
    6.20139313e+01 6.13025131e+01 6.04906425e+01 6.11765671e+01
    6.14867859e+01 6.22789764e+01 6.19088478e+01 6.21780014e+01
    1.25273033e+02 9.28131027e+01 8.07161484e+01 8.02633667e+01
    8.45929413e+01 8.54072876e+01 8.20119247e+01 8.42966003e+01
    8.55742188e+01 8.20018082e+01 8.48643646e+01 8.32486343e+01
    8.40035477e+01 8.80242233e+01 8.75259705e+01 9.03895187e+01
    8.05703583e+01 8.30682144e+01 9.08664551e+01 8.17491608e+01
    8.14494553e+01 7.85540390e+01 8.05170288e+01 8.00335541e+01
    7.98478317e+01 8.18634491e+01 8.19850235e+01 8.60102234e+01
    8.25303116e+01 8.59079132e+01 8.04263306e+01 7.64655914e+01
    7.42958527e+01 7.41348801e+01 7.50116806e+01 7.66956787e+01
    8.00516357e+01 7.90312500e+01 8.03313828e+01 8.32404099e+01
    8.40153351e+01 8.57916946e+01 8.61434326e+01 8.81124496e+01
    8.86784210e+01 6.61794662e+01 6.81064835e+01 6.96984711e+01
    7.06458588e+01 7.17993240e+01 7.28990250e+01 7.65153046e+01
    7.64381561e+01 7.73027725e+01 8.09440689e+01 8.23746185e+01
    8.32205582e+01 8.45066528e+01 8.47546234e+01 8.46029816e+01
    6.72124252e+01 6.91081467e+01 7.05450363e+01 7.00153885e+01
    7.05490341e+01 7.07792816e+01 6.97478485e+01 6.99669800e+01
    6.98185577e+01 6.86120834e+01 6.89199219e+01 6.92971802e+01
    6.97347946e+01 6.89867554e+01 6.90009079e+01 9.04419174e+01
    8.38470917e+01 7.57081985e+01 7.57059937e+01 7.70758438e+01
    7.85829620e+01 8.12773209e+01 8.14748154e+01 8.28110123e+01
    8.43375626e+01 8.57015533e+01 8.66279907e+01 8.81986465e+01
    8.87105713e+01 8.89206161e+01 9.24513855e+01 8.33212891e+01
    8.09427490e+01 8.33004761e+01 8.33467560e+01 8.44913254e+01
    8.82603912e+01 8.93106003e+01 8.96863708e+01 9.00447540e+01
    9.34069061e+01 8.95822144e+01 8.93525620e+01 9.11169586e+01
    8.93629074e+01 6.44878159e+01 6.19353867e+01 6.71452103e+01
    6.85890579e+01 7.00007629e+01 7.18946152e+01 7.40985107e+01
    7.52381668e+01 7.62330093e+01 7.74362869e+01 7.80559769e+01
    7.80805283e+01 7.77347183e+01 8.15460281e+01 8.28085175e+01
    7.26549759e+01 8.23497925e+01 8.19334869e+01 7.59630432e+01
    7.97629700e+01 8.05551376e+01 8.27186890e+01 8.32809448e+01
