<?xml version="1.0"?>
<opencv_storage>
<training_set_points type_id="opencv-matrix">
  <rows>84</rows>
  <cols>15</cols>
  <dt>f</dt>
  <data>
    1.03390022e+02 1.04183060e+02 1.05080666e+02 1.05045525e+02
    1.05456894e+02 1.06052132e+02 1.09892288e+02 1.07118164e+02
    1.07006859e+02 1.07197861e+02 1.07708725e+02 1.07343735e+02
    1.08261742e+02 1.08506416e+02 1.09091072e+02 1.14344742e+02
    1.16554962e+02 1.20389236e+02 1.26009377e+02 1.33656464e+02
    1.42201843e+02 1.40652985e+02 1.30034653e+02 1.27188545e+02
    1.25146759e+02 1.23584206e+02 1.23776657e+02 1.23373131e+02
    1.24345444e+02 1.24629356e+02 1.01352150e+02 1.01799309e+02
    1.01576630e+02 1.00626930e+02 1.01423874e+02 1.02681580e+02
    1.06094330e+02 1.03527336e+02 1.02558800e+02 1.01024750e+02
    1.02084641e+02 1.02908798e+02 1.02143066e+02 1.02233276e+02
    1.03304474e+02 1.17181328e+02 1.18503426e+02 1.19180161e+02
    1.20296280e+02 1.20662247e+02 1.21044205e+02 1.23079849e+02
    1.22019623e+02 1.21845718e+02 1.21693665e+02 1.21818787e+02
    1.21446373e+02 1.22650955e+02 1.22229088e+02 1.23050278e+02
    1.02539833e+02 1.03018753e+02 1.02235741e+02 1.01670021e+02
    1.02431259e+02 1.03113106e+02 1.07199478e+02 1.04313911e+02
    1.03292984e+02 1.02652283e+02 1.02984306e+02 1.03399452e+02
    1.03047424e+02 1.03411964e+02 1.03883354e+02 7.98089752e+01
    8.08400192e+01 8.17603378e+01 8.24508591e+01 8.40994263e+01
    8.55178680e+01 9.30400238e+01 8.87787094e+01 9.02983246e+01
    9.23533401e+01 9.37105942e+01 9.51130600e+01 9.88008270e+01
    1.01017952e+02 1.02280891e+02 9.30962219e+01 9.36854401e+01
    9.35054626e+01 9.27357330e+01 9.34433441e+01 9.43774033e+01
    9.95415649e+01 9.56801071e+01 9.51604614e+01 9.47733917e+01
    9.56372757e+01 9.59333115e+01 9.56428604e+01 9.65994873e+01
    9.76358566e+01 1.21595146e+02 1.21964081e+02 1.21155128e+02
    1.20427750e+02 1.20522667e+02 1.20367424e+02 1.22404854e+02
    1.20710228e+02 1.19810501e+02 1.18936867e+02 1.19699715e+02
    1.19529884e+02 1.19143776e+02 1.19107307e+02 1.19525940e+02
    9.68201218e+01 9.41072235e+01 9.33927231e+01 9.38052979e+01
    9.46147461e+01 9.62486725e+01 9.76307678e+01 9.86533585e+01
    9.89642868e+01 9.85509109e+01 9.90951996e+01 1.00742371e+02
    1.00317802e+02 1.00806595e+02 1.01329147e+02 7.95622482e+01
    8.05406799e+01 8.15478210e+01 8.18599854e+01 8.30972977e+01
    8.49203339e+01 9.20825882e+01 8.73776932e+01 8.85235443e+01
    8.89786758e+01 9.05955658e+01 9.12620316e+01 9.17181778e+01
    9.27549133e+01 9.40774765e+01 8.71257629e+01 8.75737000e+01
    8.74649658e+01 8.73077087e+01 8.82336502e+01 8.97268524e+01
    9.08835373e+01 9.20821609e+01 9.23614807e+01 9.31811142e+01
    9.41777954e+01 9.49157333e+01 9.69462967e+01 9.76077576e+01
    9.83103409e+01 8.45826187e+01 8.50573502e+01 8.45285339e+01
    8.43985291e+01 8.54591904e+01 8.70386200e+01 9.38912811e+01
    8.91990051e+01 9.00239105e+01 9.06293945e+01 9.13214264e+01
    9.24094696e+01 9.34349899e+01 9.47083435e+01 9.57465286e+01
    1.03318237e+02 1.03569710e+02 1.02415077e+02 1.00528618e+02
    9.99831238e+01 1.00152756e+02 1.04214111e+02 1.00934166e+02
    9.94043350e+01 9.92703476e+01 1.00101364e+02 9.98090057e+01
    9.94467087e+01 9.95587921e+01 1.00139343e+02 9.00582581e+01
    9.03101730e+01 8.90713272e+01 8.88947601e+01 8.96442795e+01
    9.07269897e+01 9.68274994e+01 9.29242554e+01 9.31076584e+01
    9.38619995e+01 9.49336853e+01 9.53925323e+01 9.64516907e+01
    9.75875244e+01 9.81045074e+01 7.42324753e+01 7.50254822e+01
    7.65246124e+01 7.70357666e+01 7.90431976e+01 8.11672745e+01
    8.85695496e+01 8.40760193e+01 8.49465256e+01 8.46243744e+01
    8.53104935e+01 8.66149368e+01 8.59972763e+01 8.67176971e+01
    8.79340744e+01 7.66469345e+01 7.61576538e+01 7.67209244e+01
    7.72934647e+01 7.79286041e+01 7.86840744e+01 8.62936172e+01
    8.04209442e+01 8.08196716e+01 8.06232910e+01 8.13818512e+01
    8.22348557e+01 8.30207443e+01 8.37271881e+01 8.45613632e+01
    8.14360428e+01 8.14625549e+01 8.24508438e+01 8.32322083e+01
    8.54961472e+01 8.71284256e+01 8.88988571e+01 8.98391876e+01
    8.98857956e+01 9.09056320e+01 9.13532715e+01 9.15650253e+01
    9.25793152e+01 9.28919678e+01 9.34656906e+01 6.86389084e+01
    6.86544724e+01 6.88886185e+01 6.86016312e+01 6.97412872e+01
    7.13627625e+01 7.99499207e+01 7.35685120e+01 7.46590271e+01
    7.51918488e+01 7.65067368e+01 7.72092972e+01 7.82416229e+01
    7.89034271e+01 8.03388672e+01 8.24455338e+01 8.14002686e+01
    8.17450180e+01 8.19712448e+01 8.27387238e+01 8.40135956e+01
    8.49286118e+01 8.58090515e+01 8.57149963e+01 8.49545517e+01
    8.58576660e+01 8.63431396e+01 8.57930756e+01 8.65482864e+01
    8.74096222e+01 1.17094070e+02 1.18035881e+02 1.18703873e+02
    1.19239380e+02 1.20907173e+02 1.21130768e+02 1.23784691e+02
    1.23337364e+02 1.22478706e+02 1.22540985e+02 1.23147621e+02
    1.22788673e+02 1.23104263e+02 1.23707359e+02 1.24585564e+02
    5.76222878e+01 6.56200562e+01 7.05109940e+01 7.57377548e+01
    7.91451416e+01 7.95960693e+01 8.31539917e+01 8.41723785e+01
    8.44414444e+01 8.75324554e+01 8.99120331e+01 9.05043488e+01
    9.39903564e+01 9.47145462e+01 9.52592010e+01 5.64998169e+01
    6.58715820e+01 7.21424942e+01 7.69949722e+01 7.97923050e+01
    8.21551208e+01 8.49151001e+01 8.70637894e+01 8.83213806e+01
    9.20911484e+01 9.37561874e+01 9.55359726e+01 9.76451035e+01
    9.99756927e+01 1.00284782e+02 6.16587830e+01 6.66054306e+01
    7.33316345e+01 7.71242905e+01 8.10893173e+01 8.42246170e+01
    8.64017639e+01 8.94003067e+01 9.18219833e+01 9.30394135e+01
    9.48750153e+01 9.68358154e+01 9.89073715e+01 9.99819107e+01
    1.01451797e+02 5.39357796e+01 6.03190727e+01 6.54534836e+01
    6.98792725e+01 7.37505188e+01 7.54307556e+01 7.89354172e+01
    8.05379333e+01 8.14898605e+01 8.40809097e+01 8.53717957e+01
    8.60719299e+01 8.90898285e+01 9.01331863e+01 9.08007812e+01
    7.54247437e+01 8.12003860e+01 8.57434692e+01 9.05779648e+01
    9.40111465e+01 9.66755142e+01 1.00741974e+02 1.02610130e+02
    1.04360550e+02 1.08893837e+02 1.09617622e+02 1.11700233e+02
    1.16336731e+02 1.17797783e+02 1.18752579e+02 7.55189362e+01
    7.70057068e+01 7.81775894e+01 7.99139709e+01 8.17004166e+01
    8.32863770e+01 8.43126831e+01 8.58758469e+01 8.55920258e+01
    8.55948257e+01 8.65007935e+01 8.78059464e+01 8.78401871e+01
    8.80120850e+01 8.98166199e+01 7.29820862e+01 7.52981949e+01
    7.98003769e+01 8.35713654e+01 8.69884338e+01 9.04483109e+01
    9.41557236e+01 9.66781616e+01 9.88110657e+01 1.01982010e+02
    1.04219978e+02 1.05705544e+02 1.09807335e+02 1.11439125e+02
    1.12783485e+02 6.45106812e+01 6.63013763e+01 7.12085876e+01
    7.49178696e+01 7.90715942e+01 8.15057373e+01 8.48748169e+01
    8.78068237e+01 8.98523254e+01 9.28709869e+01 9.43546600e+01
    9.64632339e+01 9.87298889e+01 1.00421127e+02 1.01312187e+02
    5.14617348e+01 5.99006500e+01 6.62801285e+01 7.20839996e+01
    7.50202713e+01 7.55715714e+01 8.45456314e+01 7.84372177e+01
    7.92435684e+01 8.32940521e+01 8.27514191e+01 8.29716644e+01
    8.77998276e+01 8.91626129e+01 8.80178757e+01 5.10014839e+01
    5.72636452e+01 6.21048660e+01 6.53755646e+01 6.86315918e+01
    7.07883377e+01 8.12794113e+01 7.55148087e+01 7.67135162e+01
    7.84903564e+01 7.99548340e+01 8.04208984e+01 8.31402893e+01
    8.45808487e+01 8.34528961e+01 8.49949188e+01 8.77502518e+01
    9.31133194e+01 9.76806259e+01 1.02390915e+02 1.05934692e+02
    1.09641869e+02 1.12280510e+02 1.14230820e+02 1.16148537e+02
    1.18844292e+02 1.20541931e+02 1.22761154e+02 1.22800117e+02
    1.24606544e+02 8.35274048e+01 8.52862396e+01 9.02488632e+01
    9.47219391e+01 9.87803116e+01 1.02328995e+02 1.06413574e+02
    1.09110855e+02 1.11371643e+02 1.14375122e+02 1.16127083e+02
    1.18314354e+02 1.22014748e+02 1.24149300e+02 1.25709740e+02
    6.63533707e+01 6.74589691e+01 7.12326584e+01 7.35567780e+01
    7.69183578e+01 7.86199493e+01 8.19099503e+01 8.27849121e+01
