<?xml version="1.0"?>
<opencv_storage>
<training_set_points type_id="opencv-matrix">
  <rows>94</rows>
  <cols>15</cols>
  <dt>f</dt>
  <data>
    8.62902451e+01 8.81759872e+01 9.15361557e+01 9.09409103e+01
    9.26364441e+01 9.44744797e+01 9.39676743e+01 9.56612167e+01
    9.52317200e+01 9.27874603e+01 9.22592239e+01 9.32135391e+01
    9.56637192e+01 9.27574081e+01 9.50994720e+01 8.37790070e+01
    8.62084885e+01 8.81994553e+01 8.84137421e+01 9.01665421e+01
    9.21038818e+01 9.32307434e+01 9.34843903e+01 9.17826996e+01
    8.96490326e+01 9.01634979e+01 9.05491562e+01 8.97663269e+01
    9.05291443e+01 8.99286728e+01 9.94749527e+01 1.01670334e+02
    1.03505775e+02 1.03121613e+02 1.04641403e+02 1.06056229e+02
    1.07183449e+02 1.07431587e+02 1.05566238e+02 1.03874802e+02
    1.04591568e+02 1.04557793e+02 1.03912460e+02 1.04860504e+02
    1.04284492e+02 8.46732483e+01 8.57549057e+01 8.95681915e+01
    8.91521912e+01 9.14617920e+01 9.35120621e+01 9.43193359e+01
    9.54347763e+01 9.38002701e+01 9.24307861e+01 9.28111038e+01
    9.33842087e+01 9.31568604e+01 9.35060654e+01 9.35596619e+01
    8.36563187e+01 8.71289978e+01 8.89720078e+01 8.92678833e+01
    9.14347610e+01 9.42672577e+01 9.57110596e+01 9.65342865e+01
    9.51156158e+01 9.35379715e+01 9.45766754e+01 9.49469147e+01
    9.37608109e+01 9.53162308e+01 9.47927399e+01 1.04982376e+02
    1.06057365e+02 1.07394592e+02 1.06376190e+02 1.08672676e+02
    1.09680634e+02 1.10684624e+02 1.11750214e+02 1.10155052e+02
    1.08440659e+02 1.08963646e+02 1.09409538e+02 1.09737625e+02
    1.09271729e+02 1.09938301e+02 8.55679398e+01 8.77989426e+01
    8.61830750e+01 8.49008942e+01 8.52019501e+01 8.65036545e+01
    8.78467102e+01 8.71411743e+01 8.42110214e+01 8.34302826e+01
    8.46063080e+01 8.30889359e+01 8.18010254e+01 8.38452301e+01
    8.22059174e+01 8.93235168e+01 8.91989288e+01 9.15115433e+01
    9.04346390e+01 9.23299789e+01 9.45800476e+01 9.48741913e+01
    9.55493622e+01 9.48865738e+01 9.25112000e+01 9.27238770e+01
    9.33538666e+01 9.45101089e+01 9.38742294e+01 9.53200150e+01
    1.12686150e+02 1.15727531e+02 1.16035294e+02 1.15104462e+02
    1.15537987e+02 1.16928207e+02 1.18261070e+02 1.17553268e+02
    1.14568718e+02 1.13288673e+02 1.14272202e+02 1.13271622e+02
    1.10418625e+02 1.12483536e+02 1.10914200e+02 9.66754837e+01
    9.79204559e+01 9.88296814e+01 9.80985031e+01 9.92411499e+01
    1.00766037e+02 1.01272995e+02 1.01451828e+02 9.97560959e+01
    9.83258820e+01 9.90009918e+01 9.91743240e+01 9.69359360e+01
    1.00213501e+02 9.94823380e+01 9.11992569e+01 9.33240585e+01
    9.37559509e+01 9.20711517e+01 9.38531265e+01 9.52016907e+01
    9.67241440e+01 9.66106949e+01 9.51713791e+01 9.36574249e+01
    9.40301208e+01 9.45834274e+01 9.50382385e+01 9.45570679e+01
    9.48986816e+01 1.11876350e+02 1.13348755e+02 1.14318611e+02
    1.12768501e+02 1.13946136e+02 1.15497498e+02 1.16479103e+02
    1.17549217e+02 1.16149033e+02 1.14135788e+02 1.14846260e+02
    1.15499756e+02 1.15392830e+02 1.15091064e+02 1.15223328e+02
    9.26986160e+01 9.60815125e+01 9.70479584e+01 9.63593292e+01
    9.85935135e+01 1.00555916e+02 1.01518875e+02 1.02414452e+02
    1.00623390e+02 9.95388870e+01 1.00508263e+02 1.00948738e+02
    9.98801575e+01 1.01265251e+02 1.00972916e+02 8.79868088e+01
    8.96592712e+01 9.09162750e+01 8.92626801e+01 9.00934906e+01
    9.21248245e+01 9.25915298e+01 9.24844666e+01 9.08213959e+01
    8.90633545e+01 8.97364578e+01 8.99409409e+01 8.93374023e+01
    9.08423309e+01 9.07564163e+01 1.18654816e+02 1.21939743e+02
    1.24619286e+02 1.22376404e+02 1.22732773e+02 1.22977669e+02
    1.21702652e+02 1.20866959e+02 1.18173737e+02 1.15345428e+02
    1.14851974e+02 1.13701775e+02 1.13262375e+02 1.11507088e+02
    1.11962761e+02 9.51837540e+01 9.59289703e+01 9.70978928e+01
    9.64774323e+01 9.82414932e+01 9.94944458e+01 1.01126389e+02
    1.02073372e+02 1.00921928e+02 9.91677780e+01 9.96725311e+01
    1.00007309e+02 1.00144356e+02 1.00206604e+02 1.00622345e+02
    9.98424606e+01 9.95118942e+01 9.88686447e+01 9.68852463e+01
    9.68241425e+01 9.78275299e+01 9.76471176e+01 9.82521515e+01
    9.69740143e+01 9.47094269e+01 9.49902496e+01 9.63290024e+01
    9.72461166e+01 9.59177322e+01 9.72750931e+01 9.14976959e+01
    9.25691910e+01 9.34801636e+01 9.22714539e+01 9.32251205e+01
    9.51275177e+01 9.50336151e+01 9.55236588e+01 9.39586334e+01
    9.22382812e+01 9.24765091e+01 9.33727646e+01 9.35769958e+01
    9.37401199e+01 9.45768509e+01 1.02379143e+02 1.03936440e+02
    1.03315430e+02 1.02133713e+02 1.02849159e+02 1.03678131e+02
    1.05652405e+02 1.05686951e+02 1.02870491e+02 1.02060326e+02
    1.03398994e+02 1.02880577e+02 1.02827179e+02 1.02239342e+02
    1.01264771e+02 8.91236649e+01 9.00866241e+01 9.04088135e+01
    8.87537079e+01 8.97066650e+01 9.17259674e+01 9.26533508e+01
    9.28164520e+01 9.15660782e+01 9.01770630e+01 9.11671143e+01
    9.17801361e+01 8.96082687e+01 9.24196777e+01 9.14008102e+01
    8.04549484e+01 7.95621796e+01 8.12608566e+01 7.99598236e+01
    8.19998322e+01 8.39089279e+01 8.48174057e+01 8.61227798e+01
    8.55069351e+01 8.36954193e+01 8.45568924e+01 8.52804565e+01
    8.59109344e+01 8.52305756e+01 8.58706970e+01 9.29072723e+01
    9.41832657e+01 9.54786530e+01 9.37093811e+01 9.52369461e+01
    9.69146957e+01 9.78979568e+01 9.81907654e+01 9.68588333e+01
    9.49936142e+01 9.57397690e+01 9.60128326e+01 9.55723343e+01
    9.64237289e+01 9.63077011e+01 9.54768524e+01 9.69888077e+01
    9.69063110e+01 9.60208054e+01 9.74836502e+01 9.91341476e+01
    9.99453278e+01 1.00275032e+02 9.86558380e+01 9.73720245e+01
    9.80501022e+01 9.83853226e+01 9.84892807e+01 9.84947968e+01
    9.86619949e+01 8.57117386e+01 8.69869385e+01 8.70976791e+01
    8.49961472e+01 8.78083267e+01 8.89433594e+01 9.00968323e+01
    9.10556335e+01 9.00248032e+01 8.87393799e+01 8.93880234e+01
    8.95678482e+01 9.08317337e+01 8.93037415e+01 8.97126312e+01
    7.15001984e+01 7.26789398e+01 7.39793930e+01 7.27731476e+01
    7.44397888e+01 7.50742188e+01 7.59755707e+01 7.69795990e+01
    7.59531479e+01 7.40828629e+01 7.41653900e+01 7.53479233e+01
    7.74338989e+01 7.56622391e+01 7.74850082e+01 9.24147415e+01
    9.04626465e+01 9.18899384e+01 8.97792511e+01 9.12177811e+01
    9.30634155e+01 9.34887238e+01 9.42877655e+01 9.35133209e+01
    9.07368011e+01 9.15375824e+01 9.17739182e+01 9.30069580e+01
    9.22861938e+01 9.35273361e+01 9.15776901e+01 9.17837601e+01
    8.98341827e+01 8.76309509e+01 8.78746719e+01 8.90762177e+01
    8.95532608e+01 8.94808807e+01 8.79579391e+01 8.61002655e+01
    8.68880539e+01 8.73622589e+01 8.59792099e+01 8.68362122e+01
    8.64427643e+01 1.08752831e+02 1.10452156e+02 1.11767303e+02
    1.10275131e+02 1.11633835e+02 1.12593155e+02 1.13377060e+02
    1.13954422e+02 1.12490982e+02 1.10447533e+02 1.10769272e+02
    1.10915230e+02 1.10422302e+02 1.10801315e+02 1.10928436e+02
    6.36232224e+01 6.29338036e+01 6.56909485e+01 6.42462082e+01
    6.50908585e+01 6.70338516e+01 6.66121216e+01 6.74525299e+01
    6.82426605e+01 6.53165436e+01 6.49820786e+01 6.67595139e+01
    6.82976837e+01 6.79335098e+01 7.05733337e+01 7.20506821e+01
    6.71319427e+01 7.27015915e+01 6.91139145e+01 7.26568222e+01
    7.45514297e+01 7.35381317e+01 7.53265076e+01 7.67985535e+01
    7.35759583e+01 7.30533752e+01 7.57997589e+01 7.84321976e+01
    7.61782227e+01 8.06059189e+01 8.87215347e+01 8.27026367e+01
    8.82504730e+01 8.47811050e+01 8.76154480e+01 8.93868713e+01
    8.79571304e+01 8.87983322e+01 8.94743805e+01 8.61606293e+01
    8.53578110e+01 8.70076294e+01 8.80127563e+01 8.79645996e+01
    9.05787048e+01 7.62249985e+01 7.82203598e+01 7.92999420e+01
    7.86165466e+01 7.92813568e+01 8.07544556e+01 8.18438110e+01
    8.16888275e+01 7.97008820e+01 7.86505508e+01 7.94585419e+01
    7.90451050e+01 7.92449646e+01 7.98007507e+01 7.93909302e+01
    6.94814148e+01 7.11586151e+01 7.07526474e+01 7.03440933e+01
    6.97617798e+01 7.09221497e+01 7.22842789e+01 7.08952560e+01
