<?xml version="1.0"?>
<opencv_storage>
<training_set_points type_id="opencv-matrix">
  <rows>84</rows>
  <cols>15</cols>
  <dt>f</dt>
  <data>
    5.79135323e+01 5.61224251e+01 5.58198242e+01 5.77666969e+01
    5.87773705e+01 5.84495735e+01 5.97236862e+01 5.93429756e+01
    5.97798958e+01 5.84034233e+01 5.80430374e+01 5.82958755e+01
    5.75034523e+01 5.84115143e+01 5.72011490e+01 4.77044067e+01
    4.81257477e+01 4.84083138e+01 4.96959763e+01 5.05760498e+01
    5.08713036e+01 5.13609962e+01 5.11070633e+01 5.19969368e+01
    5.17389526e+01 5.00687485e+01 5.09650269e+01 5.12754669e+01
    5.23996887e+01 5.10679245e+01 4.41216278e+01 4.44593849e+01
    4.53038864e+01 4.58115616e+01 4.65740929e+01 4.69457016e+01
    4.72115707e+01 4.72871361e+01 4.77743950e+01 4.58379707e+01
    4.47917900e+01 4.46220589e+01 4.51076431e+01 4.46049843e+01
    4.48865051e+01 9.08057785e+01 1.09159729e+02 1.11001877e+02
    9.88912811e+01 9.62856827e+01 1.05866852e+02 9.85552521e+01
    9.85707245e+01 1.07133728e+02 1.00875748e+02 9.56477661e+01
    9.18247299e+01 7.92074509e+01 8.80647125e+01 1.04587448e+02
    4.61374512e+01 4.61965027e+01 4.60010986e+01 4.71491280e+01
    4.73281937e+01 4.77485199e+01 4.74339676e+01 4.72552719e+01
    4.77653275e+01 4.75308609e+01 4.58204002e+01 4.64714622e+01
    4.75604820e+01 4.85619164e+01 4.46771355e+01 7.65253296e+01
    9.03474197e+01 9.77661133e+01 8.42138977e+01 8.03759460e+01
    8.85469742e+01 8.96808853e+01 8.01337204e+01 8.68364792e+01
    9.67703400e+01 9.08783035e+01 1.13080551e+02 1.48587769e+02
    1.31015671e+02 1.01121033e+02 5.90988350e+01 6.07723007e+01
    6.18466759e+01 6.31955223e+01 6.01050415e+01 6.28981743e+01
    6.34560814e+01 6.01179962e+01 6.29166069e+01 6.80809937e+01
    6.73350449e+01 7.20288162e+01 7.57001266e+01 7.79499130e+01
    6.66439438e+01 7.58082047e+01 6.71926346e+01 6.53612671e+01
    7.42585068e+01 7.94289169e+01 7.44574966e+01 7.91577148e+01
    7.68311005e+01 7.66072388e+01 7.81578064e+01 7.98159332e+01
    7.71191254e+01 7.44831924e+01 7.62482300e+01 6.65128632e+01
    7.05653763e+01 7.30599747e+01 7.64419250e+01 7.89016418e+01
    7.42319031e+01 7.71485367e+01 7.80467758e+01 7.37901230e+01
    7.72638779e+01 8.26793823e+01 8.32823715e+01 8.74089584e+01
    8.98968430e+01 9.11195374e+01 8.30421448e+01 1.06540222e+02
    9.43288574e+01 1.03265251e+02 9.56362305e+01 7.06413803e+01
    8.17731552e+01 8.06902695e+01 5.83043442e+01 7.45900955e+01
    9.50125504e+01 1.05910614e+02 1.64974304e+02 1.97863159e+02
    1.94610001e+02 1.09653946e+02 5.43786697e+01 5.29318771e+01
    5.36352654e+01 5.52012024e+01 5.21327972e+01 5.36841202e+01
    5.38980560e+01 4.90827980e+01 5.16268501e+01 5.61760445e+01
    5.65571098e+01 6.00943794e+01 5.96837502e+01 6.15519943e+01
    5.02782402e+01 7.39733963e+01 7.60627441e+01 7.81890488e+01
    7.95055389e+01 7.86792755e+01 8.09234695e+01 8.21211624e+01
    8.14037781e+01 8.28482285e+01 8.46761551e+01 8.21865158e+01
    8.34298630e+01 8.50950851e+01 8.42355042e+01 8.34646683e+01
    1.13380615e+02 1.12704880e+02 1.14427773e+02 1.13709373e+02
    1.13951279e+02 1.14725655e+02 1.16113014e+02 1.16252747e+02
    1.17656204e+02 1.16179947e+02 1.14973976e+02 1.17344635e+02
    1.17562820e+02 1.18199257e+02 1.15883942e+02 7.06733246e+01
    7.02164841e+01 7.18989716e+01 7.35141068e+01 7.71577759e+01
    7.69332886e+01 7.92097397e+01 8.15338745e+01 8.19008102e+01
    7.76034164e+01 7.55322266e+01 7.51576309e+01 7.54493484e+01
    7.53210602e+01 8.05200119e+01 6.38433609e+01 6.73016663e+01
    6.67962799e+01 6.73599854e+01 6.47647018e+01 6.75027008e+01
    6.83813782e+01 6.47405319e+01 6.81182861e+01 7.29630737e+01
    7.23140335e+01 7.91931229e+01 8.69751663e+01 8.76532440e+01
    7.44752502e+01 7.35693359e+01 7.37176895e+01 7.84836884e+01
    8.49781189e+01 8.92501984e+01 9.15225143e+01 9.49821548e+01
    9.76964188e+01 9.69735870e+01 9.77651291e+01 9.46131210e+01
    9.50657043e+01 9.26780319e+01 9.38215332e+01 9.38441391e+01
    1.16575768e+02 8.36415710e+01 8.43127747e+01 9.76148453e+01
    1.39163315e+02 1.21250771e+02 1.28099380e+02 1.35472961e+02
    1.21335968e+02 1.15316269e+02 1.12849998e+02 1.25046440e+02
    1.45810501e+02 1.58426926e+02 1.29762695e+02 6.40067368e+01
    6.50037308e+01 6.55711288e+01 6.51354218e+01 6.72285004e+01
    6.72943802e+01 6.95116959e+01 7.04577713e+01 6.94755325e+01
    6.67665024e+01 6.51756439e+01 6.49820404e+01 6.58819580e+01
    6.55451050e+01 6.28232727e+01 7.00325775e+01 7.40901947e+01
    8.04738617e+01 8.56885605e+01 8.91884537e+01 8.96384201e+01
    9.40827789e+01 9.85497284e+01 9.55671310e+01 9.27717361e+01
    9.14162369e+01 9.31079178e+01 8.97612534e+01 9.13423920e+01
    9.27046814e+01 1.11872078e+02 9.47981873e+01 1.00782890e+02
    1.07564346e+02 1.05544548e+02 1.08012794e+02 1.08472557e+02
    1.11543106e+02 1.04789528e+02 1.11077484e+02 1.06023537e+02
    1.08213814e+02 1.02287216e+02 1.03460007e+02 1.23518661e+02
    6.57647095e+01 7.06712723e+01 8.13997955e+01 8.83025131e+01
    9.42051392e+01 9.14486084e+01 9.38196487e+01 9.78649902e+01
    9.37691650e+01 8.74462814e+01 8.40461197e+01 8.24689484e+01
    7.87076492e+01 7.87721558e+01 8.18304062e+01 8.19203873e+01
    8.18076019e+01 8.38080063e+01 9.19433670e+01 9.61356049e+01
    9.71289139e+01 9.90706940e+01 1.00476189e+02 1.01245949e+02
    9.94971542e+01 9.91527328e+01 9.82571030e+01 9.93985977e+01
    9.88612823e+01 1.01060684e+02 9.92447052e+01 7.92648239e+01
    8.39849777e+01 8.99440231e+01 9.59575577e+01 9.73159180e+01
    9.93926849e+01 1.02548859e+02 1.00492249e+02 9.44020767e+01
    9.35909348e+01 9.23686447e+01 8.94019241e+01 9.06739578e+01
    9.20580444e+01 6.33969803e+01 6.93719482e+01 7.95311966e+01
    8.47371674e+01 8.85584869e+01 8.61830139e+01 8.83917542e+01
    9.20323257e+01 8.84704361e+01 8.30617523e+01 8.00078201e+01
    7.92789536e+01 7.82463760e+01 7.79536896e+01 7.99990158e+01
    9.25497055e+01 9.45739517e+01 9.35606308e+01 9.57566376e+01
    9.88337250e+01 9.72277985e+01 9.87756348e+01 1.00916069e+02
    9.93311462e+01 9.91715546e+01 9.76843796e+01 9.89116516e+01
    9.83327789e+01 9.97707443e+01 9.91401367e+01 7.23387222e+01
    8.14290161e+01 9.02260056e+01 9.56307220e+01 9.71660919e+01
    1.01958191e+02 1.03375336e+02 1.03281853e+02 1.05847336e+02
    1.04611221e+02 1.04539108e+02 1.03938919e+02 1.04163300e+02
    1.03616898e+02 9.96763458e+01 5.53765335e+01 5.70385437e+01
    5.94804840e+01 5.90001907e+01 5.91892281e+01 6.12352448e+01
    6.10161514e+01 6.17516403e+01 6.26938438e+01 6.27256012e+01
    6.09305573e+01 6.17960548e+01 6.21386528e+01 6.20825424e+01
    6.19728088e+01 6.59978867e+01 7.12223892e+01 8.11083145e+01
    8.94135284e+01 9.08318787e+01 8.83239746e+01 9.04364090e+01
    9.15233231e+01 8.85585861e+01 8.49826126e+01 8.48970642e+01
    8.57405777e+01 8.65918198e+01 8.67064972e+01 8.04945679e+01
    8.48509750e+01 8.74662476e+01 9.82396698e+01 1.00313866e+02
    9.44136963e+01 9.71575165e+01 9.92435303e+01 9.89886475e+01
    1.00534729e+02 1.00762047e+02 9.96232300e+01 9.99118652e+01
    9.90126343e+01 1.01063095e+02 9.71192093e+01 6.27518082e+01
    7.44181290e+01 8.63757172e+01 9.35420837e+01 9.67272568e+01
    1.03021637e+02 1.02152443e+02 9.79063416e+01 9.99039993e+01
    1.05615685e+02 1.02858009e+02 1.02084785e+02 1.00548439e+02
    9.52372818e+01 9.92659607e+01 6.21408539e+01 7.04104156e+01
    8.44802551e+01 9.04015121e+01 1.04986511e+02 1.01355812e+02
    1.00878632e+02 9.57455673e+01 9.82571564e+01 1.00451050e+02
    9.69662018e+01 9.51696930e+01 8.95535126e+01 8.84544373e+01
    9.82029953e+01 6.62029037e+01 6.68874359e+01 6.84190750e+01
    6.80923462e+01 6.75086670e+01 6.83261414e+01 6.81093826e+01
    6.65053024e+01 6.86802292e+01 6.85135956e+01 6.74853210e+01
    6.89049759e+01 6.86247253e+01 6.92328339e+01 6.62295532e+01
    1.24772049e+02 1.45463974e+02 1.55461853e+02 1.31801224e+02
    1.26745888e+02 1.29986465e+02 1.23667175e+02 1.07727768e+02
