<?xml version="1.0"?>
<opencv_storage>
<training_set_points type_id="opencv-matrix">
  <rows>97</rows>
  <cols>15</cols>
  <dt>f</dt>
  <data>
    5.39193726e+01 5.50473824e+01 6.18265991e+01 6.95169220e+01
    7.78950424e+01 7.67980881e+01 7.65001755e+01 7.73560944e+01
    7.65735245e+01 7.61909180e+01 7.59512329e+01 7.34784012e+01
    7.33752289e+01 7.31054153e+01 7.17994537e+01 6.23292999e+01
    5.82837639e+01 5.76440926e+01 6.29563751e+01 7.01415787e+01
    6.54020004e+01 6.59901123e+01 6.83362579e+01 7.16299820e+01
    7.37899246e+01 7.51875153e+01 7.52955017e+01 7.61042862e+01
    7.61044846e+01 7.65043945e+01 5.78918343e+01 6.05118980e+01
    6.82386246e+01 7.65877686e+01 7.99215012e+01 7.92066803e+01
    7.72513962e+01 7.60163727e+01 7.58152924e+01 7.64154358e+01
    7.50805588e+01 7.36362762e+01 7.24105911e+01 7.20723724e+01
    7.06017914e+01 5.08526001e+01 5.29518967e+01 5.97496262e+01
    6.59822388e+01 6.38210068e+01 6.91119919e+01 6.69009857e+01
    6.39312973e+01 6.25534821e+01 5.83865738e+01 5.85166855e+01
    5.97413445e+01 6.20405579e+01 6.35276146e+01 6.25766602e+01
    4.88520050e+01 5.26073265e+01 6.12654877e+01 7.17249756e+01
    7.48385773e+01 7.65653610e+01 7.51832581e+01 7.53214645e+01
    7.80138168e+01 8.05909958e+01 8.14626923e+01 8.18958588e+01
    8.26009369e+01 8.34309006e+01 8.35796356e+01 5.72599831e+01
    5.65540886e+01 5.72462463e+01 6.05194969e+01 6.19563484e+01
    6.27437820e+01 6.20617371e+01 6.28791046e+01 6.45952911e+01
    6.34993286e+01 6.48612061e+01 6.50538101e+01 6.62819672e+01
    6.82919235e+01 6.71140366e+01 5.58543968e+01 5.90878868e+01
    6.64051437e+01 7.58654327e+01 7.94941940e+01 8.00545349e+01
    7.86329117e+01 7.89097214e+01 7.85444031e+01 7.95207825e+01
    7.92956848e+01 7.76248932e+01 7.77078094e+01 7.84305649e+01
    7.72225037e+01 5.43228683e+01 5.53053894e+01 6.04271011e+01
    7.12290497e+01 7.54767761e+01 7.86902084e+01 7.59127426e+01
    7.50039215e+01 7.52261429e+01 7.45357361e+01 7.47785110e+01
    7.41045990e+01 7.31720734e+01 7.32713776e+01 7.24099579e+01
    5.32903252e+01 5.41682739e+01 5.87226219e+01 6.44048691e+01
    6.20662003e+01 6.84474335e+01 6.64024353e+01 6.47584076e+01
    6.36371231e+01 5.94145851e+01 6.06651154e+01 6.27358170e+01
    6.57130356e+01 6.72496490e+01 6.65423279e+01 5.40381622e+01
    5.74087296e+01 6.51364594e+01 7.98846436e+01 8.86915359e+01
    9.50603485e+01 9.38923187e+01 8.92476196e+01 9.38206329e+01
    8.68276215e+01 8.57406387e+01 8.17147827e+01 7.55464630e+01
    7.43769913e+01 7.38749008e+01 5.30422668e+01 5.07358475e+01
    4.93898201e+01 5.07075424e+01 5.33547401e+01 5.19508400e+01
    5.41688118e+01 5.52000084e+01 5.72203369e+01 5.78651657e+01
    5.91988449e+01 5.92677917e+01 6.01535606e+01 6.14994888e+01
    6.04173317e+01 5.83056717e+01 6.28856773e+01 7.08637543e+01
    7.90589218e+01 8.15118103e+01 8.29154739e+01 8.22577362e+01
    8.20588608e+01 8.18211517e+01 7.92562866e+01 7.77966766e+01
    7.60575409e+01 7.62094116e+01 7.63776627e+01 7.42608261e+01
    5.33931389e+01 5.69555054e+01 6.46846008e+01 7.57621002e+01
    7.82873383e+01 7.84053421e+01 7.55307388e+01 7.41782303e+01
    7.39292221e+01 7.27476120e+01 7.17223969e+01 6.97606659e+01
    6.97304840e+01 6.91981277e+01 6.81162567e+01 7.05904846e+01
    7.30756836e+01 7.90380096e+01 8.48650513e+01 9.06981659e+01
    9.04672165e+01 8.89609070e+01 9.15130615e+01 9.38179321e+01
    1.01935036e+02 1.01069229e+02 9.70233002e+01 9.33165054e+01
    9.31910858e+01 9.39316330e+01 5.59781609e+01 5.41207123e+01
    5.79358482e+01 6.46228638e+01 7.07054749e+01 6.71980057e+01
    6.64958267e+01 6.74201508e+01 6.82196198e+01 6.93252487e+01
    6.95103607e+01 6.81592712e+01 6.64347534e+01 6.50841980e+01
    6.66856461e+01 5.01661606e+01 4.82535744e+01 4.75606689e+01
    5.11872253e+01 5.28551483e+01 5.22621231e+01 5.13304482e+01
    5.21823807e+01 5.20139198e+01 5.21890717e+01 5.24228554e+01
    5.17661743e+01 5.36133232e+01 5.40663490e+01 5.41252174e+01
    6.27374649e+01 6.85326233e+01 7.67519150e+01 8.46631699e+01
    8.66320038e+01 8.98300934e+01 8.80952606e+01 8.69620438e+01
    8.63839874e+01 8.34304352e+01 8.42510986e+01 8.35901184e+01
    8.44465332e+01 8.47886658e+01 8.34249649e+01 6.48806381e+01
    6.85879364e+01 7.60921936e+01 8.50967255e+01 9.10880127e+01
    9.14000854e+01 9.00735855e+01 9.06252213e+01 9.20718994e+01
    9.18819580e+01 9.23882065e+01 9.31500015e+01 9.43920441e+01
    9.73456421e+01 9.44266663e+01 5.47032547e+01 5.29412231e+01
    5.24382210e+01 5.22397156e+01 5.25556946e+01 5.29302788e+01
    5.40178719e+01 5.42085571e+01 5.27366104e+01 5.14220581e+01
    5.09219131e+01 5.08148193e+01 5.10301743e+01 5.13535995e+01
    5.13374863e+01 5.78339577e+01 5.69891319e+01 5.86400452e+01
    6.76839752e+01 7.34673615e+01 7.15489349e+01 6.94155655e+01
    6.86906357e+01 7.04666290e+01 6.94979553e+01 6.89179916e+01
    6.63083649e+01 6.50228577e+01 6.18463593e+01 6.36189919e+01
    5.56257248e+01 5.84313393e+01 6.60559235e+01 7.40438309e+01
    7.66661911e+01 8.15579224e+01 8.22620621e+01 8.38360291e+01
    8.54640503e+01 8.54089050e+01 8.62035675e+01 8.60263290e+01
    8.61486969e+01 8.67744751e+01 8.53184891e+01 7.28404312e+01
    7.54957047e+01 8.31720123e+01 8.87698059e+01 9.30272522e+01
    9.53397369e+01 9.79088974e+01 9.78545074e+01 9.68976669e+01
    9.64210968e+01 9.62504349e+01 9.45826721e+01 9.24273605e+01
    9.05018997e+01 9.21325607e+01 8.34985962e+01 8.57781296e+01
    8.74249420e+01 1.01119148e+02 1.14902275e+02 9.94205627e+01
    9.63873749e+01 9.43597794e+01 1.01117111e+02 1.00628693e+02
    1.02898323e+02 1.02128433e+02 1.07300797e+02 1.06950401e+02
    1.08645645e+02 7.31559982e+01 7.43256531e+01 7.98370972e+01
    8.80195465e+01 8.98837891e+01 9.01280899e+01 8.64209671e+01
    8.44909363e+01 8.63803711e+01 8.97860641e+01 9.31901855e+01
    9.48454819e+01 8.85464478e+01 8.88925629e+01 8.69397736e+01
    5.40005951e+01 5.40856781e+01 5.39451981e+01 5.38668518e+01
    5.36299019e+01 5.42337151e+01 5.54881859e+01 5.53228455e+01
    5.51862411e+01 5.44485550e+01 5.37586288e+01 5.41847153e+01
    5.46562576e+01 5.50507355e+01 5.55557671e+01 5.52836418e+01
    5.14303284e+01 5.06350288e+01 5.49814034e+01 5.79432030e+01
    5.59213486e+01 5.49532585e+01 5.48886223e+01 5.67731361e+01
    5.74618454e+01 5.87844925e+01 5.84812126e+01 6.00870972e+01
    6.12062340e+01 6.16662140e+01 6.05161400e+01 6.39373856e+01
    6.98093262e+01 7.48431168e+01 7.39918747e+01 7.91660004e+01
    7.67144012e+01 7.48884048e+01 7.35281143e+01 7.29886169e+01
    7.33837738e+01 7.43718491e+01 7.44453964e+01 7.44415359e+01
    7.34698486e+01 7.28220062e+01 7.51591263e+01 8.06184998e+01
    8.78193893e+01 9.22723083e+01 9.03711395e+01 8.83389740e+01
    8.83534317e+01 8.94898224e+01 8.83126526e+01 8.85460358e+01
    9.29460831e+01 9.01953354e+01 9.24968719e+01 9.14811859e+01
    7.78079834e+01 7.97400742e+01 8.60294571e+01 9.02787323e+01
    9.17395630e+01 9.51165466e+01 9.54893875e+01 9.44560471e+01
    9.61177292e+01 9.53071442e+01 9.69271164e+01 9.76402206e+01
    9.86982880e+01 9.91368103e+01 9.88238754e+01 7.25026550e+01
    7.47717896e+01 8.06865692e+01 8.91585159e+01 9.40619507e+01
    9.20942612e+01 9.02945709e+01 9.13516769e+01 9.21320953e+01
    9.37344971e+01 9.34104004e+01 9.13424988e+01 8.96615753e+01
    8.84302521e+01 8.79415054e+01 5.53003387e+01 5.73130798e+01
    6.24160461e+01 7.23278732e+01 7.81127777e+01 7.84854202e+01
    7.87699509e+01 7.74281616e+01 8.29909515e+01 8.49612503e+01
    8.74949493e+01 8.87375107e+01 8.88263626e+01 8.74936447e+01
    8.91834106e+01 6.26935997e+01 6.73839340e+01 7.46925659e+01
    8.02816086e+01 8.28884048e+01 8.41373215e+01 8.50413132e+01
    8.53482361e+01 8.46096268e+01 8.28971100e+01 8.23955536e+01
    8.09869385e+01 8.08983459e+01 8.13237305e+01 7.98422165e+01
    7.12882462e+01 7.34391327e+01 7.77767334e+01 8.44075012e+01
    8.96543350e+01 8.72924194e+01 8.29688797e+01 8.10728073e+01
