<?xml version="1.0"?>
<opencv_storage>
<training_set_points type_id="opencv-matrix">
  <rows>40</rows>
  <cols>15</cols>
  <dt>f</dt>
  <data>
    1.31784882e+02 1.30532303e+02 1.28051544e+02 1.25536583e+02
    1.25503052e+02 1.24837662e+02 1.24354866e+02 1.22875977e+02
    1.21762512e+02 1.19234718e+02 1.20580658e+02 1.18369843e+02
    1.20388443e+02 1.19465134e+02 1.17089417e+02 1.39698196e+02
    1.39054626e+02 1.39300720e+02 1.37970169e+02 1.38684082e+02
    1.38178284e+02 1.36952621e+02 1.36406693e+02 1.33784622e+02
    1.31735489e+02 1.32521591e+02 1.30355682e+02 1.30555176e+02
    1.30414719e+02 1.29164917e+02 1.20999031e+02 1.22390007e+02
    1.21812546e+02 1.21916176e+02 1.23312424e+02 1.23196754e+02
    1.23017761e+02 1.22453346e+02 1.21782883e+02 1.20110428e+02
    1.20403755e+02 1.20432106e+02 1.33649109e+02 1.31977493e+02
    1.30133392e+02 1.17489494e+02 1.18587654e+02 1.19057495e+02
    1.17605270e+02 1.16854080e+02 1.17487007e+02 1.17993225e+02
    1.18299278e+02 1.16729828e+02 1.16686829e+02 1.16331467e+02
    1.16454521e+02 1.22444427e+02 1.22023628e+02 1.20089684e+02
    1.37670135e+02 1.38080994e+02 1.38806351e+02 1.38363510e+02
    1.37791229e+02 1.37524048e+02 1.37846573e+02 1.38034042e+02
    1.35129837e+02 1.33681808e+02 1.32635971e+02 1.31561890e+02
    1.33880585e+02 1.31895905e+02 1.30797195e+02 1.09567596e+02
    1.09863510e+02 1.09486397e+02 1.09706329e+02 1.10976669e+02
    1.11422020e+02 1.11436508e+02 1.12442497e+02 1.10465347e+02
    1.10678734e+02 1.10917229e+02 1.11297035e+02 1.13194405e+02
    1.15123932e+02 1.14448311e+02 1.49656235e+02 1.49678146e+02
    1.49731033e+02 1.49405334e+02 1.50924164e+02 1.50756912e+02
    1.51021729e+02 1.51384430e+02 1.49126022e+02 1.47162811e+02
    1.47226959e+02 1.46457031e+02 1.44263519e+02 1.46615067e+02
    1.47094131e+02 1.37138809e+02 1.37338058e+02 1.39162872e+02
    1.41267776e+02 1.43922821e+02 1.45166946e+02 1.45520279e+02
    1.45839554e+02 1.44337952e+02 1.44264832e+02 1.44578598e+02
    1.44915222e+02 1.44410156e+02 1.46234924e+02 1.45848572e+02
    6.34012032e+01 6.86993256e+01 7.07245483e+01 7.64452744e+01
    7.08917465e+01 7.15279694e+01 7.78081360e+01 7.87075958e+01
    7.56221161e+01 7.77814331e+01 7.63078461e+01 7.34705200e+01
    5.85269394e+01 6.21876793e+01 6.09566879e+01 8.92887573e+01
    9.09095993e+01 9.26162949e+01 9.24586639e+01 9.23099823e+01
    9.03657303e+01 8.67907257e+01 8.30485001e+01 7.87802811e+01
    6.74155807e+01 6.68405304e+01 6.23191833e+01 6.81388321e+01
    6.56690979e+01 6.48158875e+01 9.81015167e+01 1.01340805e+02
    1.03177872e+02 1.03403122e+02 1.02020760e+02 1.01462067e+02
    1.02213577e+02 1.04000389e+02 9.96743927e+01 9.88588104e+01
    9.57990265e+01 9.77939987e+01 9.49738770e+01 9.73553772e+01
    9.36147614e+01 8.16606522e+01 8.33952789e+01 8.65007706e+01
    8.98364716e+01 9.14242172e+01 9.42205658e+01 9.59036789e+01
    9.54608536e+01 9.51440353e+01 9.48452148e+01 9.37968597e+01
    9.60415802e+01 8.18391113e+01 8.50626755e+01 8.46298904e+01
    4.68873024e+01 4.97331696e+01 4.80839005e+01 4.94181366e+01
    4.70628738e+01 5.23826599e+01 6.54893646e+01 6.76118011e+01
    6.74686050e+01 7.24427795e+01 7.09258423e+01 7.28525696e+01
    5.50123215e+01 6.40075684e+01 6.31507645e+01 1.16263145e+02
    1.16265366e+02 1.20332115e+02 1.26442436e+02 1.29195938e+02
    1.32612579e+02 1.35460114e+02 1.37043350e+02 1.37817276e+02
    1.39038116e+02 1.40017029e+02 1.42384964e+02 1.49872055e+02
    1.48826691e+02 1.49329147e+02 1.20756805e+02 1.20182777e+02
    1.22225525e+02 1.23392754e+02 1.24634171e+02 1.26033348e+02
    1.27325356e+02 1.27417801e+02 1.26463570e+02 1.28256454e+02
    1.27673538e+02 1.31465073e+02 1.31181320e+02 1.29653900e+02
    1.29432022e+02 7.79742813e+01 7.92400436e+01 7.96725616e+01
    8.22186127e+01 8.22619019e+01 8.47395554e+01 9.23905411e+01
    9.73403473e+01 9.93724518e+01 1.03125206e+02 1.03153793e+02
    1.01843170e+02 1.07782188e+02 1.19392288e+02 1.34495316e+02
    5.76279297e+01 5.69945793e+01 5.91631393e+01 6.74661179e+01
    7.24113312e+01 7.73325195e+01 7.97614288e+01 8.26959686e+01
    8.33430939e+01 8.78188705e+01 8.68923645e+01 8.70621643e+01
    7.51688080e+01 7.38637772e+01 6.92933197e+01 1.10132095e+02
    1.10960716e+02 1.11030861e+02 1.13908539e+02 1.14889000e+02
    1.16621216e+02 1.17508194e+02 1.16868225e+02 1.17102646e+02
    1.15788727e+02 1.17291206e+02 1.18378952e+02 1.23719414e+02
    1.20077469e+02 1.19446434e+02 6.72160721e+01 6.90740814e+01
    7.52151947e+01 8.45271225e+01 8.84403687e+01 8.66993713e+01
    7.50094223e+01 6.98906708e+01 6.52437439e+01 6.24032784e+01
    6.24549789e+01 6.42942047e+01 4.83872528e+01 5.11094360e+01
    5.19776459e+01 1.10313042e+02 1.10995270e+02 1.13466606e+02
    1.19233200e+02 1.24326118e+02 1.26463821e+02 1.25007980e+02
    1.23828484e+02 1.24479736e+02 1.22902840e+02 1.24912170e+02
    1.25116814e+02 1.29493988e+02 1.26835091e+02 1.25847191e+02
    1.10029976e+02 1.13007591e+02 1.23270874e+02 1.23442230e+02
    1.18442963e+02 9.49679565e+01 7.57919006e+01 6.58995438e+01
    5.86566772e+01 6.54920502e+01 6.61086426e+01 6.50182495e+01
    7.78382950e+01 7.17075806e+01 6.76737823e+01 1.31725021e+02
    1.37643768e+02 1.37496002e+02 1.33614059e+02 1.31395172e+02
    1.27522667e+02 1.27785454e+02 1.27401283e+02 1.26161446e+02
    1.25837265e+02 1.24451736e+02 1.11182793e+02 9.90774689e+01
    9.09232483e+01 8.90458908e+01 1.54673767e+02 1.49990036e+02
    1.45495789e+02 1.43921036e+02 1.44406570e+02 1.43811111e+02
    1.41398773e+02 1.41643219e+02 1.39506851e+02 1.38902496e+02
    1.41116089e+02 1.40048492e+02 1.50667892e+02 1.46533737e+02
    1.47053909e+02 1.60483109e+02 1.58325775e+02 1.50669113e+02
    1.44759384e+02 1.42708527e+02 1.39672882e+02 1.39859634e+02
    1.39664307e+02 1.36879929e+02 1.34859009e+02 1.34368118e+02
    1.34164124e+02 1.42987625e+02 1.39026794e+02 1.38213135e+02
    1.20359131e+02 1.23954315e+02 1.26707146e+02 1.26628067e+02
    1.25026764e+02 1.24847733e+02 1.24417274e+02 1.22015625e+02
    1.18635124e+02 1.14106789e+02 1.14219833e+02 1.12384041e+02
    1.14805573e+02 1.12755302e+02 1.12347473e+02 1.12252968e+02
    1.12305580e+02 1.12610558e+02 1.11287079e+02 1.10114273e+02
    1.10064468e+02 1.11623436e+02 1.10913025e+02 1.07848274e+02
    1.08960915e+02 1.09115837e+02 1.06273521e+02 1.07805046e+02
    1.07591377e+02 1.09034744e+02 1.55829666e+02 1.65763947e+02
    1.55544785e+02 1.40981293e+02 1.33933014e+02 1.29810547e+02
    1.30720398e+02 1.29197510e+02 1.26563614e+02 1.25187172e+02
    1.25008270e+02 1.25320450e+02 1.29044098e+02 1.28800049e+02
    1.27851791e+02 1.19204254e+02 1.19734421e+02 1.19225121e+02
    1.20298836e+02 1.19985779e+02 1.20653427e+02 1.20980064e+02
    1.20086014e+02 1.17134094e+02 1.12638153e+02 1.11010292e+02
    1.09091370e+02 1.12335175e+02 1.12357773e+02 1.12529778e+02
    1.12491280e+02 1.15174049e+02 1.17558601e+02 1.17459801e+02
    1.17209099e+02 1.16966988e+02 1.16214783e+02 1.16999428e+02
    1.15223785e+02 1.13628716e+02 1.13560341e+02 1.13246605e+02
    1.10547668e+02 1.10157227e+02 1.09833817e+02 1.20442116e+02
    1.24299179e+02 1.29173172e+02 1.35023163e+02 1.38600571e+02
    1.41487518e+02 1.41910812e+02 1.43266632e+02 1.43928436e+02
    1.43848038e+02 1.45894455e+02 1.46204926e+02 1.44135605e+02
    1.44280624e+02 1.44507858e+02 1.21555504e+02 1.26553688e+02
    1.24671616e+02 1.25301422e+02 1.25933037e+02 1.26235840e+02
    1.27159248e+02 1.27716080e+02 1.27275101e+02 1.26556915e+02
    1.26544006e+02 1.27429726e+02 1.27365715e+02 1.28242157e+02
    1.28835846e+02 1.02201241e+02 1.03871735e+02 1.05653412e+02
    1.07804329e+02 1.10070946e+02 1.14521706e+02 1.15102905e+02
    1.15303734e+02 1.13385101e+02 1.12157730e+02 1.12149712e+02
    1.13009560e+02 1.11967323e+02 1.12673248e+02 1.13243179e+02
    1.13472809e+02 1.15587547e+02 1.15949219e+02 1.16215508e+02
    1.16359871e+02 1.17281746e+02 1.18179855e+02 1.18237801e+02
