<?xml version="1.0"?>
<opencv_storage>
<training_set_points type_id="opencv-matrix">
  <rows>40</rows>
  <cols>15</cols>
  <dt>f</dt>
  <data>
    6.37894478e+01 6.32998199e+01 6.36883583e+01 6.57978516e+01
    6.49922333e+01 6.42379761e+01 6.34659958e+01 6.11654053e+01
    5.93168793e+01 6.24455261e+01 7.05741653e+01 7.27927704e+01
    7.29684296e+01 6.89459991e+01 6.81196671e+01 7.01554794e+01
    6.83873901e+01 6.73397675e+01 6.86455460e+01 6.91036530e+01
    6.88021545e+01 6.75898972e+01 6.63399200e+01 6.51740723e+01
    6.74908295e+01 7.41188202e+01 7.49983902e+01 7.48222427e+01
    7.10298615e+01 7.06307983e+01 8.04828339e+01 8.02596741e+01
    7.93094177e+01 7.99181290e+01 7.91408539e+01 7.82670364e+01
    7.71566238e+01 7.56192780e+01 7.44377213e+01 7.56857071e+01
    8.08648987e+01 8.14621658e+01 8.10696487e+01 7.86726837e+01
    7.85140457e+01 7.93250961e+01 7.74892197e+01 7.65667725e+01
    7.83266220e+01 7.86160660e+01 7.78817062e+01 7.64560165e+01
    7.47661667e+01 7.23779907e+01 7.53226318e+01 7.63602676e+01
    7.58298492e+01 7.81353531e+01 7.51618195e+01 7.49922104e+01
    8.32722397e+01 8.21240005e+01 8.24910736e+01 8.38414230e+01
    8.20863113e+01 7.95838318e+01 7.97921143e+01 7.71916962e+01
    7.45204620e+01 7.81154175e+01 9.07638931e+01 9.16680069e+01
    9.04319382e+01 8.67292328e+01 8.61243668e+01 7.25333786e+01
    7.10234604e+01 7.12915649e+01 7.36951447e+01 7.29328461e+01
    7.18014984e+01 7.08974457e+01 6.89953842e+01 6.72332535e+01
    7.08925018e+01 7.50673065e+01 7.59694214e+01 7.54248123e+01
    7.32476273e+01 7.41789017e+01 7.39568558e+01 7.27995987e+01
    7.38943939e+01 7.48665848e+01 7.47822800e+01 7.40041962e+01
    7.32886353e+01 7.15574493e+01 6.94219971e+01 7.32492523e+01
    7.92164536e+01 8.01952591e+01 7.95036087e+01 7.64493408e+01
    7.62748413e+01 9.41797714e+01 9.33253708e+01 9.07032166e+01
    9.12317963e+01 9.08760986e+01 8.78903351e+01 8.71304092e+01
    8.65109863e+01 8.47177811e+01 8.65993881e+01 9.04583282e+01
    8.96305237e+01 8.83859024e+01 8.53305359e+01 8.62684631e+01
    7.42152405e+01 7.36062164e+01 7.50630951e+01 7.52947540e+01
    7.66375580e+01 7.70610352e+01 7.61151886e+01 7.47233200e+01
    7.32085648e+01 7.60122757e+01 7.61777878e+01 7.76047745e+01
    7.91638489e+01 7.75485916e+01 7.79694138e+01 7.96174622e+01
    7.90689621e+01 7.97292404e+01 7.90324936e+01 8.08336639e+01
    8.01089935e+01 8.06723251e+01 7.83372498e+01 7.48476715e+01
    7.82723541e+01 7.73041534e+01 7.73353271e+01 7.57777710e+01
    7.45562820e+01 7.73855209e+01 7.22612305e+01 7.16345673e+01
    7.28636017e+01 7.39489899e+01 7.35838394e+01 7.36001358e+01
    7.36896515e+01 7.29116821e+01 7.14035492e+01 7.34582520e+01
    7.58429337e+01 7.55801315e+01 7.63783875e+01 7.45579758e+01
    7.51051483e+01 7.23732681e+01 7.28473358e+01 7.12789612e+01
    7.20383606e+01 7.35287781e+01 7.31277618e+01 7.36467514e+01
    7.26231079e+01 7.11004486e+01 7.21778564e+01 7.09718933e+01
    6.96208038e+01 7.00176544e+01 7.00571365e+01 7.33758545e+01
    6.27970085e+01 6.42612762e+01 6.31022644e+01 6.09276123e+01
    6.27325287e+01 6.30779419e+01 6.33397369e+01 6.33635521e+01
    6.31327896e+01 6.30278625e+01 6.34626846e+01 6.42065735e+01
    6.62192154e+01 6.44931641e+01 6.45139313e+01 8.84777298e+01
    8.83545532e+01 8.87421951e+01 8.84191971e+01 8.82626648e+01
    8.66211090e+01 8.91447449e+01 8.80527725e+01 8.28874969e+01
    8.51386261e+01 8.64160614e+01 8.53133163e+01 8.97826691e+01
    9.25150604e+01 9.08180237e+01 8.24730225e+01 8.15351639e+01
    8.03463440e+01 8.21101456e+01 8.17491226e+01 8.00224228e+01
    7.89687500e+01 7.82166061e+01 7.70325241e+01 7.80912781e+01
    6.84182434e+01 6.88979874e+01 7.19083786e+01 7.06324234e+01
    7.13060989e+01 5.62161636e+01 5.67306976e+01 5.81595116e+01
    5.98473816e+01 6.02127838e+01 6.08449936e+01 6.18401871e+01
    6.13938904e+01 6.02610474e+01 6.20595818e+01 6.35992546e+01
    6.38178368e+01 6.67496185e+01 6.60180893e+01 6.54452515e+01
    6.96398926e+01 6.89353027e+01 6.97692413e+01 7.04669189e+01
    7.09335556e+01 7.05108414e+01 7.11837845e+01 7.03494110e+01
    6.90594559e+01 7.09264832e+01 7.19831696e+01 7.20865555e+01
    7.32167587e+01 7.18417206e+01 7.14138489e+01 6.35056305e+01
    6.45461121e+01 6.32799263e+01 6.44535065e+01 6.59992371e+01
    6.82426300e+01 6.67952118e+01 6.58054352e+01 6.61684799e+01
    6.93688812e+01 7.55514984e+01 7.73529739e+01 7.95355072e+01
    7.77971954e+01 7.71875610e+01 7.68526077e+01 7.70876846e+01
    7.37823486e+01 7.09583664e+01 7.50912857e+01 7.62709503e+01
    7.25388947e+01 7.47764130e+01 7.71596909e+01 7.16134415e+01
    6.77539749e+01 6.80138931e+01 6.99618378e+01 6.73043900e+01
    6.67326508e+01 7.61226959e+01 7.64178467e+01 7.49500122e+01
    7.32870178e+01 7.36072006e+01 7.23062668e+01 7.07415314e+01
    7.02292252e+01 7.07333603e+01 6.97236023e+01 6.88038101e+01
    7.10494995e+01 7.26752090e+01 7.12157822e+01 7.10775681e+01
    5.77089272e+01 5.79993401e+01 6.57131042e+01 7.10854492e+01
    6.54670410e+01 6.30263748e+01 6.71933670e+01 6.39522171e+01
    5.93268127e+01 6.36193085e+01 7.35597687e+01 7.45251999e+01
    7.47560120e+01 7.31638031e+01 7.19800110e+01 7.64925461e+01
    7.76220856e+01 7.85704651e+01 7.74875412e+01 7.66214600e+01
    7.61301346e+01 7.51933060e+01 7.54541168e+01 7.42120056e+01
    7.41301041e+01 7.23077087e+01 7.24871063e+01 7.39211731e+01
    7.31571732e+01 7.36401596e+01 7.43824081e+01 7.41645737e+01
    7.40351562e+01 7.37155304e+01 7.32977371e+01 7.27797165e+01
    7.19039688e+01 7.12974472e+01 7.04647217e+01 7.18543549e+01
    7.24362259e+01 7.37331238e+01 7.58356323e+01 7.48602829e+01
    7.49366989e+01 7.26111679e+01 7.31908798e+01 7.29839478e+01
    7.14661255e+01 7.33783569e+01 7.32836227e+01 7.16658096e+01
    7.11375275e+01 7.05126495e+01 7.13750534e+01 6.74574127e+01
    6.83719025e+01 6.92114258e+01 6.87390594e+01 6.93425674e+01
    7.16226501e+01 7.13620148e+01 6.82279282e+01 6.70234985e+01
    6.68841400e+01 6.64927292e+01 6.43338470e+01 6.48138733e+01
    6.51208801e+01 6.54105606e+01 6.17692223e+01 6.18840714e+01
    6.54576416e+01 6.44244232e+01 6.40352783e+01 6.63850021e+01
    6.63218231e+01 6.67527237e+01 6.87229843e+01 6.80718231e+01
    6.77541046e+01 6.77797089e+01 6.71215363e+01 6.50616074e+01
    6.77600403e+01 7.10574951e+01 7.19036560e+01 7.37029343e+01
    7.07126160e+01 6.97192230e+01 7.09091187e+01 7.13940582e+01
    7.32836380e+01 7.58822098e+01 7.48143005e+01 7.45224380e+01
    7.49010315e+01 7.31642227e+01 7.13120804e+01 7.42936707e+01
    7.89330139e+01 7.83480682e+01 8.32365417e+01 8.37106552e+01
    8.39812469e+01 6.72815933e+01 6.61861572e+01 6.44884949e+01
    6.43164368e+01 6.55483017e+01 6.55741577e+01 6.25517616e+01
    6.22765007e+01 6.32835083e+01 6.64888916e+01 6.34432144e+01
    6.70080185e+01 6.57282715e+01 6.30944443e+01 6.59264679e+01
    7.33286819e+01 7.32359085e+01 7.61426010e+01 7.64057922e+01
    7.96583633e+01 8.19117126e+01 8.15540619e+01 7.85857391e+01
    7.40622787e+01 7.99511948e+01 7.54371872e+01 7.43846817e+01
    7.60512619e+01 7.79724350e+01 8.13321915e+01 7.39757233e+01
    7.39287872e+01 7.33934021e+01 7.39049911e+01 7.46274033e+01
    7.44957504e+01 7.34411316e+01 7.24374237e+01 7.05984268e+01
    7.34227753e+01 7.72728806e+01 7.72917404e+01 7.75176392e+01
    7.53179016e+01 7.58088531e+01 6.73239670e+01 6.76351166e+01
    6.83761902e+01 7.00825882e+01 6.95003433e+01 6.90455780e+01
    6.91788635e+01 6.80042648e+01 6.64555511e+01 6.80255585e+01
    6.94341736e+01 7.01489258e+01 7.06264496e+01 6.92477417e+01
    6.99963455e+01 7.16805801e+01 7.10044556e+01 6.43205490e+01
    6.60977020e+01 6.74583282e+01 6.83263092e+01 6.42077026e+01
    6.42212067e+01 6.47148285e+01 6.68272934e+01 7.22626495e+01
    7.58272400e+01 7.30460815e+01 6.91707993e+01 6.87355728e+01
    7.78892365e+01 7.93200226e+01 9.28613739e+01 1.05575531e+02
    8.91187897e+01 8.53836594e+01 8.92988892e+01 8.59007645e+01
