<?xml version="1.0"?>
<opencv_storage>
<training_set_points type_id="opencv-matrix">
  <rows>55</rows>
  <cols>15</cols>
  <dt>f</dt>
  <data>
    4.97316971e+01 5.03415031e+01 5.08559837e+01 5.04502029e+01
    4.88604813e+01 4.99226074e+01 5.13220215e+01 5.21806030e+01
    5.40253181e+01 5.55610428e+01 5.52478027e+01 5.58690643e+01
    5.91878891e+01 6.23211823e+01 6.09838257e+01 6.13419228e+01
    5.97063065e+01 5.86821861e+01 5.80657501e+01 5.70387535e+01
    5.76022377e+01 5.74535370e+01 5.75747948e+01 5.88323364e+01
    5.98107376e+01 5.96401215e+01 5.99235802e+01 6.05370636e+01
    6.22788467e+01 6.17271729e+01 6.20275459e+01 6.12858620e+01
    6.07587776e+01 5.97786789e+01 5.81897202e+01 5.86961060e+01
    5.91669159e+01 6.01252136e+01 6.17537384e+01 6.27396317e+01
    6.17817726e+01 6.22720985e+01 6.60586853e+01 7.05463028e+01
    6.78212280e+01 6.60931854e+01 6.49320755e+01 6.43514252e+01
    6.41489105e+01 6.36925201e+01 6.36644630e+01 6.34076462e+01
    6.29111824e+01 6.43128967e+01 6.50909424e+01 6.52748566e+01
    6.56779938e+01 6.57230682e+01 6.71649399e+01 6.72345734e+01
    6.05598869e+01 6.16571693e+01 6.16486893e+01 6.12672272e+01
    6.13925056e+01 6.13755150e+01 6.19121704e+01 6.24897842e+01
    6.39095459e+01 6.55503159e+01 6.50109634e+01 6.50245209e+01
    6.62802505e+01 6.78109283e+01 6.71945724e+01 6.97122116e+01
    6.82571793e+01 6.68236160e+01 6.57064056e+01 6.59736938e+01
    6.57987900e+01 6.53292694e+01 6.50149994e+01 6.59521179e+01
    6.68677368e+01 6.67963791e+01 6.65459213e+01 6.58179703e+01
    6.75327377e+01 6.64186707e+01 7.43113937e+01 7.16732483e+01
    6.77053757e+01 6.76132126e+01 6.72197266e+01 6.67444611e+01
    6.73163071e+01 6.63915405e+01 6.74304123e+01 6.90223465e+01
    6.93073425e+01 7.09770737e+01 7.39206161e+01 8.46200714e+01
    7.68820953e+01 7.07217636e+01 7.04239349e+01 6.97854462e+01
    6.98190155e+01 6.95148773e+01 6.96413498e+01 6.92676773e+01
    7.02389832e+01 7.22747345e+01 7.31340714e+01 7.19009628e+01
    7.20857620e+01 7.57688065e+01 7.89300003e+01 7.80532684e+01
    8.32510757e+01 8.17438889e+01 8.03713837e+01 7.78312683e+01
    7.56062927e+01 7.48537064e+01 7.22992554e+01 7.25872040e+01
    7.34082184e+01 7.34928741e+01 7.18795395e+01 7.11181641e+01
    7.21582489e+01 7.42986603e+01 7.30794601e+01 7.21287918e+01
    7.09942932e+01 7.12059784e+01 7.02814636e+01 6.99779739e+01
    6.98432312e+01 7.03691940e+01 7.04939346e+01 7.19632492e+01
    7.35420532e+01 7.37109070e+01 7.51194916e+01 7.65841370e+01
    7.76444702e+01 7.86454620e+01 6.60811005e+01 6.84863663e+01
    7.02373734e+01 7.18841095e+01 7.16200714e+01 7.30042953e+01
    7.49776230e+01 7.55819473e+01 7.65077744e+01 7.79805069e+01
    7.81142426e+01 7.85358200e+01 7.84642792e+01 7.73069763e+01
    7.89940948e+01 7.52850723e+01 7.70709839e+01 7.73909302e+01
    7.76010666e+01 7.70266953e+01 7.72722702e+01 7.67440948e+01
    7.75552979e+01 7.86499634e+01 7.98948669e+01 7.87384491e+01
    7.85229645e+01 7.92041473e+01 7.95514679e+01 8.01579514e+01
    9.55648804e+01 9.14560852e+01 8.29764709e+01 8.31052017e+01
    8.34454422e+01 8.35577545e+01 8.67571030e+01 8.29550018e+01
    8.37285843e+01 8.50532608e+01 8.87438660e+01 9.21754074e+01
    8.98194962e+01 8.63933716e+01 8.99368744e+01 6.80751572e+01
    6.87927094e+01 6.93227234e+01 7.03682861e+01 7.12410583e+01
    7.23280869e+01 7.50533295e+01 7.43823624e+01 7.55072174e+01
    7.72406387e+01 7.78958435e+01 7.85674210e+01 7.88357239e+01
    8.09919128e+01 8.07036133e+01 6.59870529e+01 6.44250565e+01
    6.44539337e+01 6.50928192e+01 6.64881744e+01 6.71239548e+01
    6.95743637e+01 6.93576736e+01 7.01665039e+01 7.20824661e+01
    7.20132675e+01 7.51992035e+01 7.76647949e+01 7.95292740e+01
    7.94976730e+01 9.17410202e+01 9.07666321e+01 9.33570480e+01
    9.14215622e+01 9.14769516e+01 9.06020813e+01 8.82813263e+01
    8.83270721e+01 8.91149750e+01 9.10225906e+01 9.13728027e+01
    9.06325531e+01 8.79805756e+01 8.27604675e+01 8.82792282e+01
    8.05209656e+01 8.12096634e+01 8.09403076e+01 8.07206726e+01
    8.01823578e+01 7.95759430e+01 7.78786087e+01 7.69480057e+01
    7.84072876e+01 7.91138611e+01 7.92222290e+01 7.73047028e+01
    7.40550308e+01 7.03394012e+01 7.37797165e+01 7.43306122e+01
    7.97776642e+01 8.29253464e+01 8.39932938e+01 8.46567612e+01
    8.50270386e+01 8.58397751e+01 8.53303909e+01 8.59925003e+01
    8.74839554e+01 8.92578201e+01 8.85682907e+01 8.75787888e+01
    8.79187088e+01 8.71094818e+01 7.08169327e+01 7.11225128e+01
    7.15928268e+01 7.34587326e+01 7.48950653e+01 7.53770599e+01
    7.60648575e+01 7.46726532e+01 7.45399628e+01 7.51598434e+01
    7.49220963e+01 7.48731308e+01 7.69123535e+01 8.16855011e+01
    7.90954208e+01 4.62549858e+01 4.69732513e+01 4.62530899e+01
    4.69887810e+01 4.78513641e+01 5.17554245e+01 6.10854263e+01
    6.60930405e+01 6.76727524e+01 7.09451981e+01 7.04133072e+01
    7.29142380e+01 8.23541183e+01 9.05812302e+01 8.41088867e+01
    5.81023102e+01 6.05776672e+01 6.25562286e+01 6.43381653e+01
    6.64761276e+01 6.69175644e+01 6.97292328e+01 6.98857727e+01
    7.09528275e+01 7.23029022e+01 7.25975952e+01 7.34676971e+01
    7.40796890e+01 7.46107559e+01 7.63977890e+01 7.32623138e+01
    7.74775848e+01 8.21239395e+01 8.39781799e+01 8.58368225e+01
    8.50592422e+01 8.26952591e+01 8.32976456e+01 8.38840561e+01
    8.48288040e+01 8.30813980e+01 8.10108032e+01 8.04348907e+01
    7.90339508e+01 8.14006958e+01 8.09953766e+01 8.22873917e+01
    8.26868591e+01 8.32060623e+01 8.39277954e+01 8.33511200e+01
    8.40525055e+01 8.29567261e+01 8.32015228e+01 8.37702560e+01
    8.29133835e+01 8.37874832e+01 8.33338928e+01 8.31567078e+01
    8.56179504e+01 8.03651428e+01 7.89695282e+01 7.97868958e+01
    7.99215088e+01 7.85205002e+01 7.85460129e+01 7.81438904e+01
    7.85902939e+01 7.95282059e+01 8.09367371e+01 8.03691635e+01
    8.15421753e+01 8.02474670e+01 7.85819321e+01 8.16699219e+01
    7.65707932e+01 7.90186081e+01 8.08832855e+01 8.01387787e+01
    8.05337448e+01 8.07475586e+01 8.11421661e+01 8.02186966e+01
    8.06527863e+01 8.16651840e+01 8.21640930e+01 8.23151779e+01
    8.14551086e+01 8.29075317e+01 8.29703674e+01 7.87169113e+01
    7.92469635e+01 8.01497726e+01 8.14164734e+01 8.25985565e+01
    8.25510178e+01 8.38862839e+01 8.26186600e+01 8.29823227e+01
    8.43136978e+01 8.54552765e+01 8.59478531e+01 8.25513611e+01
    7.57259216e+01 8.28465424e+01 7.57809830e+01 7.67825241e+01
    7.74405975e+01 7.68984909e+01 7.76091843e+01 7.73745499e+01
    7.66333313e+01 7.58811493e+01 7.65261230e+01 7.77472534e+01
    7.73584595e+01 7.69218674e+01 7.11047211e+01 6.21881104e+01
    6.92077408e+01 7.76523438e+01 7.78144608e+01 7.96697083e+01
    8.02441483e+01 8.02737427e+01 8.11722717e+01 8.20310440e+01
    8.22817764e+01 8.36709518e+01 8.49024353e+01 8.48762817e+01
    8.36772308e+01 8.33344955e+01 8.25273285e+01 8.30895004e+01
    7.40093307e+01 7.34414215e+01 7.29612427e+01 7.49517670e+01
    7.74467316e+01 7.82193909e+01 8.08835220e+01 8.07493210e+01
    8.17062302e+01 8.37042999e+01 8.39530106e+01 8.42670364e+01
    8.47254181e+01 8.32929382e+01 8.40135193e+01 5.26466370e+01
    4.53213539e+01 4.36471138e+01 4.07220383e+01 4.14102936e+01
    4.03142052e+01 3.49166107e+01 3.19596443e+01 3.15241127e+01
    3.22946892e+01 3.41195107e+01 3.47931824e+01 3.90119247e+01
    4.97642021e+01 4.31977997e+01 7.22957764e+01 7.30990601e+01
    7.48806076e+01 7.55052338e+01 7.58847351e+01 7.53410263e+01
    7.57571259e+01 7.58991852e+01 7.63952866e+01 7.73482819e+01
    7.58095245e+01 7.51447296e+01 7.41148300e+01 7.28769073e+01
    7.41300430e+01 7.20178375e+01 7.50141373e+01 7.80885773e+01
    8.14239731e+01 8.42004013e+01 8.32051544e+01 8.18406754e+01
    7.92605591e+01 7.85927582e+01 7.91596832e+01 7.95811310e+01
    7.91764221e+01 7.63147430e+01 7.39663239e+01 7.83206329e+01
    5.01011772e+01 5.19269066e+01 5.16146507e+01 5.65888824e+01
    5.67704735e+01 6.15706482e+01 7.01075974e+01 7.27797775e+01
