<?xml version="1.0"?>
<opencv_storage>
<training_set_points type_id="opencv-matrix">
  <rows>40</rows>
  <cols>15</cols>
  <dt>f</dt>
  <data>
    1.07875610e+02 1.09722488e+02 1.10041245e+02 1.08261650e+02
    1.09158127e+02 1.09369873e+02 1.07086189e+02 1.05989746e+02
    1.05467270e+02 1.03954666e+02 1.05113205e+02 1.05896950e+02
    1.06537209e+02 1.06690346e+02 1.07976585e+02 8.45429382e+01
    8.37959824e+01 8.66867752e+01 8.97903595e+01 8.82464447e+01
    8.99054565e+01 8.84471512e+01 8.84185867e+01 9.01232529e+01
    9.03300323e+01 9.05137863e+01 8.94770432e+01 9.04193878e+01
    9.01236954e+01 8.96132355e+01 1.10346718e+02 1.10422287e+02
    1.11192703e+02 1.12665909e+02 1.13275467e+02 1.13606178e+02
    1.12474548e+02 1.11298721e+02 1.11008194e+02 1.09961761e+02
    1.09674026e+02 1.10309265e+02 1.09940636e+02 1.09931572e+02
    1.08693634e+02 1.12181969e+02 1.11952721e+02 1.13436897e+02
    1.14958824e+02 1.14582718e+02 1.14829926e+02 1.12304657e+02
    1.11652222e+02 1.12349953e+02 1.11670059e+02 1.12054771e+02
    1.12244507e+02 1.13173065e+02 1.12837440e+02 1.12972054e+02
    1.02974541e+02 1.02631050e+02 1.05834442e+02 1.07679794e+02
    1.05713493e+02 1.06813049e+02 1.04143921e+02 1.04346970e+02
    1.07011185e+02 1.06417038e+02 1.06605812e+02 1.05702011e+02
    1.07123055e+02 1.07166588e+02 1.08729973e+02 8.82243042e+01
    8.62175598e+01 8.99840012e+01 9.30692673e+01 9.03332291e+01
    9.18203812e+01 8.86975098e+01 8.86170959e+01 9.19243622e+01
    9.23187790e+01 9.28741989e+01 9.20689774e+01 9.45256653e+01
    9.44571304e+01 9.56071701e+01 8.20479813e+01 8.10148849e+01
    8.22405701e+01 8.39210968e+01 8.35842743e+01 8.43253021e+01
    8.27434311e+01 8.17680893e+01 8.22822495e+01 8.19746323e+01
    8.20779724e+01 8.16552048e+01 8.21306915e+01 8.25521317e+01
    8.20309982e+01 8.16352158e+01 7.95951691e+01 8.21147003e+01
    8.66079330e+01 8.51331558e+01 8.66505966e+01 8.46379242e+01
    8.45127487e+01 8.66363449e+01 8.65108643e+01 8.56587982e+01
    8.48664474e+01 8.52660751e+01 8.45772934e+01 8.15185699e+01
    8.71646652e+01 8.75596695e+01 8.87684326e+01 9.09727325e+01
    9.15387650e+01 9.28443146e+01 9.16888123e+01 9.09726868e+01
    9.15732574e+01 9.13144989e+01 9.11002960e+01 9.11406784e+01
    9.14415359e+01 9.10847626e+01 8.88025284e+01 1.04781807e+02
    1.04064941e+02 1.04697929e+02 1.07084938e+02 1.07563370e+02
    1.08250954e+02 1.07006882e+02 1.05685692e+02 1.05049759e+02
    1.04144730e+02 1.03873993e+02 1.04311394e+02 1.03650620e+02
    1.03736359e+02 1.01995102e+02 9.52698135e+01 9.50215607e+01
    9.80846481e+01 1.01597458e+02 1.00550865e+02 1.02621399e+02
    1.01240692e+02 1.01670967e+02 1.03614090e+02 1.03939369e+02
    1.04445015e+02 1.04240318e+02 1.05216827e+02 1.05323578e+02
    1.04594711e+02 1.02797897e+02 1.02915215e+02 1.04325294e+02
    1.05627487e+02 1.05115952e+02 1.06311806e+02 1.04814453e+02
    1.04239609e+02 1.05131195e+02 1.04756233e+02 1.05291977e+02
    1.05290749e+02 1.06087799e+02 1.06305420e+02 1.06432655e+02
    7.40478745e+01 7.27795715e+01 7.62193375e+01 7.87920761e+01
    7.85546036e+01 8.00318527e+01 7.83109055e+01 7.76347656e+01
    7.79013977e+01 7.74923248e+01 7.76414719e+01 7.72527695e+01
    7.87240219e+01 7.87469330e+01 7.84639359e+01 9.89037552e+01
    1.00220139e+02 1.01720894e+02 1.01786400e+02 1.01245766e+02
    1.02544121e+02 1.00831940e+02 1.00687416e+02 1.01946823e+02
    1.01939217e+02 1.01931709e+02 1.01711830e+02 1.02671005e+02
    1.02803642e+02 1.02314392e+02 5.19093895e+01 5.40944138e+01
    5.12098312e+01 5.25789413e+01 5.13239136e+01 5.18210068e+01
    5.09572716e+01 5.02516022e+01 5.10175362e+01 5.00617218e+01
    4.84894104e+01 4.80420761e+01 4.75220490e+01 4.68878250e+01
    4.53364906e+01 9.40290451e+01 9.47495041e+01 9.60685349e+01
    9.60010681e+01 9.67142334e+01 9.77956467e+01 9.62435532e+01
    9.59086914e+01 9.59994431e+01 9.54962616e+01 9.58907089e+01
    9.64927826e+01 9.69821472e+01 9.75466232e+01 9.85081711e+01
    1.10987419e+02 1.12366249e+02 1.12601959e+02 1.13400558e+02
    1.13644943e+02 1.14756477e+02 1.13141075e+02 1.12812508e+02
    1.12479637e+02 1.11814667e+02 1.11997597e+02 1.12349564e+02
    1.13024475e+02 1.12813408e+02 1.11374931e+02 9.99782486e+01
    1.00333969e+02 1.01240349e+02 1.01780724e+02 1.02746368e+02
    1.03631195e+02 1.02173256e+02 1.01585922e+02 1.01731750e+02
    1.01168457e+02 1.01497169e+02 1.01818214e+02 1.02255402e+02
    1.02693359e+02 1.02700287e+02 9.61414261e+01 9.70624542e+01
    9.92510529e+01 1.00335457e+02 1.00120010e+02 1.01551971e+02
    9.93646698e+01 9.92015457e+01 9.96426849e+01 9.91298981e+01
    9.98175278e+01 9.99865570e+01 1.00903618e+02 1.01119751e+02
    1.01584541e+02 9.24111633e+01 8.65282364e+01 8.35101166e+01
    8.26361771e+01 8.37040558e+01 8.34624939e+01 8.19518890e+01
    8.11427460e+01 7.98586197e+01 7.87966919e+01 7.82012787e+01
    7.88390808e+01 7.84348450e+01 7.84926605e+01 7.90725708e+01
    1.04807564e+02 1.05268143e+02 1.06196823e+02 1.07035706e+02
    1.07198715e+02 1.07734146e+02 1.05775085e+02 1.05114998e+02
    1.05627892e+02 1.05003532e+02 1.05293709e+02 1.05258698e+02
    1.05835045e+02 1.05998726e+02 1.06030807e+02 1.02950134e+02
    1.03434746e+02 1.04868858e+02 1.05624825e+02 1.05458473e+02
    1.05591644e+02 1.03767235e+02 1.02710220e+02 1.02810387e+02
    1.01929443e+02 1.02358887e+02 1.02929199e+02 1.03580460e+02
    1.03967102e+02 1.04692818e+02 9.50494080e+01 9.64482269e+01
    9.74545135e+01 9.78823318e+01 9.88875732e+01 9.96825027e+01
    9.83521881e+01 9.76788101e+01 9.77997894e+01 9.73195267e+01
    9.78995361e+01 9.80111160e+01 9.86316376e+01 9.88595352e+01
    9.94144974e+01 7.70446930e+01 7.67847595e+01 7.76178055e+01
    7.86103058e+01 7.91289215e+01 7.97770691e+01 7.87238464e+01
    7.82233124e+01 7.81895981e+01 7.72702637e+01 7.71536484e+01
    7.81038437e+01 7.76448593e+01 7.85718079e+01 7.97623444e+01
    7.05166321e+01 7.07531204e+01 7.24322128e+01 7.40762711e+01
    7.43292542e+01 7.51707001e+01 7.45351715e+01 7.42677383e+01
    7.54344482e+01 7.57104874e+01 7.61114807e+01 7.63086166e+01
    7.78955612e+01 7.84273987e+01 7.82611008e+01 7.78067932e+01
    7.87964249e+01 7.95622253e+01 7.99503021e+01 7.97471695e+01
    8.10056610e+01 8.00091705e+01 7.96872406e+01 7.96809540e+01
    7.84713135e+01 7.88697662e+01 7.96173325e+01 7.91767120e+01
    7.99635620e+01 8.19000244e+01 1.03727486e+02 1.04144150e+02
    1.03732101e+02 1.03584740e+02 1.04219940e+02 1.04190414e+02
    1.02653793e+02 1.01819176e+02 1.01359512e+02 1.00373566e+02
    1.00412140e+02 1.01390007e+02 1.01714577e+02 1.01671379e+02
    1.01596062e+02 9.98160248e+01 9.93148346e+01 1.00114914e+02
    1.01327934e+02 1.00841560e+02 1.01668327e+02 9.98396912e+01
    9.86991501e+01 9.92670517e+01 9.82378387e+01 9.79650726e+01
    9.79762802e+01 9.79432526e+01 9.76670303e+01 9.76177597e+01
    1.22339455e+02 1.21977493e+02 1.22619919e+02 1.23845604e+02
    1.24411209e+02 1.24273399e+02 1.22671722e+02 1.21423874e+02
    1.21048782e+02 1.20255653e+02 1.19835747e+02 1.19435066e+02
    1.19163948e+02 1.18544563e+02 1.17648979e+02 1.09135002e+02
    1.09579117e+02 1.09823868e+02 1.10100578e+02 1.11936874e+02
    1.12123665e+02 1.10560791e+02 1.09440231e+02 1.07962700e+02
    1.06578529e+02 1.08968956e+02 1.09237541e+02 1.09454865e+02
    1.10825439e+02 1.10174126e+02 1.00332870e+02 9.99044800e+01
    1.00469666e+02 1.01492462e+02 1.01156685e+02 1.01770355e+02
    1.00184143e+02 9.91345901e+01 9.93573227e+01 9.84825745e+01
    9.86131821e+01 9.87510605e+01 9.96396103e+01 1.00013000e+02
    9.97243347e+01 1.08895012e+02 1.08428192e+02 1.09634003e+02
    1.11597214e+02 1.11691116e+02 1.12512543e+02 1.11230240e+02
    1.10299484e+02 1.11289452e+02 1.10621262e+02 1.10526863e+02
    1.10671867e+02 1.10820160e+02 1.10818619e+02 1.10459045e+02
    1.03922295e+02 1.03903206e+02 1.05082733e+02 1.06552361e+02
    1.07327904e+02 1.07594185e+02 1.06242287e+02 1.05420853e+02
