<?xml version="1.0"?>
<opencv_storage>
<training_set_points type_id="opencv-matrix">
  <rows>49</rows>
  <cols>15</cols>
  <dt>f</dt>
  <data>
    7.07165298e+01 7.26082153e+01 8.29503860e+01 8.36264877e+01
    8.34602509e+01 8.35599365e+01 8.33649902e+01 8.51926498e+01
    8.79527283e+01 8.77047501e+01 7.93165894e+01 7.45840378e+01
    7.47264633e+01 7.05910187e+01 7.53332672e+01 6.77071304e+01
    7.01687622e+01 7.81996460e+01 7.77472916e+01 7.79157562e+01
    7.76330109e+01 7.90480881e+01 8.12174683e+01 7.95679092e+01
    7.97010956e+01 7.54311829e+01 7.36165543e+01 7.39193420e+01
    6.72768707e+01 6.83045654e+01 8.24762344e+01 8.59615250e+01
    1.00820457e+02 1.06457443e+02 1.05376282e+02 1.03946617e+02
    1.02391060e+02 1.02122131e+02 1.04580421e+02 1.02764404e+02
    9.92636871e+01 9.74987259e+01 9.53384323e+01 9.32798233e+01
    9.39662399e+01 9.98480606e+01 1.04172623e+02 1.07227554e+02
    1.04488403e+02 1.04061630e+02 1.04882980e+02 1.05401688e+02
    1.05916054e+02 1.05552910e+02 1.03750824e+02 1.01259537e+02
    9.84839020e+01 9.87177963e+01 9.58940201e+01 9.68834686e+01
    6.79576111e+01 6.87125854e+01 7.06463318e+01 6.94898071e+01
    6.92294693e+01 7.10124283e+01 7.03404617e+01 7.18161087e+01
    7.98811264e+01 8.07951584e+01 7.26339035e+01 6.63929291e+01
    6.58208237e+01 6.61392822e+01 6.82612686e+01 5.22096901e+01
    5.23506622e+01 6.32104568e+01 7.15095825e+01 7.40983963e+01
    7.39063416e+01 7.33195419e+01 7.49165039e+01 7.67044525e+01
    7.65125885e+01 7.01052704e+01 6.61490097e+01 6.60896606e+01
    5.59726639e+01 6.12422943e+01 1.09807785e+02 1.08964691e+02
    1.06725258e+02 1.05992188e+02 1.06095932e+02 1.06173264e+02
    1.06419128e+02 1.05077118e+02 1.06151802e+02 1.05832375e+02
    1.02003876e+02 1.00397675e+02 1.00586914e+02 9.80229721e+01
    9.73771820e+01 6.26912727e+01 6.64015503e+01 6.26916656e+01
    5.82873611e+01 5.92604561e+01 5.78401718e+01 5.86442070e+01
    5.98290062e+01 6.80216675e+01 7.27984314e+01 6.63127213e+01
    7.01534958e+01 6.85252914e+01 6.10584145e+01 6.21613388e+01
    1.04893524e+02 1.04622925e+02 1.03376083e+02 1.02400803e+02
    1.02929276e+02 1.03590775e+02 1.04318848e+02 1.05145241e+02
    1.03816154e+02 1.02256844e+02 1.00361221e+02 9.86954956e+01
    9.89626923e+01 9.46025085e+01 9.56740189e+01 6.43567276e+01
    6.68136139e+01 5.45692978e+01 5.33053589e+01 5.61207275e+01
    5.39221039e+01 5.25268784e+01 5.14713478e+01 5.09771729e+01
    5.60848999e+01 4.77017555e+01 5.09857140e+01 5.21415901e+01
    4.82587166e+01 4.91127853e+01 5.67780914e+01 5.84730034e+01
    6.57253265e+01 7.01879272e+01 6.98145218e+01 7.11925735e+01
    7.07509232e+01 7.16465530e+01 7.72292023e+01 7.44486694e+01
    7.22226715e+01 6.80070267e+01 6.70209198e+01 6.55978928e+01
    6.49989624e+01 5.70996742e+01 5.70542793e+01 6.08952713e+01
    6.47965546e+01 6.47345581e+01 6.56390457e+01 6.66204910e+01
    6.79731522e+01 7.25524979e+01 6.97345123e+01 6.87267532e+01
    6.63821716e+01 6.60424042e+01 6.18141747e+01 5.92462234e+01
    6.46132812e+01 6.27160378e+01 5.55243530e+01 5.54718170e+01
    5.74948235e+01 5.80311584e+01 5.97890892e+01 6.29789314e+01
    5.87384415e+01 5.58006897e+01 5.34462051e+01 4.82668190e+01
    5.04979324e+01 4.87995033e+01 4.61311607e+01 6.25771027e+01
    6.37899132e+01 6.46653595e+01 6.12132874e+01 6.58381500e+01
    6.61756210e+01 7.06028671e+01 7.31877670e+01 6.25146408e+01
    5.87227402e+01 6.45340500e+01 7.07901001e+01 7.02132187e+01
    5.28068848e+01 4.83962593e+01 9.61593475e+01 9.75590210e+01
    9.93846283e+01 1.00979538e+02 1.02706978e+02 1.03083778e+02
    1.03476746e+02 1.04588074e+02 1.04692802e+02 1.03292679e+02
    1.00886902e+02 9.87254333e+01 9.89899139e+01 9.50977478e+01
    9.53257675e+01 5.86442375e+01 5.97009773e+01 6.57363358e+01
    6.58531570e+01 6.91030579e+01 6.96009521e+01 7.00667419e+01
    7.01379013e+01 6.88971329e+01 6.14247818e+01 6.64679337e+01
    6.64697113e+01 6.59592743e+01 6.10310745e+01 5.27851486e+01
    8.14419022e+01 8.41453705e+01 6.73914108e+01 6.49423065e+01
    6.75833282e+01 6.86048279e+01 6.74101257e+01 6.54771576e+01
    6.39222145e+01 6.65787888e+01 5.80235825e+01 5.57553368e+01
    5.49219246e+01 5.94162560e+01 5.66151619e+01 6.46695557e+01
    6.69531021e+01 7.08184738e+01 6.97180252e+01 6.70628815e+01
    6.58131790e+01 6.43779144e+01 6.19215088e+01 6.39052315e+01
    6.21333733e+01 5.93530579e+01 6.32919235e+01 5.69283829e+01
    5.46813011e+01 5.03592987e+01 7.30348434e+01 7.44685822e+01
    7.32350082e+01 7.28383865e+01 7.26676788e+01 7.38086624e+01
    7.40470657e+01 7.49481888e+01 8.03715134e+01 8.19905701e+01
    6.95356369e+01 6.40126877e+01 6.13914642e+01 6.43270721e+01
    7.34278259e+01 8.36467667e+01 9.98327179e+01 7.17566833e+01
    5.55151825e+01 5.57294540e+01 5.64781227e+01 6.22710304e+01
    6.96101990e+01 6.27306747e+01 5.83771172e+01 5.92663765e+01
    5.21226501e+01 5.49829292e+01 3.89045105e+01 4.15150948e+01
    8.80394516e+01 8.81523132e+01 9.37474213e+01 9.56614761e+01
    9.52397232e+01 9.53407593e+01 9.64254990e+01 1.00272789e+02
    9.95691071e+01 9.83081207e+01 9.53555145e+01 9.31224976e+01
    9.37061691e+01 8.98395691e+01 9.15200653e+01 7.96058884e+01
    8.16817169e+01 8.75663300e+01 8.86490784e+01 9.18306122e+01
    9.24950333e+01 9.23315735e+01 9.34023743e+01 9.17237320e+01
    8.90821838e+01 8.71329269e+01 8.32784882e+01 8.50934143e+01
    7.76700821e+01 7.90792847e+01 5.67310791e+01 5.82050209e+01
    6.51523666e+01 6.69211807e+01 6.65447998e+01 6.59202042e+01
    6.51964340e+01 6.36213760e+01 6.92788391e+01 6.83172760e+01
    6.48685760e+01 6.42908325e+01 6.21954041e+01 6.00251160e+01
    5.86100731e+01 6.33565102e+01 6.58421021e+01 6.82588959e+01
    6.49471664e+01 6.57731628e+01 6.40714188e+01 6.29623146e+01
    6.40757141e+01 6.17182236e+01 5.91885147e+01 5.69204559e+01
    5.42999763e+01 5.56119728e+01 5.49340858e+01 4.77657051e+01
    6.96607666e+01 7.07457962e+01 7.37932663e+01 7.34961624e+01
    6.86191635e+01 6.47857895e+01 5.61261826e+01 5.09373055e+01
    5.51705780e+01 5.20507202e+01 4.75742950e+01 4.49476051e+01
    4.14859810e+01 6.29168320e+01 4.98118744e+01 6.73067322e+01
    6.92162476e+01 7.70408936e+01 7.02657700e+01 6.05205460e+01
    5.99508667e+01 6.63274307e+01 7.24404221e+01 7.16029510e+01
    7.45143433e+01 6.50906448e+01 5.41224136e+01 6.01370239e+01
    5.24126968e+01 5.53663445e+01 8.66614532e+01 8.74281769e+01
    8.91392899e+01 9.13401413e+01 9.39368057e+01 9.51397629e+01
    9.56546021e+01 9.76393280e+01 9.71651001e+01 9.54411163e+01
    9.38624878e+01 9.24521332e+01 9.28441315e+01 8.71942444e+01
    8.87599792e+01 7.75598145e+01 7.92190857e+01 8.35860291e+01
    8.88488312e+01 9.47138824e+01 9.33945465e+01 8.87539825e+01
    8.63978424e+01 8.72865372e+01 8.57202759e+01 8.37549820e+01
    8.65662384e+01 8.25558472e+01 8.12719879e+01 8.15469894e+01
    4.50808563e+01 4.79291000e+01 6.25583458e+01 6.51350098e+01
    6.60855637e+01 6.77825241e+01 6.68661346e+01 6.64006500e+01
    7.03258209e+01 6.89876938e+01 6.56115341e+01 6.26616821e+01
    6.30238304e+01 6.19855576e+01 6.20793152e+01 7.26037827e+01
    7.41743927e+01 8.24831619e+01 8.54201660e+01 8.76374359e+01
    8.80074310e+01 8.78163605e+01 8.93295746e+01 8.76121674e+01
    8.54350967e+01 8.26599274e+01 7.93570786e+01 7.99039841e+01
    7.53068695e+01 7.55705719e+01 5.57569046e+01 5.76227760e+01
    6.41045914e+01 6.49664841e+01 6.55982590e+01 6.64973602e+01
    6.56778183e+01 6.53200531e+01 6.97100754e+01 6.68598785e+01
    6.49755554e+01 6.28174324e+01 6.16755676e+01 5.96794777e+01
    5.93008156e+01 8.23168716e+01 8.33388443e+01 8.35157242e+01
    8.12521591e+01 8.42173080e+01 8.69634171e+01 8.86979904e+01
    9.17017365e+01 9.09961472e+01 9.11394806e+01 8.80118713e+01
    8.65998230e+01 8.78506165e+01 8.16469803e+01 8.26558533e+01
    1.16198149e+01 1.31894331e+01 5.32152176e+01 6.21457825e+01
    5.94105911e+01 5.76680565e+01 5.90989990e+01 6.01260986e+01
