<?xml version="1.0"?>
<opencv_storage>
<training_set_points type_id="opencv-matrix">
  <rows>50</rows>
  <cols>15</cols>
  <dt>f</dt>
  <data>
    6.59292908e+01 6.36488380e+01 7.66977310e+01 7.87744064e+01
    7.99532471e+01 7.64608612e+01 7.56109695e+01 7.40339203e+01
    7.48293839e+01 7.13394470e+01 7.05816345e+01 7.38306274e+01
    7.44088440e+01 7.38528976e+01 7.29814301e+01 6.22063789e+01
    5.99570465e+01 7.17994385e+01 8.02769775e+01 8.55162201e+01
    8.45054855e+01 8.58542023e+01 8.24948425e+01 8.27173004e+01
    7.64836655e+01 7.41146393e+01 7.70212936e+01 7.97252121e+01
    7.89277496e+01 7.88348541e+01 6.23744049e+01 6.07685928e+01
    7.61786652e+01 8.24945984e+01 8.66502380e+01 8.62896118e+01
    8.68544388e+01 8.44132309e+01 8.60436096e+01 8.37087860e+01
    8.23257141e+01 8.52762527e+01 8.36334686e+01 8.42073441e+01
    8.32435150e+01 7.38905716e+01 7.67536850e+01 7.70266800e+01
    7.56429596e+01 7.91063614e+01 7.72316666e+01 8.02962494e+01
    7.54377441e+01 7.39991684e+01 7.07880402e+01 7.07045975e+01
    7.36251373e+01 7.32071304e+01 7.28267975e+01 7.16457672e+01
    6.80448685e+01 7.14592590e+01 7.35649033e+01 7.59246368e+01
    7.83699570e+01 7.83127213e+01 7.81466675e+01 7.81071167e+01
    8.07509995e+01 8.05989532e+01 7.70883636e+01 8.01659393e+01
    8.23247299e+01 8.25146484e+01 8.25285721e+01 5.94489212e+01
    5.41211319e+01 8.81818008e+01 7.57867966e+01 7.69952393e+01
    7.65038528e+01 7.61570435e+01 7.88463821e+01 8.45002823e+01
    8.48491287e+01 8.28141861e+01 8.74470749e+01 8.41033325e+01
    8.39025726e+01 8.44629974e+01 7.82347183e+01 6.66160812e+01
    6.78776474e+01 7.28694153e+01 7.36525879e+01 7.41587219e+01
    7.92439423e+01 9.93655090e+01 1.05299179e+02 9.18485260e+01
    9.96441956e+01 1.00197243e+02 8.86901474e+01 8.98680878e+01
    8.68315277e+01 7.18449173e+01 6.99935455e+01 7.42707443e+01
    7.52335281e+01 7.74742126e+01 7.58549957e+01 7.81712341e+01
    7.78749695e+01 8.15069122e+01 8.15896149e+01 8.07369766e+01
    8.46422882e+01 8.16139374e+01 8.20000687e+01 8.31015930e+01
    7.37365875e+01 7.20088501e+01 6.84784317e+01 6.93072052e+01
    7.15524902e+01 7.07736053e+01 7.44365768e+01 7.32477798e+01
    7.46032181e+01 7.15902023e+01 7.41384811e+01 7.41303482e+01
    7.44320145e+01 7.40552902e+01 7.36297684e+01 7.19456253e+01
    7.12005768e+01 6.32485085e+01 6.40747223e+01 6.35139122e+01
    6.34351006e+01 6.56028595e+01 6.68578186e+01 6.59674377e+01
    5.94255791e+01 6.19307251e+01 6.15058899e+01 6.51816330e+01
    6.36715622e+01 6.60620117e+01 6.71695938e+01 7.58052673e+01
    7.05440903e+01 6.94707184e+01 7.71391602e+01 7.90149612e+01
    8.34302597e+01 6.57899246e+01 6.41419601e+01 6.76064453e+01
    7.03955841e+01 7.17474365e+01 6.44652634e+01 6.67480469e+01
    7.14893341e+01 6.96265182e+01 7.12295914e+01 6.17121620e+01
    6.57397766e+01 6.33719521e+01 6.40165253e+01 6.27616920e+01
    5.77592316e+01 5.30062904e+01 4.77447777e+01 4.77373657e+01
    4.67481651e+01 4.36388512e+01 4.41897354e+01 4.57422371e+01
    7.20485001e+01 7.90910263e+01 7.22989807e+01 7.90094147e+01
    8.10574799e+01 7.98694458e+01 8.34345093e+01 8.12325439e+01
    8.15375443e+01 7.93217239e+01 8.00461121e+01 8.11770706e+01
    8.12194824e+01 8.18198166e+01 8.09886017e+01 6.65700912e+01
    6.82076187e+01 6.40834503e+01 6.61295929e+01 6.32576714e+01
    6.19268036e+01 6.80815735e+01 5.59404068e+01 4.66339760e+01
    4.67959290e+01 4.51948967e+01 4.79422760e+01 4.22560806e+01
    4.23720093e+01 4.25598526e+01 6.57803574e+01 6.51543961e+01
    5.83903313e+01 6.46263657e+01 6.30570679e+01 6.32309418e+01
    6.45818024e+01 5.16854286e+01 4.63391113e+01 4.37121239e+01
    4.75681801e+01 4.99598694e+01 4.05526962e+01 3.99113464e+01
    4.20025368e+01 6.87204361e+01 6.93374557e+01 6.62812271e+01
    6.66264420e+01 7.02729797e+01 6.76607666e+01 7.15999146e+01
    7.25752411e+01 7.10378494e+01 6.54071960e+01 6.96190643e+01
    6.74601746e+01 7.28489838e+01 7.26410370e+01 7.26994019e+01
    6.61315155e+01 7.20527954e+01 5.63143005e+01 5.96799545e+01
    5.43750725e+01 5.09019356e+01 5.80907745e+01 6.70157547e+01
    5.74245758e+01 4.99099350e+01 4.79225197e+01 4.81470146e+01
    4.59778633e+01 4.47179642e+01 4.66290245e+01 7.14214478e+01
    6.77789078e+01 6.14114265e+01 5.90417328e+01 5.76854095e+01
    5.47484703e+01 6.11443901e+01 7.12055283e+01 7.00238419e+01
    6.69737778e+01 6.71129150e+01 6.23001289e+01 6.16584778e+01
    6.42871552e+01 4.94750519e+01 6.36513443e+01 6.62109985e+01
    5.53021011e+01 6.13938332e+01 6.73767242e+01 6.22500877e+01
    7.09068527e+01 6.76455765e+01 6.73426056e+01 6.52303085e+01
    6.40517349e+01 6.75870209e+01 5.65726089e+01 5.48939552e+01
    4.87569923e+01 6.95076447e+01 6.85901489e+01 6.17692528e+01
    5.98741035e+01 6.11314774e+01 5.74391747e+01 6.29912186e+01
    6.54712067e+01 6.26607246e+01 6.93741913e+01 6.93560791e+01
    6.61891708e+01 6.65948792e+01 6.73975906e+01 5.49915657e+01
    6.60789261e+01 6.59930573e+01 5.66313782e+01 5.97185364e+01
    6.08742180e+01 5.90475502e+01 6.12854042e+01 6.34131393e+01
    6.30641403e+01 6.85734787e+01 8.14441757e+01 6.27326088e+01
    6.98234634e+01 6.86019287e+01 6.27873154e+01 6.78764648e+01
    6.69202652e+01 5.93986893e+01 6.67845688e+01 7.06215057e+01
    6.99845123e+01 7.52914505e+01 7.64217911e+01 7.78490753e+01
    7.24709625e+01 7.27587891e+01 7.27176437e+01 7.52716370e+01
    7.15542679e+01 7.29143448e+01 6.90239258e+01 7.08768311e+01
    6.23945732e+01 7.11361923e+01 7.63579330e+01 7.53798752e+01
    7.97520142e+01 7.97252121e+01 8.14210510e+01 7.87884750e+01
    7.93552780e+01 7.91799622e+01 8.23624420e+01 8.23508377e+01
    8.32251511e+01 6.37695541e+01 6.55519638e+01 6.68412552e+01
    6.53462677e+01 6.63048096e+01 6.45144272e+01 6.69236603e+01
    6.57043533e+01 6.62614746e+01 6.45848083e+01 6.34476624e+01
    6.61657791e+01 6.59504852e+01 6.57268066e+01 6.52268829e+01
    7.11261292e+01 7.25094681e+01 7.37390137e+01 8.67277527e+01
    8.75124130e+01 8.47454987e+01 8.66368179e+01 8.35954590e+01
    8.53384171e+01 8.31011734e+01 8.41113510e+01 8.41091003e+01
    8.56790924e+01 8.65163193e+01 8.46955719e+01 6.24899292e+01
    6.47363052e+01 5.81991043e+01 6.78528824e+01 6.27022858e+01
    5.69118423e+01 5.63161278e+01 5.61057587e+01 5.44562073e+01
    5.74060936e+01 5.92799034e+01 5.56572838e+01 6.22510834e+01
    6.10206757e+01 6.05471497e+01 6.54117813e+01 6.45829010e+01
    6.52130661e+01 6.20848770e+01 6.02055931e+01 5.85723343e+01
    5.62897911e+01 5.04051971e+01 4.43863754e+01 4.63096886e+01
    4.40106125e+01 4.41382408e+01 4.41924973e+01 4.17148132e+01
    4.74669685e+01 6.81097641e+01 6.90066910e+01 6.93425827e+01
    6.83177032e+01 6.78676300e+01 6.63339386e+01 6.32214088e+01
    5.11754494e+01 4.87211227e+01 4.91463051e+01 4.75628319e+01
    4.85108948e+01 4.59291763e+01 4.49253044e+01 5.21078796e+01
    6.43152695e+01 6.96954651e+01 6.31480980e+01 8.02967300e+01
    7.27380524e+01 6.89468918e+01 6.55166245e+01 5.61420860e+01
    5.16477356e+01 4.91915779e+01 4.89193611e+01 4.76463814e+01
    4.83524780e+01 4.80233498e+01 5.74408875e+01 6.51779633e+01
    6.83386536e+01 5.59967537e+01 6.46147766e+01 6.83397293e+01
    6.63236694e+01 7.29143829e+01 7.57302780e+01 7.79998856e+01
    7.20333099e+01 7.28141403e+01 7.21524582e+01 7.51891861e+01
    7.63625641e+01 7.56058502e+01 6.33508339e+01 6.64949646e+01
    6.15146255e+01 7.33942566e+01 7.77443771e+01 7.59439240e+01
    8.70197983e+01 8.73479538e+01 8.46827164e+01 7.87615128e+01
    8.01525116e+01 8.03326416e+01 8.07285767e+01 8.12538147e+01
    8.03372574e+01 5.98689995e+01 6.09952393e+01 6.48368225e+01
    6.55763397e+01 6.86319122e+01 6.69898529e+01 6.99463348e+01
    6.86527176e+01 6.81449966e+01 6.70431671e+01 6.71093445e+01
    6.90023804e+01 6.81789703e+01 6.75936737e+01 6.72621536e+01
    7.06807175e+01 7.15451736e+01 9.62499847e+01 8.62368240e+01
    8.18152771e+01 7.41038818e+01 7.37023163e+01 7.18740768e+01
