<?xml version="1.0"?>
<opencv_storage>
<training_set_points type_id="opencv-matrix">
  <rows>50</rows>
  <cols>15</cols>
  <dt>f</dt>
  <data>
    8.52718735e+01 8.42849960e+01 8.50633926e+01 8.35825500e+01
    8.33881378e+01 8.05284195e+01 7.90995331e+01 8.17147751e+01
    7.87461853e+01 7.74775009e+01 7.64440613e+01 7.25708618e+01
    7.14246292e+01 6.78648376e+01 7.62076721e+01 8.75891953e+01
    8.64669952e+01 8.73272476e+01 8.84628372e+01 8.83783569e+01
    7.96375580e+01 7.63940277e+01 7.74874802e+01 7.65090256e+01
    7.48137436e+01 7.51896210e+01 7.51616669e+01 7.43279495e+01
    7.31132126e+01 7.70739899e+01 7.71761246e+01 7.76024933e+01
    7.88630524e+01 7.95337830e+01 8.00548630e+01 7.31171570e+01
    7.30183334e+01 7.54626160e+01 7.31146088e+01 7.16712646e+01
    7.14684296e+01 6.86037598e+01 6.81309357e+01 6.93731537e+01
    7.48833923e+01 7.56984253e+01 7.50176620e+01 7.57045059e+01
    7.42920914e+01 7.43962555e+01 7.15493240e+01 7.09983826e+01
    7.43609619e+01 7.31142807e+01 7.22177200e+01 7.24567108e+01
    7.25220490e+01 7.10789413e+01 6.81465988e+01 7.46353912e+01
    8.38054657e+01 8.17822571e+01 8.03279419e+01 8.04009399e+01
    7.86964264e+01 7.32635956e+01 7.02853317e+01 7.09887390e+01
    6.98310776e+01 6.95261536e+01 6.92035446e+01 7.01397095e+01
    6.99640121e+01 7.02046585e+01 7.59961853e+01 8.80798798e+01
    8.65870972e+01 8.62690353e+01 8.47139130e+01 8.37626495e+01
    7.93583450e+01 7.87551575e+01 8.41843567e+01 8.21623383e+01
    8.16405334e+01 8.07762604e+01 7.76193390e+01 7.64063568e+01
    7.20310364e+01 8.12472076e+01 9.14311295e+01 8.96557770e+01
    8.92935104e+01 8.91878738e+01 8.98313751e+01 8.61895599e+01
    7.97238770e+01 7.92237625e+01 7.86883698e+01 7.70972137e+01
    7.72617264e+01 7.88885956e+01 7.84092941e+01 7.65101547e+01
    8.08074417e+01 9.34968262e+01 9.07795258e+01 8.91694260e+01
    8.93543854e+01 8.98778687e+01 8.57591629e+01 8.22884674e+01
    8.06133270e+01 8.04884033e+01 7.79368057e+01 7.84441681e+01
    8.18520813e+01 8.09915619e+01 7.85202942e+01 8.29241486e+01
    7.65367661e+01 7.45220642e+01 7.56229324e+01 7.70530548e+01
    7.69840317e+01 7.43202362e+01 7.59981079e+01 7.68733215e+01
    7.34537811e+01 7.06115952e+01 7.10206909e+01 6.93457565e+01
    6.79530945e+01 6.76687927e+01 7.42439575e+01 9.73726120e+01
    9.41443863e+01 9.30218964e+01 9.10154266e+01 9.08870773e+01
    8.78866272e+01 8.99525909e+01 9.08178329e+01 8.74900208e+01
    8.56067352e+01 8.54953003e+01 8.17236328e+01 8.04323120e+01
    7.79806061e+01 8.50798798e+01 9.62670517e+01 9.49075012e+01
    9.57632599e+01 9.59168549e+01 9.88529434e+01 9.62806091e+01
    9.53652725e+01 9.70335083e+01 9.49085007e+01 9.33331146e+01
    9.30492706e+01 8.63595886e+01 8.48517303e+01 7.88997345e+01
    9.37322845e+01 9.66847610e+01 9.97711105e+01 1.01882568e+02
    1.12380745e+02 1.11798370e+02 9.80157089e+01 9.49662857e+01
    9.97925034e+01 1.01569054e+02 9.89895782e+01 9.86056442e+01
    8.91791077e+01 8.57405090e+01 7.67438049e+01 9.40601349e+01
    8.88084564e+01 8.95870972e+01 8.71654205e+01 9.12429657e+01
    9.91036072e+01 8.89691086e+01 8.84449539e+01 9.21781998e+01
    9.31241837e+01 9.30437622e+01 9.22249908e+01 8.19452896e+01
    7.93664551e+01 7.51567993e+01 8.50906677e+01 7.42669373e+01
    7.22076492e+01 7.31322479e+01 7.45153656e+01 7.41954346e+01
    7.13689804e+01 7.50355453e+01 7.78377151e+01 7.59243851e+01
    7.46721039e+01 7.53290863e+01 7.59398041e+01 7.49080582e+01
    7.26243973e+01 7.42999649e+01 8.58217850e+01 8.42418518e+01
    8.34657135e+01 8.67316895e+01 8.99793243e+01 8.98736877e+01
    9.57131042e+01 9.64927597e+01 9.93056564e+01 9.70850830e+01
    9.70319824e+01 9.39420853e+01 9.25284424e+01 8.74721832e+01
    8.87484894e+01 7.31842041e+01 7.45738297e+01 7.08316269e+01
    7.10663986e+01 7.28985901e+01 7.10950089e+01 7.85360031e+01
    8.62307053e+01 9.16753616e+01 8.61153564e+01 8.53043671e+01
    9.32840729e+01 9.19290848e+01 7.98407059e+01 7.62914963e+01
    7.89793091e+01 7.84862900e+01 7.83056412e+01 7.89111710e+01
    7.97251434e+01 7.60381775e+01 7.61066742e+01 7.86869736e+01
    7.91671371e+01 7.66446991e+01 7.76587677e+01 8.13387299e+01
    8.12332764e+01 8.32362289e+01 7.78418274e+01 9.12549973e+01
    9.05223618e+01 9.24445648e+01 9.12016907e+01 9.29996185e+01
    9.13408661e+01 9.33645782e+01 9.64830170e+01 9.24476089e+01
    8.82071762e+01 8.84199753e+01 8.59667130e+01 8.35023651e+01
    7.80113907e+01 8.76216888e+01 7.34987335e+01 7.18058701e+01
    7.14600601e+01 7.44247665e+01 7.66984253e+01 7.77829590e+01
    8.67805099e+01 8.87595367e+01 1.08561638e+02 9.52161179e+01
    9.51825485e+01 9.45241623e+01 9.66590576e+01 8.99273376e+01
    8.27294006e+01 6.75327759e+01 6.75663300e+01 6.83387527e+01
    6.95704727e+01 6.90395737e+01 6.89165573e+01 7.42046280e+01
    7.64972000e+01 8.15048065e+01 7.64796524e+01 8.04411774e+01
    8.28059082e+01 8.30498428e+01 8.88145523e+01 7.39794312e+01
    6.69656677e+01 6.63273163e+01 6.58424301e+01 6.81734619e+01
    7.10721741e+01 7.15078888e+01 7.47101059e+01 7.73185959e+01
    8.67861176e+01 8.49567032e+01 8.89611130e+01 1.00592941e+02
    9.82770844e+01 9.74904938e+01 7.68608551e+01 7.63817139e+01
    7.42583466e+01 7.43569183e+01 7.62736969e+01 7.70551300e+01
    7.24811783e+01 6.98205261e+01 7.01450729e+01 6.70760880e+01
    6.70305023e+01 6.78415527e+01 7.36437912e+01 7.19294052e+01
    7.25271149e+01 7.45316620e+01 5.72850571e+01 5.66493988e+01
    5.89040031e+01 6.48192825e+01 6.67032242e+01 6.65433655e+01
    9.23878860e+01 8.00833740e+01 1.15262459e+02 1.08233521e+02
    1.07408104e+02 1.00222572e+02 9.23176498e+01 9.38011398e+01
    8.34249802e+01 7.11969299e+01 7.00077515e+01 7.05003281e+01
    7.21783600e+01 7.46065216e+01 7.16140137e+01 6.97051926e+01
    7.21556473e+01 6.69616013e+01 6.68118515e+01 6.66717758e+01
    7.31306763e+01 7.30468063e+01 7.18938217e+01 7.42958984e+01
    8.47847519e+01 8.10795364e+01 7.75943604e+01 8.34286118e+01
    8.59833221e+01 8.27417984e+01 8.31402359e+01 8.22994537e+01
    8.56941605e+01 8.31835098e+01 8.46633682e+01 8.68248062e+01
    8.73982315e+01 8.70657654e+01 8.02938538e+01 6.40953064e+01
    6.38653488e+01 6.55152054e+01 6.87524796e+01 7.23055496e+01
    7.22831421e+01 7.63934479e+01 7.89876709e+01 7.83320847e+01
    7.63853455e+01 7.67788773e+01 8.30360641e+01 8.66287842e+01
    9.38764801e+01 7.66961060e+01 6.63328934e+01 6.65421295e+01
    6.88791504e+01 6.78339691e+01 6.79232559e+01 7.03828430e+01
    7.57308960e+01 7.73815765e+01 7.77470703e+01 7.59480896e+01
    7.56391144e+01 7.71016922e+01 7.68039703e+01 8.15944290e+01
    7.67767334e+01 5.47597389e+01 5.21808243e+01 4.95367165e+01
    5.10061111e+01 4.94415016e+01 4.74198036e+01 5.72061920e+01
    5.78162766e+01 5.67380714e+01 5.33132744e+01 5.66316833e+01
    7.65753479e+01 7.89282913e+01 8.61300735e+01 6.04468613e+01
    4.57159271e+01 4.43012466e+01 4.73576813e+01 3.68929329e+01
    3.77737122e+01 4.23282013e+01 5.66101303e+01 5.63319130e+01
    4.82223511e+01 4.63623886e+01 4.65760155e+01 5.85724907e+01
    6.23443985e+01 7.86580582e+01 5.11694336e+01 6.75361099e+01
    6.51338196e+01 6.30488777e+01 6.64754486e+01 7.05565567e+01
    6.93050537e+01 6.68793793e+01 6.41453400e+01 7.16878281e+01
    6.78367233e+01 7.11964340e+01 8.34999695e+01 8.58492508e+01
    9.06311646e+01 7.08657303e+01 5.39357147e+01 5.28716164e+01
    5.25578766e+01 4.87919617e+01 4.63417854e+01 4.62407188e+01
    3.74704781e+01 4.18937492e+01 5.22828827e+01 5.21883125e+01
    5.07878952e+01 5.56980553e+01 6.10961533e+01 8.00392761e+01
    5.59691658e+01 4.29256439e+01 4.17993927e+01 4.06129684e+01
    4.50851440e+01 4.95989685e+01 4.14207993e+01 4.64907455e+01
    5.03858948e+01 6.07975502e+01 5.51449585e+01 5.60853691e+01
    5.81297379e+01 5.95010414e+01 6.62106705e+01 5.01845245e+01
    6.39708939e+01 5.96801147e+01 6.20407372e+01 5.55512390e+01
    4.66831589e+01 3.98665466e+01 3.34708595e+01 3.44894295e+01
