<?xml version="1.0"?>
<opencv_storage>
<training_set_points type_id="opencv-matrix">
  <rows>40</rows>
  <cols>15</cols>
  <dt>f</dt>
  <data>
    7.55382004e+01 7.32787094e+01 7.33787384e+01 8.01633072e+01
    8.13142624e+01 8.04039917e+01 7.65494156e+01 7.29279785e+01
    7.32357330e+01 7.37355118e+01 7.29051743e+01 7.33079529e+01
    7.37603302e+01 7.25209579e+01 7.43538895e+01 9.89881744e+01
    9.67372055e+01 9.61466522e+01 9.82152786e+01 9.43963623e+01
    9.09106903e+01 8.73597870e+01 8.55054703e+01 8.51747513e+01
    8.62987823e+01 8.66042786e+01 8.71298904e+01 8.68373032e+01
    8.70972595e+01 8.88337479e+01 9.28515320e+01 9.31234207e+01
    9.06815186e+01 9.53158875e+01 9.37237549e+01 9.19989471e+01
    8.55675354e+01 8.11077271e+01 8.07358170e+01 8.20314865e+01
    8.30115814e+01 8.35929260e+01 8.36494064e+01 8.36555176e+01
    8.41773987e+01 6.74424667e+01 6.47144012e+01 6.57127686e+01
    7.23302231e+01 7.10066605e+01 7.01051407e+01 6.61482544e+01
    6.26128387e+01 6.29540367e+01 6.40478668e+01 6.52055435e+01
    6.52813950e+01 6.53642273e+01 6.32577362e+01 6.29329987e+01
    6.49675903e+01 7.15915604e+01 7.46097641e+01 8.13769073e+01
    8.09180984e+01 8.19371490e+01 7.64007416e+01 7.24088898e+01
    7.22683182e+01 7.36815872e+01 7.39437714e+01 7.44509125e+01
    7.53603134e+01 7.09708710e+01 6.98195648e+01 9.89170227e+01
    1.07363289e+02 1.09798775e+02 1.05647118e+02 9.73632812e+01
    9.42017670e+01 8.85981979e+01 8.58008270e+01 8.62469635e+01
    8.72960434e+01 8.75002365e+01 8.93733215e+01 9.04934845e+01
    9.12327652e+01 9.23515778e+01 7.84124374e+01 8.68198242e+01
    9.16245651e+01 1.00215065e+02 1.01419724e+02 1.04030998e+02
    1.02566727e+02 9.97770615e+01 9.99659805e+01 1.02072113e+02
    1.02906990e+02 1.02190521e+02 1.00407547e+02 9.79474106e+01
    9.92191620e+01 5.86275558e+01 6.71950378e+01 7.00730972e+01
    7.88897324e+01 8.04145508e+01 8.43245773e+01 8.40387878e+01
    8.27013931e+01 8.43904953e+01 8.68690643e+01 8.74027023e+01
    8.58903046e+01 8.51337128e+01 8.17435608e+01 8.20048676e+01
    7.05187454e+01 7.42970428e+01 7.80158691e+01 8.76522598e+01
    8.67724991e+01 8.82518005e+01 8.97192230e+01 8.98889313e+01
    9.22291031e+01 9.31739197e+01 9.26136169e+01 9.34428711e+01
    9.31328430e+01 9.10703964e+01 9.02557373e+01 5.30953979e+01
    5.06682091e+01 5.64180107e+01 6.57987442e+01 6.55211792e+01
    6.63874283e+01 6.55931778e+01 6.46108093e+01 6.67852478e+01
    7.04900818e+01 7.19908218e+01 6.99382324e+01 6.79897995e+01
    6.60079346e+01 6.61376343e+01 9.02264481e+01 9.06207809e+01
    8.83770218e+01 9.25107651e+01 9.07977448e+01 8.96373520e+01
    8.86303635e+01 8.74262772e+01 8.88265915e+01 8.99315643e+01
    9.02283096e+01 9.29349594e+01 9.48188629e+01 9.63891678e+01
    9.45307922e+01 6.02693825e+01 5.80170326e+01 6.00832024e+01
    6.98122025e+01 7.06562500e+01 7.43335724e+01 7.71330566e+01
    7.83534470e+01 7.99791794e+01 8.30378876e+01 8.24359589e+01
    8.15541611e+01 8.13784180e+01 7.93901596e+01 7.88139038e+01
    5.74398003e+01 5.56007423e+01 5.42784424e+01 5.87372894e+01
    5.83251801e+01 5.79980392e+01 5.68124580e+01 5.56504288e+01
    5.61183891e+01 5.72460098e+01 5.68861122e+01 5.69196472e+01
    5.60387421e+01 5.52050934e+01 5.57493362e+01 5.19604568e+01
    5.68977699e+01 5.82675667e+01 6.45824127e+01 6.30239983e+01
    6.26344261e+01 6.24859238e+01 6.18911438e+01 6.46599731e+01
    6.58952637e+01 6.58975067e+01 6.50747147e+01 6.54326324e+01
    6.40490570e+01 6.45368423e+01 6.75572433e+01 6.99986725e+01
    6.88169327e+01 7.61040955e+01 7.61738586e+01 8.03037643e+01
    8.13491364e+01 8.06984253e+01 8.22917557e+01 8.26033325e+01
    8.23248215e+01 8.27651978e+01 8.41816635e+01 8.32654953e+01
    8.01654358e+01 5.76309853e+01 5.69881134e+01 5.59781609e+01
    6.02122993e+01 5.91387901e+01 5.79348450e+01 5.58204193e+01
    5.33589439e+01 5.41794319e+01 5.50392876e+01 5.42708702e+01
    5.47554169e+01 5.45037498e+01 5.34380493e+01 5.35914383e+01
    6.47810593e+01 5.61708298e+01 5.41214981e+01 5.96117783e+01
    5.85602493e+01 5.92744980e+01 5.58290405e+01 5.24776077e+01
    5.33873177e+01 5.48555527e+01 5.50614967e+01 5.47004623e+01
    5.47658157e+01 5.38217010e+01 5.51201744e+01 4.62914734e+01
    5.25503922e+01 5.02157211e+01 5.51723099e+01 5.58382683e+01
    5.71031532e+01 5.91253777e+01 5.91934204e+01 6.15294342e+01
    6.43196869e+01 6.39620514e+01 6.32082405e+01 6.29323425e+01
    6.24143715e+01 6.38489418e+01 4.86003952e+01 6.09156914e+01
    6.56846161e+01 7.40489197e+01 7.36105957e+01 7.64891281e+01
    7.73994141e+01 7.60086136e+01 7.75937424e+01 7.72192535e+01
    7.68008499e+01 7.74230270e+01 7.86922760e+01 7.72585449e+01
    7.48030930e+01 5.39994659e+01 5.39976006e+01 5.20926590e+01
    5.72062950e+01 5.80814209e+01 6.06170197e+01 6.24624786e+01
    6.55597000e+01 7.03107605e+01 7.02639313e+01 6.73252029e+01
    6.97922287e+01 6.74109268e+01 6.94688110e+01 6.90494995e+01
    5.73775520e+01 6.17000275e+01 6.60606537e+01 7.54917908e+01
    7.63746567e+01 7.82247925e+01 7.93669510e+01 7.94099274e+01
    8.19089127e+01 8.13722076e+01 8.08498077e+01 8.24124451e+01
    8.31037674e+01 8.49680481e+01 8.26130905e+01 6.78392639e+01
    7.08589172e+01 7.22238083e+01 7.95297241e+01 7.94248810e+01
    7.98075638e+01 7.76754913e+01 7.68614197e+01 7.78781815e+01
    7.93938904e+01 7.96505356e+01 8.07626419e+01 8.15973511e+01
    8.25881958e+01 8.16036148e+01 5.78476486e+01 5.70595932e+01
    5.41556015e+01 6.12102509e+01 6.22746048e+01 6.68427963e+01
    6.97031174e+01 7.02818527e+01 7.34938431e+01 7.37641373e+01
    7.39764938e+01 7.45974960e+01 7.49694138e+01 7.44888763e+01
    7.30319901e+01 6.27603226e+01 5.87504349e+01 4.91906471e+01
    4.96567268e+01 4.89640923e+01 4.87741814e+01 4.95542526e+01
    5.02160378e+01 5.14972801e+01 5.41048584e+01 5.41108589e+01
    5.30098076e+01 5.17251778e+01 5.14994850e+01 5.32793007e+01
    5.28366737e+01 5.05038986e+01 4.92294426e+01 5.13397636e+01
    4.92254181e+01 4.84433022e+01 4.71089211e+01 4.67852669e+01
    4.83024979e+01 4.94825249e+01 4.99290237e+01 4.96323013e+01
    4.92247086e+01 4.97606468e+01 5.14004898e+01 7.29496994e+01
    7.09157944e+01 6.81625061e+01 7.38153381e+01 7.40660248e+01
    7.34262238e+01 7.26168137e+01 7.28951340e+01 7.48801956e+01
    7.52553253e+01 7.50484314e+01 7.59011078e+01 7.64777985e+01
    7.75130157e+01 7.78735809e+01 6.72124557e+01 7.48362122e+01
    7.38586807e+01 7.68700333e+01 7.39913177e+01 7.27963257e+01
    7.15244064e+01 7.01501999e+01 7.19328308e+01 7.27615204e+01
    7.24192429e+01 7.32803726e+01 7.35435181e+01 7.44347610e+01
    7.36858292e+01 5.85438194e+01 6.01504402e+01 5.46240845e+01
    5.76009102e+01 5.60274658e+01 5.52555084e+01 5.42698746e+01
    5.44838562e+01 5.71781120e+01 5.86532516e+01 5.90758972e+01
    5.90895157e+01 5.89141464e+01 6.00753555e+01 6.34042854e+01
    5.67652817e+01 6.11688614e+01 6.10146408e+01 6.29726448e+01
    6.52579346e+01 6.54967804e+01 6.46362762e+01 6.42532883e+01
    6.61908493e+01 6.67062607e+01 6.65870590e+01 6.80372086e+01
    6.74636917e+01 6.73071747e+01 6.44999542e+01 7.19985199e+01
    6.86817932e+01 6.69049377e+01 7.43108292e+01 7.58627243e+01
    7.52624512e+01 7.25799103e+01 7.04837570e+01 7.14964142e+01
    7.24994202e+01 7.29827271e+01 7.30126114e+01 7.38871002e+01
    7.40221481e+01 7.47560043e+01 5.00151711e+01 5.04306755e+01
    5.15576401e+01 5.79590645e+01 5.82795029e+01 5.75174904e+01
    5.75849991e+01 5.84165230e+01 5.99780464e+01 6.32110291e+01
    6.36638947e+01 6.31535492e+01 6.18316154e+01 6.27138901e+01
    6.35075912e+01 5.46465416e+01 5.32784348e+01 5.24654617e+01
    6.05534515e+01 6.02646217e+01 6.20501671e+01 5.60116005e+01
    5.28263016e+01 5.35533905e+01 5.53876953e+01 5.58483543e+01
    5.57573395e+01 5.53155174e+01 5.57078362e+01 5.74030762e+01
    4.62401657e+01 4.23156891e+01 4.74556770e+01 5.70936432e+01
    5.88978729e+01 5.71346245e+01 5.19668655e+01 5.07574730e+01
