<?xml version="1.0"?>
<opencv_storage>
<training_set_points type_id="opencv-matrix">
  <rows>39</rows>
  <cols>15</cols>
  <dt>f</dt>
  <data>
    1.23440262e+02 1.14847336e+02 1.11857300e+02 1.19744904e+02
    1.18457024e+02 1.07173935e+02 1.05393707e+02 1.06003548e+02
    1.03041145e+02 1.02778641e+02 1.05996971e+02 1.08033012e+02
    1.08694382e+02 1.07002380e+02 1.06556091e+02 7.65859680e+01
    7.72266006e+01 7.83448334e+01 7.85124130e+01 7.99418869e+01
    7.75512695e+01 7.67963181e+01 7.63783264e+01 7.57277222e+01
    7.57865372e+01 7.61638794e+01 7.66466675e+01 7.90531845e+01
    8.04272690e+01 8.11907196e+01 7.56969528e+01 7.95849457e+01
    7.75084534e+01 7.76045609e+01 6.85740356e+01 7.06560059e+01
    7.20052185e+01 7.45760193e+01 7.03921127e+01 7.57118530e+01
    7.83935394e+01 7.70969543e+01 7.45591736e+01 7.55902710e+01
    7.61505356e+01 6.01868401e+01 7.00130997e+01 8.53716736e+01
    7.08455200e+01 6.68936996e+01 7.39152603e+01 8.10518799e+01
    8.04746552e+01 8.32627869e+01 8.74223251e+01 8.66056671e+01
    8.77202682e+01 9.64960175e+01 9.96698303e+01 9.95787277e+01
    2.60822849e+01 3.08276997e+01 4.87012367e+01 3.42925034e+01
    2.88724422e+01 2.51640797e+01 2.86571693e+01 3.10166779e+01
    3.06001682e+01 4.23944054e+01 4.48462410e+01 4.72517166e+01
    5.07401237e+01 5.63784447e+01 5.78008232e+01 5.43055878e+01
    6.40942688e+01 7.61221695e+01 5.81816864e+01 5.34807549e+01
    6.57608490e+01 6.82774734e+01 6.85306854e+01 7.01170273e+01
    7.47988968e+01 7.65078735e+01 7.86902466e+01 8.34890747e+01
    8.83872757e+01 8.97875900e+01 7.58877716e+01 7.65783234e+01
    7.43519211e+01 7.48557587e+01 7.90790176e+01 8.02757874e+01
    7.78485413e+01 8.18416443e+01 8.05428848e+01 8.04925690e+01
    7.80570526e+01 7.60356522e+01 7.50651855e+01 7.35412674e+01
    7.35112381e+01 6.26670876e+01 7.31603546e+01 8.05042725e+01
    7.32968750e+01 7.30496521e+01 7.37678757e+01 7.63050461e+01
    7.53829651e+01 7.75167542e+01 8.01271515e+01 8.07024994e+01
    8.17232819e+01 8.73224335e+01 9.25812683e+01 9.44397812e+01
    5.00983047e+01 2.69882965e+01 2.52707348e+01 4.66831169e+01
    6.12805862e+01 3.38806190e+01 2.21843262e+01 2.59483490e+01
    2.64128628e+01 3.27574730e+01 3.18123226e+01 2.23028507e+01
    2.72947369e+01 3.38639832e+01 3.80021896e+01 5.81422272e+01
    3.65608368e+01 4.04692230e+01 5.70217056e+01 5.73702469e+01
    3.24295998e+01 3.64445114e+01 3.66858177e+01 3.91257362e+01
    4.71346130e+01 4.48974342e+01 4.61984177e+01 4.92295380e+01
    5.55124893e+01 5.81162071e+01 6.36631851e+01 3.75834389e+01
    2.26831474e+01 5.47787170e+01 7.14255371e+01 4.84227524e+01
    2.75219021e+01 2.96100960e+01 2.91554260e+01 1.91934853e+01
    2.09182415e+01 2.42142868e+01 2.58985138e+01 3.38844261e+01
    3.81621132e+01 3.75339470e+01 5.53534241e+01 7.56772461e+01
    4.71667519e+01 3.41605873e+01 4.98542557e+01 5.88902054e+01
    6.01406174e+01 6.16985893e+01 7.37328949e+01 7.59059067e+01
    8.05964279e+01 8.43725510e+01 8.88060837e+01 9.09848938e+01
    2.70834904e+01 4.17818642e+01 5.93067780e+01 4.74224052e+01
    3.47593727e+01 4.25458374e+01 5.12740402e+01 4.81659927e+01
    4.99918938e+01 5.36181793e+01 5.28550949e+01 5.50091133e+01
    6.79357605e+01 7.26816711e+01 7.49104309e+01 5.54128227e+01
    5.43528709e+01 5.58718109e+01 6.04405746e+01 5.72532730e+01
    4.54423828e+01 3.93003273e+01 4.35176010e+01 4.02318459e+01
    4.13214455e+01 4.96409340e+01 5.35583687e+01 5.25245476e+01
    5.15865555e+01 5.23049011e+01 6.07426414e+01 6.10788574e+01
    3.82948112e+01 5.17692833e+01 5.20306129e+01 4.15931892e+01
    3.45396042e+01 3.68978539e+01 3.19114304e+01 2.86333199e+01
    3.79703217e+01 3.18688030e+01 3.22899284e+01 4.09541664e+01
    4.46001129e+01 8.20581131e+01 8.11504669e+01 7.83323517e+01
    7.99231110e+01 8.00895462e+01 8.00720673e+01 7.95771408e+01
    8.09235077e+01 7.89531860e+01 8.12647095e+01 8.04344635e+01
    7.97268982e+01 8.01304169e+01 7.94029922e+01 7.84069443e+01
    6.44310455e+01 5.27558403e+01 5.29025536e+01 6.22348747e+01
    7.40454483e+01 6.90967560e+01 7.08214035e+01 6.67183380e+01
    7.02701187e+01 6.60922012e+01 5.70101242e+01 5.77380142e+01
    6.26059074e+01 6.73831329e+01 6.93560944e+01 6.95539246e+01
    6.76485977e+01 5.40668945e+01 5.31514053e+01 7.47656784e+01
    7.82189865e+01 7.64086380e+01 7.42240448e+01 7.33713074e+01
    6.57551041e+01 6.30132103e+01 6.09187317e+01 4.23535538e+01
    2.20944023e+01 1.98557281e+01 4.94421577e+01 3.78770561e+01
    3.66348419e+01 4.83770714e+01 4.94898376e+01 3.31852570e+01
    2.58163414e+01 3.00659351e+01 2.77263508e+01 3.11254845e+01
    3.13895378e+01 3.59321136e+01 4.63260727e+01 5.53061943e+01
    5.76644287e+01 6.17086868e+01 6.22704544e+01 5.38966331e+01
    6.23453674e+01 6.50508652e+01 6.06314354e+01 5.63123970e+01
    5.45183487e+01 5.30602455e+01 4.61991081e+01 4.92340317e+01
    5.03214607e+01 4.86461334e+01 4.95943069e+01 5.08420830e+01
    5.14455376e+01 4.83260384e+01 3.58389282e+01 4.99294510e+01
    5.95272369e+01 5.60133820e+01 5.45668373e+01 4.94757080e+01
    4.83916550e+01 3.49470634e+01 3.67934227e+01 3.55283699e+01
    2.67443886e+01 3.01749554e+01 3.24808426e+01 6.03153229e+01
    6.74142609e+01 9.55821228e+01 7.33249817e+01 6.22812843e+01
    6.03033485e+01 5.92536163e+01 5.92693329e+01 5.91845741e+01
    6.43401642e+01 7.09007111e+01 7.71292419e+01 9.01728058e+01
    7.89501953e+01 7.43249435e+01 6.03332672e+01 5.58304405e+01
    6.24996338e+01 6.35950623e+01 6.53305588e+01 5.68095245e+01
    5.67987022e+01 5.42791672e+01 5.53981857e+01 5.36511459e+01
    5.44645882e+01 5.65907669e+01 6.55075836e+01 6.69316101e+01
    6.69595490e+01 7.34188004e+01 6.66000214e+01 6.31404457e+01
    7.03996201e+01 7.26387100e+01 6.90952682e+01 6.72305450e+01
    6.56738358e+01 6.50838547e+01 6.22249908e+01 6.14241867e+01
    6.12792625e+01 6.22877960e+01 6.09584923e+01 6.03203239e+01
    6.88679199e+01 6.47180786e+01 6.49174957e+01 6.72681274e+01
    6.70366669e+01 6.70179214e+01 7.92321472e+01 7.39085770e+01
    7.58562393e+01 8.60218506e+01 6.99600601e+01 6.95227203e+01
    7.00666351e+01 6.69932327e+01 6.62999115e+01 7.80572815e+01
    7.71536026e+01 7.77739105e+01 7.74552002e+01 7.88768463e+01
    7.53619232e+01 7.39771729e+01 7.40890961e+01 7.18576431e+01
    7.06782150e+01 7.35448074e+01 7.50171890e+01 7.65897827e+01
    7.88334579e+01 7.96321182e+01 5.63892517e+01 5.32072334e+01
    5.38417053e+01 6.17815590e+01 6.80814896e+01 6.15535202e+01
    5.72393341e+01 5.32203484e+01 5.53845062e+01 5.03813744e+01
    5.25390968e+01 5.52140732e+01 5.53783569e+01 5.45157204e+01
    5.42063522e+01 7.60512161e+01 7.64849930e+01 7.28823929e+01
    7.36608734e+01 7.42003632e+01 7.58949738e+01 7.36078262e+01
    7.45707550e+01 7.30961990e+01 7.16953430e+01 7.18048859e+01
    7.11629105e+01 7.14692230e+01 7.10699921e+01 7.12389984e+01
    7.78036880e+01 7.45535660e+01 7.01004028e+01 6.81943588e+01
    7.87874680e+01 7.43598251e+01 7.04009933e+01 7.22608795e+01
    7.12633591e+01 7.03057861e+01 6.96941071e+01 6.91264572e+01
    6.68083572e+01 6.39516640e+01 6.39514427e+01 9.73414993e+01
    9.25875397e+01 7.04726791e+01 8.94492645e+01 1.22188965e+02
    9.07125473e+01 8.48271255e+01 8.88822174e+01 8.73177338e+01
    8.42265244e+01 7.79582291e+01 7.45780487e+01 7.26493073e+01
    7.39166260e+01 7.43062439e+01 1.12745071e+02 9.49660110e+01
    7.56122437e+01 7.89834518e+01 8.86607361e+01 9.74317398e+01
    1.00326843e+02 9.05360031e+01 9.70003662e+01 1.04483826e+02
    9.45000458e+01 9.88409653e+01 7.88013306e+01 6.74830780e+01
    6.52973633e+01 7.24125519e+01 7.40873337e+01 7.34137802e+01
    7.15391846e+01 7.05312958e+01 7.71051712e+01 7.45635910e+01
    7.42304382e+01 7.34805756e+01 7.44385986e+01 7.41122437e+01
    7.30155029e+01 7.13514709e+01 7.20559311e+01 7.20398560e+01
    9.58459473e+01 9.88075714e+01 8.05137405e+01 7.50227127e+01
    7.59667816e+01 8.94666977e+01 9.98453598e+01 9.74526138e+01
