<?xml version="1.0"?>
<opencv_storage>
<training_set_points type_id="opencv-matrix">
  <rows>51</rows>
  <cols>15</cols>
  <dt>f</dt>
  <data>
    9.52821426e+01 9.66157837e+01 9.75260468e+01 9.70958862e+01
    9.74659271e+01 9.51131439e+01 9.43534393e+01 9.53726807e+01
    9.56355438e+01 9.57627182e+01 9.62019958e+01 9.59789734e+01
    9.64917603e+01 9.62163696e+01 9.59363403e+01 8.88193436e+01
    8.87909927e+01 8.94502182e+01 8.91538544e+01 9.01594543e+01
    8.79620438e+01 8.71760559e+01 8.83735504e+01 8.85627975e+01
    8.91420746e+01 8.96346359e+01 8.97707748e+01 8.93789368e+01
    8.86601257e+01 8.85953369e+01 9.75740051e+01 9.62850876e+01
    9.65710526e+01 9.69131012e+01 9.68824844e+01 9.45796585e+01
    9.35428925e+01 9.44291382e+01 9.50499496e+01 9.57919540e+01
    9.63129578e+01 9.65206451e+01 9.66503677e+01 9.54492035e+01
    9.58852615e+01 9.05829849e+01 8.90573654e+01 8.98114929e+01
    8.93492508e+01 8.84101181e+01 8.63428879e+01 8.56888809e+01
    8.68736267e+01 8.74812317e+01 8.81701813e+01 8.87626343e+01
    8.88185959e+01 8.91930923e+01 8.84257507e+01 8.80716095e+01
    7.78622589e+01 7.79584122e+01 7.89065552e+01 7.79953079e+01
    7.95173874e+01 7.78622360e+01 7.68201065e+01 7.82222595e+01
    7.86475830e+01 7.89879074e+01 7.95558624e+01 7.95892792e+01
    7.93790894e+01 7.89960632e+01 7.90694733e+01 9.60198593e+01
    9.28162994e+01 9.37058868e+01 9.32254486e+01 9.34507675e+01
    9.17404099e+01 9.13876343e+01 9.27881851e+01 9.42285461e+01
    9.44595337e+01 9.48860474e+01 9.50363464e+01 9.50529785e+01
    9.44206009e+01 9.43140030e+01 9.56440735e+01 9.07926559e+01
    9.04103699e+01 8.99610138e+01 8.95321274e+01 8.71232681e+01
    8.61828079e+01 8.75877457e+01 8.86365738e+01 8.98263245e+01
    9.02377625e+01 9.04694366e+01 9.01134186e+01 8.89488754e+01
    8.90661697e+01 1.06019409e+02 1.04322670e+02 1.04091713e+02
    1.03970352e+02 1.03289375e+02 1.01610001e+02 1.00772346e+02
    1.01874863e+02 1.02881660e+02 1.03297127e+02 1.04407593e+02
    1.04465378e+02 1.04453819e+02 1.03188301e+02 1.03575562e+02
    1.11657364e+02 1.09074097e+02 1.08540970e+02 1.08579926e+02
    1.08451256e+02 1.06615616e+02 1.05403694e+02 1.06849625e+02
    1.06463882e+02 1.06594292e+02 1.06655579e+02 1.06082954e+02
    1.06467697e+02 1.07066376e+02 1.06221588e+02 1.09560379e+02
    1.07884453e+02 1.07421967e+02 1.08121323e+02 1.07959694e+02
    1.05365135e+02 1.04483986e+02 1.04946327e+02 1.04946075e+02
    1.05004738e+02 1.05719757e+02 1.05682175e+02 1.05768646e+02
    1.04969109e+02 1.04929146e+02 8.65594101e+01 8.26258698e+01
    8.26049347e+01 8.37288055e+01 8.43666840e+01 8.32602386e+01
    8.21081543e+01 8.27391205e+01 8.31187592e+01 8.33322525e+01
    8.32995453e+01 8.31242905e+01 8.25343628e+01 8.25401917e+01
    8.22730637e+01 1.03582657e+02 1.03866615e+02 1.05733948e+02
    1.05374016e+02 1.04820435e+02 1.02662743e+02 1.02009727e+02
    1.03199806e+02 1.03355179e+02 1.03585892e+02 1.03293068e+02
    1.03251808e+02 1.03361168e+02 1.03631950e+02 1.03264992e+02
    1.15790001e+02 1.10510201e+02 1.09922279e+02 1.09917542e+02
    1.09067032e+02 1.06828522e+02 1.05653450e+02 1.05594070e+02
    1.06074486e+02 1.06497391e+02 1.07116188e+02 1.07251427e+02
    1.07120193e+02 1.06794815e+02 1.06418129e+02 1.01349754e+02
    1.00731033e+02 1.00842735e+02 1.01677238e+02 1.01254791e+02
    9.90478134e+01 9.81525040e+01 9.90700607e+01 9.98685226e+01
    9.98238373e+01 1.00500839e+02 1.00140198e+02 1.00092125e+02
    9.99827042e+01 9.98087845e+01 9.93072205e+01 9.48798752e+01
    9.37535629e+01 9.32609787e+01 9.47209854e+01 9.43406906e+01
    9.15180588e+01 9.12360306e+01 9.08092575e+01 8.98128052e+01
    8.94418030e+01 8.92638550e+01 8.95525131e+01 9.11370087e+01
    9.01857071e+01 1.14208099e+02 1.07842339e+02 1.07058929e+02
    1.08644592e+02 1.09589645e+02 1.06773781e+02 1.04323891e+02
    1.04364151e+02 1.02840385e+02 1.01599350e+02 1.01054840e+02
    1.00132935e+02 1.00923203e+02 1.02666115e+02 1.01352936e+02
    1.06608772e+02 1.00314957e+02 9.92422638e+01 1.00648033e+02
    1.01006264e+02 9.95802994e+01 9.77650681e+01 9.77042007e+01
    9.70794678e+01 9.68598175e+01 9.70623550e+01 9.70316849e+01
    9.76130600e+01 9.88269119e+01 9.79682693e+01 8.46564407e+01
    8.03471298e+01 7.96548691e+01 8.20229340e+01 8.28160248e+01
    8.08744812e+01 7.89108734e+01 7.97635956e+01 7.97561111e+01
    7.97840271e+01 7.95172348e+01 7.90755157e+01 7.92062607e+01
    7.84881516e+01 7.86889038e+01 9.85713348e+01 9.17190094e+01
    9.09425354e+01 9.21731796e+01 9.24853134e+01 9.11634598e+01
    8.98850479e+01 9.05319519e+01 9.03196793e+01 9.04133835e+01
    8.99365005e+01 9.02069855e+01 9.07836533e+01 9.15687637e+01
    9.10509491e+01 1.00108109e+02 9.43114090e+01 9.30484619e+01
    9.50046997e+01 9.53531799e+01 9.39799576e+01 9.14033661e+01
    9.07311554e+01 8.95562286e+01 8.89348297e+01 8.73349380e+01
    8.74542465e+01 8.83465881e+01 9.10178452e+01 8.89246063e+01
    8.25478668e+01 7.86300278e+01 7.73813629e+01 7.95774765e+01
    8.11001968e+01 7.91434784e+01 7.66936035e+01 7.65940552e+01
    7.56457443e+01 7.47121582e+01 7.23896713e+01 7.23377533e+01
    7.21138687e+01 7.51431351e+01 7.32853699e+01 8.39194412e+01
    7.22996063e+01 6.66844330e+01 7.17356262e+01 7.35534973e+01
    7.29671631e+01 6.74303284e+01 6.31944275e+01 5.83234406e+01
    5.42554321e+01 5.00068016e+01 4.68530998e+01 4.84981766e+01
    5.53721619e+01 5.10160408e+01 8.71809769e+01 6.69034653e+01
    5.87598610e+01 6.51409531e+01 6.28193855e+01 5.95068016e+01
    5.11261597e+01 4.45520325e+01 4.04741592e+01 3.74275932e+01
    3.59760742e+01 3.46548996e+01 3.58810234e+01 3.99215508e+01
    3.77065582e+01 7.85510330e+01 7.64836349e+01 7.73911896e+01
    7.60084229e+01 7.59221344e+01 7.48715439e+01 7.42657471e+01
    7.49469681e+01 7.56028748e+01 7.55075455e+01 7.56745529e+01
    7.59417572e+01 7.59227371e+01 7.62931137e+01 7.61981201e+01
    7.43363190e+01 5.54069710e+01 4.93333893e+01 5.70028343e+01
    5.88665161e+01 5.73331947e+01 5.23842316e+01 4.84755974e+01
    4.36385765e+01 3.99290047e+01 3.85408058e+01 3.64119568e+01
    3.73495064e+01 4.14846268e+01 3.78498230e+01 6.32349091e+01
    5.51377792e+01 5.58793106e+01 5.44937210e+01 5.35239410e+01
    5.06426926e+01 4.67758484e+01 4.67123489e+01 4.40142822e+01
    4.23312874e+01 4.09476700e+01 3.98120728e+01 3.98882980e+01
    3.96337090e+01 3.91641273e+01 6.93658371e+01 7.18434143e+01
    7.43676987e+01 7.47902908e+01 7.54936829e+01 7.32934647e+01
    7.10763550e+01 7.14947052e+01 7.02478714e+01 6.94758759e+01
    6.90553131e+01 6.79019241e+01 6.80526505e+01 6.85084763e+01
    6.76848450e+01 1.08497299e+02 1.05995453e+02 1.08828636e+02
    1.07448227e+02 1.06195602e+02 1.05238571e+02 1.05365028e+02
    1.08795074e+02 1.09879593e+02 1.10725357e+02 1.11784439e+02
    1.11734207e+02 1.11950089e+02 1.11436676e+02 1.12703918e+02
    2.92089329e+01 4.29758186e+01 4.67635994e+01 4.14748001e+01
    3.98439369e+01 3.52493553e+01 3.60529861e+01 3.70673523e+01
    3.75043793e+01 3.85681915e+01 3.79062347e+01 3.68256760e+01
    3.65588188e+01 3.42314682e+01 3.46360054e+01 1.16663696e+02
    1.08239983e+02 1.07460541e+02 1.07506790e+02 1.08058090e+02
    1.08562332e+02 1.06847527e+02 1.07820892e+02 1.08527618e+02
    1.08345001e+02 1.09263931e+02 1.09141647e+02 1.09446487e+02
    1.09305222e+02 1.09882172e+02 2.25247231e+01 3.12741070e+01
    3.50148354e+01 3.26799850e+01 3.26819801e+01 2.80715446e+01
    2.98504925e+01 3.15808964e+01 3.20421906e+01 3.36145668e+01
    3.43662682e+01 3.44541435e+01 3.46573792e+01 3.18799896e+01
    3.22133331e+01 5.26713905e+01 5.48766022e+01 5.88500366e+01
    5.70202484e+01 5.48724289e+01 4.91985626e+01 5.11084404e+01
    5.33762550e+01 5.47514267e+01 5.59180641e+01 5.56501312e+01
    5.72501373e+01 5.49165459e+01 5.02539062e+01 5.12706757e+01
    5.00133362e+01 5.29193001e+01 5.64215965e+01 5.31857986e+01
    5.33844261e+01 5.05384598e+01 5.04427299e+01 5.11508560e+01
