<?xml version="1.0"?>
<opencv_storage>
<training_set_points type_id="opencv-matrix">
  <rows>54</rows>
  <cols>15</cols>
  <dt>f</dt>
  <data>
    9.92007141e+01 9.84224472e+01 9.99544373e+01 1.00243416e+02
    1.00160728e+02 1.02397362e+02 1.02749878e+02 1.03259644e+02
    1.05176819e+02 1.04452995e+02 1.04493103e+02 1.05218788e+02
    1.04592026e+02 1.04644821e+02 1.03260628e+02 9.49248886e+01
    9.43028030e+01 9.34145813e+01 9.35092773e+01 9.35985336e+01
    9.53749161e+01 9.54517517e+01 9.53518143e+01 9.65635147e+01
    9.67336044e+01 9.65218201e+01 9.67600098e+01 9.68559723e+01
    9.70523071e+01 9.77505112e+01 1.05840088e+02 1.04352097e+02
    1.01809570e+02 1.01138046e+02 1.00845963e+02 1.01851425e+02
    1.01711304e+02 1.01248093e+02 1.02692711e+02 1.02394455e+02
    1.02424660e+02 1.03281113e+02 1.03090996e+02 1.03599052e+02
    1.04402733e+02 8.34468689e+01 8.41945038e+01 8.94623260e+01
    8.97948837e+01 8.90494919e+01 9.19870148e+01 9.17070923e+01
    9.22289734e+01 9.38647385e+01 9.37538147e+01 9.39358902e+01
    9.41014099e+01 9.30596619e+01 9.20708923e+01 8.97737122e+01
    9.81424103e+01 9.75786743e+01 9.75170593e+01 9.78243179e+01
    9.79258957e+01 1.00594696e+02 1.00965118e+02 1.01459297e+02
    1.02777527e+02 1.02622505e+02 1.02697838e+02 1.03382584e+02
    1.02939743e+02 1.03601227e+02 1.03072601e+02 8.25930481e+01
    8.34141846e+01 8.32587128e+01 8.28540115e+01 8.31889191e+01
    8.54469986e+01 8.58651886e+01 8.58930511e+01 8.69731293e+01
    8.71860123e+01 8.72369995e+01 8.79193344e+01 8.73374939e+01
    8.72788925e+01 8.78626175e+01 7.89347763e+01 8.03330460e+01
    8.23193054e+01 8.25501175e+01 8.28126373e+01 8.59301910e+01
    8.66974411e+01 8.82911606e+01 9.01456757e+01 8.94655457e+01
    8.92765579e+01 8.98289948e+01 8.86058350e+01 8.89305725e+01
    8.75428772e+01 8.14196320e+01 8.12303009e+01 7.81507492e+01
    7.82808609e+01 7.86868668e+01 8.03134308e+01 8.01094208e+01
    7.93906021e+01 8.01442795e+01 8.14814606e+01 8.12474823e+01
    8.11588364e+01 8.18249893e+01 8.28386917e+01 8.45436859e+01
    8.51449814e+01 8.58375854e+01 8.65609589e+01 8.71670380e+01
    8.68690643e+01 8.93242264e+01 8.97509842e+01 9.06379623e+01
    9.20040665e+01 9.21342773e+01 9.21635284e+01 9.30351028e+01
    9.24379349e+01 9.25341644e+01 9.19763870e+01 9.14114151e+01
    9.30849609e+01 9.08911667e+01 9.05763931e+01 9.14575424e+01
    9.36395950e+01 9.41377640e+01 9.43082809e+01 9.47742081e+01
    9.61175919e+01 9.63606567e+01 9.68443375e+01 9.76586685e+01
    9.89017715e+01 9.92027740e+01 8.38371735e+01 8.53885117e+01
    8.59670944e+01 8.60652924e+01 8.66025543e+01 8.91131973e+01
    8.97690506e+01 8.96935425e+01 9.07986603e+01 9.20262146e+01
    9.20200195e+01 9.28776474e+01 9.28676529e+01 9.34261322e+01
    9.36003799e+01 8.65187302e+01 8.63008804e+01 8.56582718e+01
    8.57879791e+01 8.62601395e+01 8.85587158e+01 8.86862488e+01
    8.90741501e+01 8.98930130e+01 9.04251022e+01 9.00685883e+01
    9.01792755e+01 9.03092422e+01 9.01804276e+01 9.08536377e+01
    7.54191284e+01 7.68847733e+01 7.27560425e+01 7.22102203e+01
    7.28558960e+01 7.48626175e+01 7.49870071e+01 7.49210358e+01
    7.63778534e+01 7.76265335e+01 7.75791702e+01 7.78125992e+01
    7.85690460e+01 7.94338303e+01 8.16057434e+01 7.21301804e+01
    7.34420471e+01 7.09755630e+01 7.07702332e+01 7.13016052e+01
    7.30034866e+01 7.29634399e+01 7.24473343e+01 7.31849060e+01
    7.36536026e+01 7.35546188e+01 7.32033615e+01 7.33976974e+01
    7.41163025e+01 7.49518051e+01 7.53411179e+01 7.70982056e+01
    7.38540344e+01 7.36911774e+01 7.52679672e+01 7.68345032e+01
    7.74343338e+01 7.70863876e+01 7.87994385e+01 8.04714584e+01
    8.09803925e+01 8.20048828e+01 8.27605057e+01 8.39131012e+01
    8.50968094e+01 9.00774765e+01 9.10315475e+01 9.27326660e+01
    9.33105621e+01 9.32150497e+01 9.63279953e+01 9.64445953e+01
    9.72559662e+01 9.89065552e+01 9.95371323e+01 9.92571106e+01
    9.99913635e+01 9.91433563e+01 9.93674393e+01 9.81516571e+01
    9.29108582e+01 9.31009750e+01 9.00592422e+01 8.89668045e+01
    8.93727264e+01 9.03942566e+01 8.96736984e+01 8.87252960e+01
    8.98015594e+01 9.14248047e+01 9.15715179e+01 9.09748993e+01
    9.23546829e+01 9.29611282e+01 9.53406525e+01 7.68554230e+01
    7.85921783e+01 7.67909775e+01 7.66839447e+01 7.74481430e+01
    7.93030777e+01 7.93875885e+01 7.92083054e+01 8.04936218e+01
    8.16027374e+01 8.18828125e+01 8.21161499e+01 8.27289047e+01
    8.34829102e+01 8.42150040e+01 6.17337875e+01 6.43726578e+01
    6.52722397e+01 6.57010345e+01 6.59358673e+01 6.83839417e+01
    6.87746353e+01 6.89323959e+01 7.02457123e+01 7.14318314e+01
    7.14649429e+01 7.16864395e+01 7.18912735e+01 7.22378922e+01
    7.28101044e+01 6.08292046e+01 6.27429085e+01 6.11338501e+01
    6.08238220e+01 6.08836288e+01 6.31070900e+01 6.37883034e+01
    6.36854477e+01 6.47905426e+01 6.73459396e+01 6.82144547e+01
    6.96443939e+01 6.97492905e+01 7.06372375e+01 7.00333481e+01
    7.09827576e+01 7.27742081e+01 7.26197205e+01 7.23963165e+01
    7.25541000e+01 7.45994720e+01 7.46449509e+01 7.51079483e+01
    7.68601837e+01 7.72705078e+01 7.75505371e+01 7.71468887e+01
    7.72063980e+01 7.70374146e+01 7.75196762e+01 8.78834381e+01
    9.00687408e+01 9.13565674e+01 9.20172882e+01 9.17659912e+01
    9.45336304e+01 9.46395721e+01 9.52005081e+01 9.69378204e+01
    9.71585922e+01 9.73056870e+01 9.71610794e+01 9.66171570e+01
    9.61799850e+01 9.56156158e+01 9.50814285e+01 9.55676117e+01
    9.58076172e+01 9.71576004e+01 9.75361023e+01 1.00455856e+02
    1.00445122e+02 1.00958511e+02 1.02772194e+02 1.03863594e+02
    1.04021568e+02 1.04685852e+02 1.04594429e+02 1.04691872e+02
    1.05363602e+02 7.01869507e+01 7.36377106e+01 7.46933136e+01
    7.49176102e+01 7.52463303e+01 7.77719116e+01 7.80644836e+01
    7.80366211e+01 7.92750473e+01 7.98928146e+01 7.97112732e+01
    7.97960968e+01 8.01856689e+01 8.00931396e+01 8.04068604e+01
    7.28557358e+01 7.33117523e+01 7.63690033e+01 7.67986679e+01
    7.69122467e+01 7.96171951e+01 7.99231567e+01 8.10659637e+01
    8.27116928e+01 8.32598724e+01 8.35850601e+01 8.39434357e+01
    8.28925323e+01 8.27249222e+01 8.18622665e+01 4.38898354e+01
    4.62463875e+01 4.78469391e+01 4.91647224e+01 4.99641304e+01
    5.15290222e+01 5.01046524e+01 4.80092239e+01 4.60189476e+01
    4.97435532e+01 4.72267342e+01 4.68587418e+01 4.94059334e+01
    4.99820099e+01 5.09312401e+01 6.87265091e+01 7.31692657e+01
    7.67664490e+01 6.77704010e+01 6.69269333e+01 6.65107880e+01
    6.69062500e+01 6.43776550e+01 6.46606369e+01 6.60086060e+01
    6.60662918e+01 6.61681213e+01 6.74497452e+01 6.82324829e+01
    7.02347946e+01 6.62644958e+01 6.30868225e+01 6.10518646e+01
    6.00145988e+01 6.01762848e+01 6.34961853e+01 6.51429214e+01
    6.07180405e+01 5.91296997e+01 6.08982544e+01 6.15120544e+01
    6.18834229e+01 6.10510063e+01 6.18836060e+01 6.48606796e+01
    8.68588333e+01 8.86782074e+01 9.17005005e+01 9.21259766e+01
    9.22916565e+01 9.47768707e+01 9.52332001e+01 9.60307007e+01
    9.77300415e+01 9.83582687e+01 9.85889130e+01 9.91786194e+01
    9.87856903e+01 9.88690720e+01 9.76099396e+01 8.00130310e+01
    8.08202896e+01 8.09800415e+01 8.20738602e+01 8.27087936e+01
    8.52011490e+01 8.52651672e+01 8.57361679e+01 8.86359634e+01
    8.92550201e+01 8.94078293e+01 8.89361954e+01 8.94686279e+01
    9.02520065e+01 9.23523102e+01 6.24185219e+01 6.37294121e+01
    6.56614151e+01 6.56667023e+01 6.58777237e+01 6.88927612e+01
    6.94722137e+01 7.04624176e+01 7.26130371e+01 7.34894333e+01
    7.40712433e+01 7.52888184e+01 7.52839355e+01 7.54683533e+01
    7.36371765e+01 6.95855255e+01 6.90056381e+01 6.93815460e+01
    6.98654404e+01 6.97522049e+01 7.15622864e+01 7.10580139e+01
    7.16441193e+01 7.35806580e+01 7.40803833e+01 7.45542221e+01
    7.42406845e+01 7.45750656e+01 7.46182556e+01 7.56126862e+01
    8.97785873e+01 9.04605560e+01 9.15103683e+01 9.20599442e+01
    9.23747940e+01 9.50774078e+01 9.53637161e+01 9.61951828e+01
