<?xml version="1.0"?>
<opencv_storage>
<training_set_points type_id="opencv-matrix">
  <rows>40</rows>
  <cols>15</cols>
  <dt>f</dt>
  <data>
    8.25936584e+01 8.28922119e+01 8.28876572e+01 8.22907486e+01
    8.09065704e+01 7.45714569e+01 7.62475052e+01 7.52131729e+01
    6.95068665e+01 7.03536301e+01 7.15293503e+01 7.07642899e+01
    7.11777344e+01 6.88124847e+01 6.98654022e+01 8.30895538e+01
    8.29025116e+01 8.28446808e+01 8.19281921e+01 7.98292084e+01
    7.53747101e+01 7.50623856e+01 7.64457703e+01 7.43984680e+01
    7.47415771e+01 7.57802124e+01 7.53252640e+01 7.54157181e+01
    7.46446762e+01 7.52778397e+01 9.25708008e+01 9.22349243e+01
    9.23772278e+01 8.90462952e+01 8.74507828e+01 8.02501602e+01
    8.06918869e+01 8.07844620e+01 7.66712646e+01 7.66383591e+01
    7.67309570e+01 7.62214050e+01 7.71182709e+01 7.61026154e+01
    7.63576279e+01 1.06461243e+02 1.03338722e+02 1.02363922e+02
    1.01369484e+02 9.73346634e+01 8.32062683e+01 8.47502899e+01
    8.32521286e+01 7.82610626e+01 7.96163406e+01 7.73334122e+01
    7.71779861e+01 7.75543060e+01 7.70856857e+01 7.78309860e+01
    7.82754135e+01 7.93972549e+01 7.97014160e+01 8.05961914e+01
    7.93965988e+01 7.79231873e+01 7.72402573e+01 7.86948547e+01
    7.69051361e+01 7.68333511e+01 7.72245255e+01 7.66904449e+01
    7.67704849e+01 7.83423080e+01 7.93959045e+01 7.66384888e+01
    7.75355225e+01 7.79068756e+01 7.77802887e+01 7.65930176e+01
    7.47322464e+01 7.33396835e+01 7.36232986e+01 7.43730545e+01
    7.44339752e+01 7.32880707e+01 7.36793900e+01 7.37979584e+01
    7.33748550e+01 7.30549316e+01 7.41438599e+01 7.31914444e+01
    7.24546738e+01 7.79964142e+01 7.83882141e+01 8.02815475e+01
    7.83827744e+01 8.00293732e+01 8.03989258e+01 8.08379211e+01
    8.00685196e+01 7.98978043e+01 7.96237793e+01 8.11877747e+01
    8.11616974e+01 8.47923584e+01 8.44300842e+01 8.51328888e+01
    8.52270432e+01 8.36453094e+01 8.30752563e+01 8.21815338e+01
    8.35167160e+01 8.26045227e+01 8.22859497e+01 8.25230484e+01
    8.26173019e+01 8.26234131e+01 8.37982101e+01 8.39789886e+01
    8.76550674e+01 8.71953125e+01 8.72246933e+01 8.43986969e+01
    8.38604202e+01 8.27538147e+01 8.27972336e+01 8.34046555e+01
    7.89491653e+01 7.91872482e+01 7.79014969e+01 7.69468155e+01
    7.70109024e+01 7.65099945e+01 7.59731598e+01 7.33803635e+01
    7.54057693e+01 7.56997986e+01 7.49443741e+01 7.61681671e+01
    7.56051865e+01 7.33286209e+01 7.71976624e+01 7.89360275e+01
    7.85486374e+01 7.91087952e+01 7.87708511e+01 7.94074020e+01
    8.08179245e+01 8.14451675e+01 7.95806808e+01 7.95087738e+01
    8.04204407e+01 7.81901550e+01 7.71402283e+01 7.34874878e+01
    7.36037903e+01 7.32183228e+01 7.19478455e+01 7.13639069e+01
    7.09412994e+01 7.09993744e+01 7.11439285e+01 7.35609970e+01
    7.41134720e+01 7.25956497e+01 7.43966217e+01 7.49335022e+01
    7.58298950e+01 7.70526199e+01 7.44348602e+01 7.29918060e+01
    7.57338638e+01 7.78480988e+01 7.71131821e+01 7.69451447e+01
    7.67272491e+01 7.73380432e+01 8.03205185e+01 8.12623138e+01
    6.59479980e+01 6.39577141e+01 6.38158760e+01 7.14354477e+01
    6.91497040e+01 7.32497177e+01 7.20430222e+01 7.35303955e+01
    7.56079254e+01 7.50891647e+01 7.41522598e+01 7.43855286e+01
    7.37994537e+01 7.80506668e+01 7.80029755e+01 9.48094482e+01
    9.42416992e+01 9.44083633e+01 9.53107834e+01 9.34935455e+01
    8.97441406e+01 9.01452560e+01 8.90289612e+01 8.57698441e+01
    8.64921875e+01 8.44915466e+01 8.42887573e+01 8.43510666e+01
    8.41826019e+01 8.50769501e+01 7.33398514e+01 7.35808868e+01
    7.42558975e+01 7.58965759e+01 7.52242279e+01 7.50038452e+01
    7.49280243e+01 7.60401688e+01 7.45847015e+01 7.50607300e+01
    7.58131027e+01 7.54322586e+01 7.53471222e+01 7.54925385e+01
    7.57844849e+01 8.71866913e+01 8.67899323e+01 8.73644791e+01
    8.68778839e+01 8.61078415e+01 7.96447144e+01 8.10727539e+01
    7.96627045e+01 7.68331528e+01 7.65174637e+01 7.53423767e+01
    7.47774353e+01 7.49700394e+01 7.50545654e+01 7.48279877e+01
    6.82607651e+01 6.99323807e+01 7.07409515e+01 7.13722229e+01
    7.18759460e+01 6.99381027e+01 6.98637466e+01 7.26347198e+01
    7.06621857e+01 7.08474426e+01 7.25162582e+01 7.22187347e+01
    7.28613510e+01 7.28821182e+01 7.38289566e+01 7.86112366e+01
    7.82125549e+01 7.89363251e+01 8.02565765e+01 7.90909576e+01
    7.64195862e+01 7.74112778e+01 7.75121613e+01 7.17826080e+01
    7.22520981e+01 7.29777832e+01 7.26975021e+01 7.29998703e+01
    7.07957382e+01 7.11496048e+01 7.00020218e+01 7.13333282e+01
    7.22917328e+01 7.34724579e+01 7.44517822e+01 7.11056976e+01
    7.11274109e+01 7.29156494e+01 7.23219681e+01 7.18842468e+01
    7.25738831e+01 7.26679611e+01 7.31952744e+01 7.46894989e+01
    7.58931503e+01 8.92090454e+01 8.90667953e+01 8.86565323e+01
    8.86619568e+01 8.71733322e+01 8.48159943e+01 8.52451630e+01
    8.54022293e+01 8.34263687e+01 8.35462189e+01 8.04087677e+01
    7.98646393e+01 8.04951706e+01 8.25886230e+01 8.32587433e+01
    6.75704346e+01 6.64940720e+01 6.65651321e+01 6.72116623e+01
    6.73540878e+01 7.08764725e+01 6.94202957e+01 7.20282059e+01
    7.11470718e+01 7.18842392e+01 7.22799225e+01 7.22626953e+01
    7.26590576e+01 7.34038010e+01 7.39501266e+01 6.79389038e+01
    6.96229706e+01 7.02338562e+01 7.04919662e+01 6.93222046e+01
    6.65453110e+01 6.58268814e+01 6.79261398e+01 6.78189316e+01
    6.79327240e+01 6.90378265e+01 6.90171890e+01 6.92331848e+01
    7.02494736e+01 7.12186127e+01 7.69729767e+01 7.65934219e+01
    7.70862579e+01 7.89928207e+01 7.87714539e+01 8.25306778e+01
    8.09242249e+01 8.25055008e+01 8.36265717e+01 8.35333099e+01
    7.90119781e+01 7.84886475e+01 7.93054810e+01 8.12280655e+01
    8.15698166e+01 6.76232452e+01 6.93028793e+01 7.02359238e+01
    6.81990662e+01 6.69371338e+01 6.47918091e+01 6.42308578e+01
    6.53832550e+01 6.49163895e+01 6.50260620e+01 6.58414230e+01
    6.56027145e+01 6.64389420e+01 6.54490509e+01 6.62509003e+01
    6.78870316e+01 6.91621094e+01 7.00090714e+01 6.92237015e+01
    6.87925415e+01 6.54232483e+01 6.56372147e+01 6.55217285e+01
    6.37657928e+01 6.47034607e+01 6.58055878e+01 6.60991898e+01
    6.69757538e+01 6.67473679e+01 6.79011536e+01 6.16003761e+01
    6.15704689e+01 6.16219864e+01 6.31897011e+01 6.17593231e+01
    5.93796730e+01 5.83134880e+01 5.93657570e+01 6.28097534e+01
    6.27991409e+01 6.18362007e+01 6.17957230e+01 6.23155212e+01
    6.54833527e+01 6.55642929e+01 6.85219879e+01 6.90205307e+01
    6.93998337e+01 7.03168259e+01 7.03359146e+01 7.01534729e+01
    6.99711151e+01 7.07610016e+01 7.05572510e+01 7.16748581e+01
    7.04286804e+01 6.91187210e+01 6.84963074e+01 7.03745041e+01
    7.10808487e+01 6.99769974e+01 6.97128448e+01 6.99869308e+01
    7.22568054e+01 7.11442490e+01 7.07292557e+01 7.24191437e+01
    7.39192123e+01 6.95608826e+01 7.09199677e+01 7.18991928e+01
    7.19645615e+01 7.25910416e+01 7.46011200e+01 7.50500946e+01
    6.87596588e+01 6.92077942e+01 7.02983627e+01 7.15441132e+01
    7.06123047e+01 7.04243164e+01 7.07440796e+01 7.09809036e+01
    6.86956482e+01 6.87390137e+01 6.81369019e+01 6.80422516e+01
    6.93204498e+01 6.95628357e+01 7.00050964e+01 6.59863205e+01
    6.58853760e+01 6.61676636e+01 6.55595856e+01 6.47958755e+01
    6.81557770e+01 6.65119553e+01 6.72715454e+01 7.15583649e+01
    7.04978943e+01 6.64944153e+01 6.63815536e+01 6.82442627e+01
    7.25291290e+01 7.26868668e+01 6.54641800e+01 6.46228638e+01
    6.44520645e+01 6.70733261e+01 6.70509033e+01 7.16343307e+01
    7.04583740e+01 7.15096436e+01 7.35563202e+01 7.29333191e+01
    7.00960770e+01 6.95711060e+01 7.02232895e+01 7.34087067e+01
    7.31309891e+01 4.35717583e+01 4.42741623e+01 4.53002472e+01
    4.99259567e+01 5.06760445e+01 5.79441643e+01 5.78529129e+01
    5.91310387e+01 5.87510757e+01 5.99039879e+01 5.98931541e+01
    6.00380898e+01 6.04887886e+01 6.07897568e+01 6.17693939e+01
    5.03977737e+01 4.97599144e+01 5.11191826e+01 4.52161102e+01
    4.59139862e+01 5.33451767e+01 5.06762733e+01 5.57862930e+01
