<?xml version="1.0"?>
<opencv_storage>
<training_set_points type_id="opencv-matrix">
  <rows>41</rows>
  <cols>15</cols>
  <dt>f</dt>
  <data>
    8.19342346e+01 8.20229797e+01 8.32797546e+01 8.27245483e+01
    8.35132370e+01 8.35021133e+01 8.34670410e+01 8.31938324e+01
    8.37158585e+01 8.44593277e+01 8.39300003e+01 8.35471725e+01
    8.07265778e+01 8.04029694e+01 8.04327240e+01 9.00344543e+01
    9.05056686e+01 9.14451523e+01 9.12131729e+01 9.18291168e+01
    9.14507828e+01 9.16169815e+01 9.17122803e+01 9.21233749e+01
    9.25744400e+01 9.17679520e+01 9.18931427e+01 8.88222504e+01
    8.84111938e+01 8.80003281e+01 9.08638153e+01 9.09234390e+01
    9.16095963e+01 9.22687759e+01 9.24737396e+01 9.14606400e+01
    9.04870758e+01 8.82846680e+01 8.81674957e+01 8.85223083e+01
    8.79334641e+01 8.73685608e+01 8.53198395e+01 8.50529709e+01
    8.52467422e+01 7.41231232e+01 7.45043564e+01 7.56991196e+01
    7.67754440e+01 7.66951141e+01 7.68165436e+01 7.71670227e+01
    7.72475281e+01 7.83551865e+01 7.91022339e+01 7.95489120e+01
    7.91853027e+01 7.63050690e+01 7.69165497e+01 7.67888031e+01
    7.93200836e+01 7.93164520e+01 7.97429047e+01 7.99630280e+01
    8.02139282e+01 8.13592987e+01 8.16329193e+01 8.18423920e+01
    8.31252365e+01 8.38492737e+01 8.45747452e+01 8.38525543e+01
    8.13352737e+01 8.17500153e+01 8.16138611e+01 8.83665619e+01
    8.88112030e+01 9.01137543e+01 9.04203186e+01 9.03981781e+01
    9.02180099e+01 9.04258652e+01 8.97671127e+01 9.01166458e+01
    9.01792984e+01 9.04616013e+01 8.97477875e+01 8.69522018e+01
    8.68855133e+01 8.65079651e+01 6.69877701e+01 6.75340729e+01
    6.87164688e+01 6.92268829e+01 6.95961227e+01 7.01124573e+01
    7.05784225e+01 7.08687286e+01 7.17359238e+01 7.25335007e+01
    7.28150940e+01 7.27748718e+01 7.03499908e+01 7.05698471e+01
    7.04550552e+01 6.72229614e+01 6.83780746e+01 6.94927979e+01
    7.00117950e+01 7.02398911e+01 7.07379684e+01 7.09877396e+01
    7.14230194e+01 7.18624420e+01 7.25666122e+01 7.32337875e+01
    7.33202286e+01 7.06711121e+01 7.08874893e+01 7.04818115e+01
    8.96827698e+01 9.02036514e+01 9.10144958e+01 9.12495117e+01
    9.11995850e+01 9.10198441e+01 9.14027710e+01 9.08993683e+01
    9.05660858e+01 9.14713593e+01 9.04945068e+01 9.06052399e+01
    8.77284241e+01 8.72889404e+01 8.70884705e+01 9.28049316e+01
    9.40006943e+01 9.48836441e+01 9.55817261e+01 9.61205826e+01
    9.60653152e+01 9.57213135e+01 9.55282440e+01 9.54933395e+01
    9.56588058e+01 9.47087173e+01 9.45343246e+01 9.19385529e+01
    9.18127670e+01 9.13206635e+01 9.07985001e+01 9.12447281e+01
    9.15970993e+01 9.16566772e+01 9.22643890e+01 9.14571762e+01
    9.20800171e+01 9.25568771e+01 9.32242126e+01 9.31228409e+01
    9.34430542e+01 9.25354538e+01 9.03707886e+01 8.93993607e+01
    8.95483704e+01 9.69122162e+01 9.77873917e+01 9.86468201e+01
    9.91766739e+01 9.95947266e+01 9.95232315e+01 9.98546295e+01
    9.90420609e+01 9.96137466e+01 1.00143578e+02 9.92600479e+01
    9.87022095e+01 9.57987213e+01 9.55882874e+01 9.52699585e+01
    7.51168442e+01 7.46955109e+01 7.52899017e+01 7.53470917e+01
    7.54067993e+01 7.60404282e+01 7.61380310e+01 7.69672012e+01
    7.76296310e+01 7.86792908e+01 7.89657593e+01 7.88118591e+01
    7.70471115e+01 7.69055786e+01 7.72159271e+01 7.80568924e+01
    7.77910767e+01 7.84219742e+01 7.83979492e+01 7.94586105e+01
    8.05301514e+01 8.15582428e+01 8.25639038e+01 8.31764755e+01
    8.41726990e+01 8.39788361e+01 8.35349731e+01 8.16467438e+01
    8.17517700e+01 8.21749115e+01 7.56493835e+01 7.47701340e+01
    7.52472229e+01 7.56545715e+01 7.64855042e+01 7.65625458e+01
    7.70286942e+01 7.76512985e+01 7.89400024e+01 7.98087540e+01
    8.01686020e+01 7.95518646e+01 7.77554398e+01 7.79124451e+01
    7.81292572e+01 7.00795822e+01 7.05997696e+01 7.16377869e+01
    7.20410843e+01 7.25611572e+01 7.30825500e+01 7.37196426e+01
    7.42370224e+01 7.56808014e+01 7.66337128e+01 7.72605133e+01
    7.72901764e+01 7.54809341e+01 7.55675507e+01 7.59256134e+01
    7.37587509e+01 7.41271591e+01 7.42676315e+01 7.51629639e+01
    7.60331802e+01 7.64808731e+01 7.71830902e+01 7.76567230e+01
    7.89129791e+01 7.99472580e+01 8.00579758e+01 7.95170746e+01
    7.74887543e+01 7.78716660e+01 7.79003983e+01 6.95642166e+01
    7.00742188e+01 7.09725494e+01 7.15743103e+01 7.17697372e+01
    7.27711639e+01 7.35697021e+01 7.48234253e+01 7.53527069e+01
    7.65879669e+01 7.63469086e+01 7.64761734e+01 7.40969620e+01
    7.44053345e+01 7.48773956e+01 6.81453781e+01 6.70468140e+01
    6.67565536e+01 6.71826324e+01 6.80888443e+01 6.99985962e+01
    7.07370300e+01 7.20983810e+01 7.46309433e+01 7.50821228e+01
    7.54266510e+01 7.54755859e+01 7.35644989e+01 7.35883408e+01
    7.39659805e+01 6.65518875e+01 6.70415268e+01 6.75055389e+01
    6.76643753e+01 6.81800232e+01 6.86776810e+01 6.92652893e+01
    6.93931885e+01 7.04186325e+01 7.15987549e+01 7.20217896e+01
    7.21457977e+01 7.02578659e+01 7.07411270e+01 7.06453781e+01
    6.99136047e+01 6.90707245e+01 6.94932709e+01 6.96974258e+01
    6.95340652e+01 7.06083450e+01 7.07689438e+01 7.18861847e+01
    7.31861496e+01 7.33623352e+01 7.40159988e+01 7.39485092e+01
    7.16258392e+01 7.25481491e+01 7.25876770e+01 7.57898788e+01
    7.66134872e+01 7.74572067e+01 7.75179367e+01 7.79681625e+01
    7.91461182e+01 7.99339371e+01 8.05385437e+01 8.22080841e+01
    8.31872025e+01 8.39051590e+01 8.41689758e+01 8.23217239e+01
    8.26004562e+01 8.28640060e+01 7.06633987e+01 7.09828644e+01
    7.16692505e+01 7.19552307e+01 7.25830460e+01 7.30137253e+01
    7.33246918e+01 7.38825455e+01 7.44374542e+01 7.56093369e+01
    7.55440292e+01 7.54700165e+01 7.33343658e+01 7.40836487e+01
    7.44024963e+01 6.15061531e+01 5.95650826e+01 5.91399117e+01
    5.89770470e+01 5.94244308e+01 6.12605209e+01 6.18998604e+01
    6.30741844e+01 6.46890335e+01 6.50911331e+01 6.62344131e+01
    6.59843369e+01 6.37751198e+01 6.41418533e+01 6.44117661e+01
    6.26734619e+01 6.07127113e+01 5.98381691e+01 5.91862907e+01
    6.03554878e+01 6.22024078e+01 6.23923035e+01 6.42732010e+01
    6.66528168e+01 6.72888794e+01 6.78939438e+01 6.77090759e+01
    6.62103043e+01 6.68038712e+01 6.70322418e+01 7.87677460e+01
    7.98762131e+01 8.01810760e+01 8.02469177e+01 8.11002960e+01
    8.18481674e+01 8.28323288e+01 8.32830353e+01 8.44278717e+01
    8.55111084e+01 8.65618820e+01 8.68722305e+01 8.46847992e+01
    8.51690063e+01 8.51369095e+01 7.55869293e+01 7.61004944e+01
    7.51819916e+01 7.67195282e+01 7.76298370e+01 7.98201904e+01
    8.12668381e+01 8.22839890e+01 8.36669693e+01 8.44453430e+01
    8.58426743e+01 8.59679718e+01 8.50692902e+01 8.66089478e+01
    8.67673645e+01 7.00742722e+01 7.10929871e+01 7.32792969e+01
    7.35569305e+01 7.24182587e+01 7.11185379e+01 7.10710983e+01
    7.00084152e+01 7.08375778e+01 7.12968063e+01 7.15173798e+01
    7.04469223e+01 6.83913422e+01 6.79974823e+01 6.76083298e+01
    7.21944885e+01 7.28348770e+01 7.19686432e+01 7.45660324e+01
    7.61667938e+01 7.82446747e+01 7.83954849e+01 7.70616302e+01
    7.69449921e+01 7.77978745e+01 7.51715088e+01 7.37910538e+01
    7.02625885e+01 6.89121704e+01 6.88787003e+01 7.69484634e+01
    7.66949158e+01 7.69640884e+01 7.69952927e+01 7.69454803e+01
    7.71101761e+01 7.71001129e+01 7.69828339e+01 7.69083252e+01
    7.84233246e+01 7.80428009e+01 7.75224762e+01 7.49373932e+01
    7.47396698e+01 7.40790176e+01 6.43585815e+01 6.43555527e+01
    6.56184540e+01 6.60966187e+01 6.67549057e+01 6.67530594e+01
    6.74171982e+01 6.80507050e+01 6.94812393e+01 7.05310287e+01
    7.11648560e+01 7.18467178e+01 6.97268295e+01 7.01335907e+01
    7.06521835e+01 6.29871178e+01 6.43125229e+01 6.52156601e+01
    6.55916977e+01 6.60260468e+01 6.65270004e+01 6.76331787e+01
    6.78537140e+01 6.94320755e+01 7.02502747e+01 7.09740448e+01
    7.10658875e+01 6.91672134e+01 6.99153671e+01 7.00069351e+01
    6.42803955e+01 6.44473724e+01 6.53338623e+01 6.56050186e+01
    6.60795822e+01 6.72810974e+01 6.75083923e+01 6.87060471e+01
