<?xml version="1.0"?>
<opencv_storage>
<training_set_points type_id="opencv-matrix">
  <rows>47</rows>
  <cols>15</cols>
  <dt>f</dt>
  <data>
    1.06195824e+02 1.01158554e+02 9.79094772e+01 9.68353119e+01
    9.33593292e+01 9.01002502e+01 9.57143860e+01 9.04150925e+01
    8.88571243e+01 8.89258957e+01 9.03439789e+01 9.42696381e+01
    8.98195343e+01 8.92038269e+01 8.55789642e+01 9.43242264e+01
    9.03354111e+01 9.27388382e+01 9.49757385e+01 9.58077927e+01
    9.51773605e+01 9.62487030e+01 9.07387161e+01 9.31939011e+01
    8.89029465e+01 9.57132645e+01 9.87526550e+01 9.48430099e+01
    9.34793015e+01 9.81391754e+01 9.72238388e+01 1.03398834e+02
    1.04005463e+02 1.06797722e+02 9.84515381e+01 1.00438622e+02
    1.03398743e+02 9.04630051e+01 9.19063263e+01 9.47341766e+01
    9.78934937e+01 9.32658386e+01 9.00515137e+01 9.48380508e+01
    9.62302856e+01 9.07565155e+01 9.63556900e+01 1.01658966e+02
    1.02450424e+02 9.95754242e+01 9.93095627e+01 9.46092682e+01
    9.87217407e+01 9.12192078e+01 9.18392639e+01 9.90830994e+01
    1.05400459e+02 1.00983307e+02 9.85966110e+01 9.96345444e+01
    9.89641647e+01 9.29321213e+01 8.98070068e+01 8.76390076e+01
    8.44979858e+01 8.92745209e+01 8.92473602e+01 8.09516907e+01
    8.47857590e+01 9.31967850e+01 8.90410995e+01 8.72427063e+01
    8.57985382e+01 8.64904709e+01 9.00609207e+01 1.00844032e+02
    9.99778290e+01 9.70240784e+01 1.00308426e+02 9.47883377e+01
    9.60208206e+01 9.64730835e+01 9.47253189e+01 9.51144104e+01
    9.39116516e+01 9.31486893e+01 9.69272308e+01 9.27286377e+01
    9.27421265e+01 9.21193085e+01 8.37663345e+01 8.47003021e+01
    8.57484283e+01 8.64177856e+01 8.22755966e+01 8.21516800e+01
    8.37448273e+01 8.25120544e+01 8.21024475e+01 7.75120926e+01
    7.96448669e+01 8.72185211e+01 8.07754059e+01 7.83850708e+01
    8.49119263e+01 9.80174866e+01 9.80170135e+01 9.98768768e+01
    1.00815445e+02 9.08364716e+01 9.61690140e+01 1.01210670e+02
    8.29985275e+01 8.96213989e+01 9.86296539e+01 9.07720642e+01
    8.55477448e+01 8.43259277e+01 8.67759399e+01 9.30661163e+01
    1.09065109e+02 9.89081726e+01 9.28429871e+01 9.07771912e+01
    8.47132339e+01 9.05943756e+01 9.37569504e+01 8.36167526e+01
    8.91622849e+01 9.10195160e+01 8.93932800e+01 8.98064575e+01
    8.61668015e+01 8.69007950e+01 8.79330139e+01 8.76998825e+01
    8.81155014e+01 9.22871017e+01 8.83955994e+01 8.18220596e+01
    8.96922989e+01 8.51996307e+01 8.00283127e+01 8.30693588e+01
    9.66609421e+01 8.56850204e+01 8.97849579e+01 8.63927155e+01
    8.50969925e+01 9.58669357e+01 9.66128693e+01 1.12876068e+02
    1.20518623e+02 1.20650513e+02 1.07747513e+02 1.05784767e+02
    1.05185875e+02 1.22469208e+02 1.01948318e+02 9.53985443e+01
    1.01299301e+02 1.10315262e+02 1.04294762e+02 1.03940392e+02
    9.66320114e+01 7.99404984e+01 8.34133148e+01 8.33584442e+01
    8.91918793e+01 8.98746414e+01 8.96476746e+01 8.47841415e+01
    9.05133133e+01 8.21168060e+01 8.77977905e+01 8.80060730e+01
    1.17946571e+02 1.07981773e+02 8.92300568e+01 9.84747238e+01
    9.73123932e+01 9.35789032e+01 9.10725555e+01 9.12058792e+01
    8.44816818e+01 8.55266724e+01 9.13760147e+01 8.66748810e+01
    8.61542816e+01 8.75232162e+01 8.73340759e+01 8.62926254e+01
    8.36243439e+01 8.50576935e+01 8.16009216e+01 9.01291428e+01
    9.06392136e+01 9.51755753e+01 1.03452011e+02 9.47030792e+01
    8.82747955e+01 9.55429840e+01 8.76739197e+01 8.96547852e+01
    9.73442001e+01 8.85447388e+01 9.13840637e+01 8.84249039e+01
    8.70362930e+01 8.05726395e+01 9.08938141e+01 9.06483994e+01
    8.90219727e+01 9.10434799e+01 8.56307983e+01 8.21288910e+01
    8.25488205e+01 8.38704453e+01 7.93138046e+01 8.38137512e+01
    8.57482452e+01 8.37692413e+01 8.19347916e+01 8.35438614e+01
    8.13988190e+01 6.88210907e+01 7.36387863e+01 7.56904373e+01
    7.85592499e+01 8.37006683e+01 8.58356094e+01 7.99727173e+01
    7.68453293e+01 7.76301804e+01 9.18141937e+01 9.16138840e+01
    9.66990280e+01 9.63688660e+01 8.69319077e+01 9.47355957e+01
    8.91676331e+01 9.11520767e+01 8.91215363e+01 9.22197571e+01
    8.99489975e+01 8.95703812e+01 9.28930130e+01 9.04992905e+01
    9.07120819e+01 9.41952972e+01 9.02237930e+01 9.21987000e+01
    8.94194946e+01 8.87921677e+01 8.81356430e+01 8.24750671e+01
    8.16414413e+01 8.42993774e+01 8.86752319e+01 9.03786621e+01
    8.76228943e+01 8.86338501e+01 8.33348312e+01 8.56444855e+01
    8.41405792e+01 9.22250137e+01 8.90173569e+01 9.04677124e+01
    8.84467239e+01 8.77283401e+01 5.76667900e+01 5.20802689e+01
    4.55263863e+01 4.96915779e+01 5.98003387e+01 7.88657379e+01
    6.71199188e+01 5.66683044e+01 6.16754417e+01 8.70438385e+01
    7.30212326e+01 7.37626190e+01 7.17756577e+01 6.67495499e+01
    8.80534286e+01 2.83756695e+01 3.94265900e+01 3.83665352e+01
    4.41578560e+01 4.36398277e+01 5.69573059e+01 5.17845192e+01
    3.33445930e+01 3.93219528e+01 7.39462357e+01 5.36270332e+01
    4.94351349e+01 5.31546249e+01 4.71680069e+01 6.18024292e+01
    5.86499405e+01 6.02414589e+01 6.23720703e+01 6.71181412e+01
    7.38936005e+01 8.31213303e+01 8.11566925e+01 6.85284729e+01
    7.60842438e+01 9.28008347e+01 8.28832092e+01 8.15379562e+01
    8.01583023e+01 7.70766983e+01 8.70681763e+01 8.82124100e+01
    7.38843536e+01 6.47749786e+01 5.02684441e+01 3.21538239e+01
    3.68475266e+01 4.91987610e+01 4.55516586e+01 4.60507622e+01
    5.34375572e+01 4.03101692e+01 2.74216423e+01 3.15518665e+01
    3.71661301e+01 3.24765205e+01 9.23887482e+01 4.70242157e+01
    3.13497868e+01 2.71282234e+01 2.21803246e+01 2.64542484e+01
    2.24740105e+01 1.80492535e+01 2.15914001e+01 4.96496849e+01
    2.22594738e+01 3.29414902e+01 2.49783516e+01 2.72042007e+01
    2.78234138e+01 3.44776077e+01 2.29106197e+01 2.32760429e+01
    2.56743755e+01 3.34340553e+01 4.33368530e+01 3.01393318e+01
    1.93950729e+01 2.46118011e+01 6.31168289e+01 3.80971222e+01
    3.33123703e+01 3.47989578e+01 3.52951775e+01 4.51095810e+01
    1.99003944e+01 3.42841911e+01 3.70711517e+01 3.39930801e+01
    2.45360966e+01 3.08883705e+01 2.99893436e+01 1.94165745e+01
    2.40102997e+01 5.57159538e+01 3.11582851e+01 2.43306694e+01
    2.68146439e+01 2.64277306e+01 4.01283417e+01 6.06417465e+01
    7.01585846e+01 7.64800262e+01 7.87130280e+01 7.88123932e+01
    8.43250504e+01 7.81602783e+01 7.61499481e+01 7.71648254e+01
    8.85466537e+01 7.99671860e+01 8.39381714e+01 8.14621811e+01
    7.71812363e+01 8.61853714e+01 4.80526352e+01 2.60717049e+01
    2.34849625e+01 2.36605778e+01 3.88067360e+01 4.83469925e+01
    3.11766968e+01 3.39300499e+01 3.51981621e+01 6.06051521e+01
    3.66608124e+01 4.41544685e+01 3.85171776e+01 3.34690399e+01
    4.64432526e+01 8.55218887e+01 7.67326736e+01 7.75065384e+01
    7.86866913e+01 7.88595886e+01 7.67223282e+01 8.14598541e+01
    7.77945862e+01 8.14277802e+01 8.13506241e+01 7.77119522e+01
    8.65737915e+01 8.09423981e+01 7.86466751e+01 7.88055573e+01
    8.89524155e+01 8.79393845e+01 8.66126709e+01 8.81818008e+01
    8.53867645e+01 1.01334816e+02 8.78706055e+01 8.66763992e+01
    9.39394608e+01 7.65347214e+01 9.19693985e+01 1.23826721e+02
    1.18457069e+02 9.39433746e+01 1.01222267e+02 8.38982773e+01
    7.80246964e+01 7.72863693e+01 8.47758026e+01 8.54976578e+01
    8.33549805e+01 8.31250839e+01 8.31067352e+01 8.29087219e+01
    8.66900177e+01 8.59431534e+01 9.17782059e+01 8.85642090e+01
    8.51596527e+01 8.57577896e+01 8.51275787e+01 9.57193604e+01
    1.00062370e+02 1.09684952e+02 1.01059578e+02 7.28322449e+01
    1.10887611e+02 9.49700623e+01 8.83949738e+01 4.21469269e+01
    6.07468109e+01 5.90950394e+01 5.23308449e+01 7.53007126e+01
    4.41467934e+01 8.01124039e+01 7.57104111e+01 7.40060196e+01
    7.89482803e+01 7.67610855e+01 7.61864395e+01 7.94366684e+01
    8.08041534e+01 7.86026688e+01 8.57998199e+01 8.02761230e+01
    8.35477982e+01 8.14784088e+01 7.79338760e+01 8.28890991e+01
    8.64785995e+01 7.89557648e+01 7.66278000e+01 7.77145691e+01
    7.34302750e+01 6.72378235e+01 7.63421860e+01 6.90061569e+01
