<?xml version="1.0"?>
<opencv_storage>
<training_set_points type_id="opencv-matrix">
  <rows>51</rows>
  <cols>15</cols>
  <dt>f</dt>
  <data>
    8.50434723e+01 8.59237289e+01 8.27360001e+01 8.48335724e+01
    8.42513885e+01 8.63099365e+01 8.76232834e+01 8.79801178e+01
    8.49837341e+01 8.39766922e+01 7.81886826e+01 7.64772720e+01
    7.23005295e+01 6.78774261e+01 6.68100052e+01 8.16717606e+01
    8.45951614e+01 8.75904999e+01 8.87307739e+01 8.88217468e+01
    8.77555542e+01 8.93079453e+01 8.96205597e+01 8.56399384e+01
    8.51172409e+01 7.87284317e+01 7.69454956e+01 7.45316086e+01
    7.24662628e+01 6.96240540e+01 9.08391113e+01 8.81836014e+01
    7.76373672e+01 8.06951981e+01 8.20934219e+01 7.44136658e+01
    7.72684479e+01 8.07439728e+01 8.08375397e+01 8.18712234e+01
    7.79422150e+01 7.86751709e+01 7.94474106e+01 8.04693680e+01
    8.10574036e+01 8.02590103e+01 8.18763733e+01 7.94631500e+01
    8.04254608e+01 8.40881271e+01 8.10667801e+01 8.18246002e+01
    8.15491486e+01 7.68608093e+01 7.50794373e+01 6.75495529e+01
    6.54987946e+01 6.17676010e+01 6.02275085e+01 6.09020767e+01
    9.08610306e+01 8.93170776e+01 8.72574768e+01 8.77791519e+01
    8.60417404e+01 8.09453735e+01 7.86577606e+01 7.69246216e+01
    7.60442886e+01 7.46938171e+01 6.71580963e+01 6.66709366e+01
    6.32378082e+01 6.32162209e+01 6.88453217e+01 6.59270020e+01
    6.98751221e+01 7.27063828e+01 6.97384720e+01 7.21276321e+01
    6.98304367e+01 6.97765884e+01 6.85329666e+01 6.35067101e+01
    6.16099434e+01 5.58768272e+01 5.46577911e+01 5.42102661e+01
    5.41195107e+01 5.49020538e+01 7.64714737e+01 7.69368744e+01
    7.67340317e+01 7.71617432e+01 7.84479370e+01 7.66695175e+01
    7.86165390e+01 7.94165802e+01 7.50628357e+01 7.52867203e+01
    7.20651321e+01 7.05032196e+01 6.89538422e+01 6.63228836e+01
    6.45414581e+01 7.80090408e+01 8.06997147e+01 8.34177094e+01
    8.47381287e+01 8.62313461e+01 8.35233231e+01 8.58760300e+01
    8.66471329e+01 8.36876297e+01 8.32285233e+01 7.74039459e+01
    7.65395126e+01 7.45554962e+01 7.32713165e+01 7.16154938e+01
    8.27964020e+01 8.20273666e+01 7.52966156e+01 7.47223587e+01
    7.12380905e+01 6.46403885e+01 6.45792313e+01 6.38024406e+01
    6.00900040e+01 5.98981705e+01 5.56928635e+01 5.66548386e+01
    5.75635948e+01 5.91305580e+01 6.17710876e+01 6.24844208e+01
    6.49696884e+01 7.22011948e+01 7.38833466e+01 7.50968094e+01
    7.44822311e+01 7.62911148e+01 7.76963272e+01 7.42907639e+01
    7.43434372e+01 6.99510040e+01 6.89299469e+01 6.73176346e+01
    6.25836868e+01 5.76596489e+01 7.70831909e+01 7.91377716e+01
    8.18663177e+01 8.10269089e+01 7.85206375e+01 7.54893951e+01
    7.33718948e+01 7.11445312e+01 6.67826080e+01 6.40849762e+01
    5.74526520e+01 5.65275726e+01 5.53186646e+01 5.45005341e+01
    5.33206863e+01 6.15701294e+01 6.58707962e+01 7.31297073e+01
    7.50045166e+01 7.72347794e+01 7.43110504e+01 7.67133255e+01
    7.83112259e+01 7.60561523e+01 7.64570999e+01 7.12472000e+01
    7.05057755e+01 6.91198273e+01 6.72633667e+01 6.48704147e+01
    7.25496521e+01 7.30152817e+01 7.66436310e+01 7.77256622e+01
    7.86675720e+01 7.74684219e+01 7.86045227e+01 7.84733200e+01
    7.41192780e+01 7.25644150e+01 6.62030640e+01 6.21357727e+01
    5.87342186e+01 5.49708061e+01 5.26820831e+01 7.48317642e+01
    7.51052094e+01 7.90546951e+01 7.84662781e+01 7.68281174e+01
    7.17519913e+01 7.19447403e+01 7.29865341e+01 7.23523560e+01
    7.34132690e+01 6.87088013e+01 6.97575989e+01 7.03396530e+01
    7.13821182e+01 7.35352020e+01 8.78352051e+01 7.98023376e+01
    8.28616714e+01 8.06439362e+01 7.98305969e+01 7.87375183e+01
    7.77865143e+01 7.63888092e+01 7.17965164e+01 6.98042221e+01
    6.40174484e+01 6.26444473e+01 6.02773209e+01 5.77247658e+01
    5.67226334e+01 7.67987595e+01 7.75757065e+01 7.82523880e+01
    7.74309692e+01 7.62868195e+01 7.42991714e+01 7.59137421e+01
    7.53725204e+01 7.12754288e+01 7.04587479e+01 6.54850845e+01
    6.66854553e+01 6.69821396e+01 6.86345444e+01 7.14086609e+01
    1.07897614e+02 1.10293365e+02 8.84560318e+01 9.02680359e+01
    9.29647675e+01 9.47948380e+01 9.31617889e+01 9.21153870e+01
    8.85801239e+01 9.01375885e+01 8.66454468e+01 8.78224564e+01
    8.85868988e+01 8.46710129e+01 7.84358063e+01 7.38302307e+01
    7.38927689e+01 7.44116058e+01 7.45010529e+01 7.39622574e+01
    7.24818726e+01 7.29510651e+01 6.98978577e+01 6.18674011e+01
    5.92540855e+01 5.40061836e+01 5.26381073e+01 5.20728416e+01
    5.23889542e+01 5.75591583e+01 7.56145096e+01 7.62612152e+01
    8.10208588e+01 8.03240738e+01 7.75239258e+01 7.68455353e+01
    7.60968552e+01 7.42560272e+01 6.87315445e+01 6.70325089e+01
    6.16879425e+01 6.02252083e+01 5.91700478e+01 5.75072899e+01
    5.74165039e+01 7.25716629e+01 7.38345947e+01 7.44831390e+01
    7.51867294e+01 7.46993942e+01 7.28875122e+01 7.21871796e+01
    7.19874725e+01 6.82705078e+01 6.80461349e+01 6.34420509e+01
    6.21034775e+01 6.01336060e+01 5.70827026e+01 5.50745850e+01
    8.00550613e+01 7.86682358e+01 7.27709808e+01 7.23586655e+01
    7.19757614e+01 6.84962006e+01 6.96993866e+01 7.07645950e+01
    6.86487274e+01 6.86732635e+01 6.34815788e+01 6.29135246e+01
    6.29736099e+01 6.16872368e+01 6.11749802e+01 8.31470642e+01
    8.38181610e+01 8.13826370e+01 8.11139297e+01 7.93513565e+01
    7.72069168e+01 7.84757233e+01 7.77361755e+01 7.35596771e+01
    7.14907379e+01 6.59494553e+01 6.43639832e+01 6.26545334e+01
    6.06198349e+01 5.77604523e+01 8.21289139e+01 8.19432907e+01
    7.84209366e+01 7.79222260e+01 7.68106461e+01 7.53074951e+01
    7.49178543e+01 7.49843826e+01 7.23604813e+01 7.09624023e+01
    6.52334213e+01 6.40520172e+01 6.30561028e+01 6.16321983e+01
    5.98847733e+01 6.75904465e+01 7.02704468e+01 7.27866821e+01
    7.38530426e+01 7.17840958e+01 6.39165421e+01 5.89923096e+01
    5.61277275e+01 5.50738945e+01 5.45397301e+01 4.83929176e+01
    5.07711182e+01 4.93503723e+01 4.70597687e+01 4.46524048e+01
    7.86401367e+01 7.87544327e+01 8.21429901e+01 8.25914154e+01
    8.24104767e+01 8.00669632e+01 8.11258469e+01 8.14391556e+01
    7.85267487e+01 7.75335159e+01 7.31919022e+01 7.35511322e+01
    7.40535965e+01 7.31351013e+01 7.11585617e+01 7.78455734e+01
    7.91067200e+01 8.29885712e+01 8.34490814e+01 8.15380096e+01
    7.66099167e+01 7.61370850e+01 7.62976685e+01 7.30438995e+01
    7.13161392e+01 6.49486160e+01 6.44805298e+01 6.20989914e+01
    6.13577919e+01 6.22541199e+01 6.36772881e+01 6.56301193e+01
    6.57604141e+01 6.71648178e+01 6.73392563e+01 6.92181244e+01
    7.11379776e+01 7.16090012e+01 6.73811874e+01 6.56093597e+01
    6.08849792e+01 5.76480522e+01 5.48685570e+01 5.24374237e+01
    5.23454056e+01 6.34641800e+01 6.61789093e+01 7.07203445e+01
    7.21587448e+01 7.47432632e+01 7.43991165e+01 7.74387512e+01
    7.82543411e+01 7.49066162e+01 7.35179214e+01 6.74961014e+01
    6.36618004e+01 5.88531113e+01 6.12424622e+01 7.03071518e+01
    6.96805801e+01 7.00629196e+01 6.57620773e+01 6.75293121e+01
    6.61437683e+01 5.82407837e+01 5.64349976e+01 5.65109978e+01
    5.43594475e+01 5.52187462e+01 5.23689651e+01 5.07345314e+01
    4.86507492e+01 4.23948174e+01 3.89148216e+01 6.83682327e+01
    6.96902618e+01 6.91440277e+01 7.04894638e+01 7.36206207e+01
    7.12450180e+01 7.35337601e+01 7.42830353e+01 7.06113281e+01
    7.00678177e+01 6.63632278e+01 6.67961121e+01 6.76087723e+01
    6.78078537e+01 6.86071320e+01 6.18888741e+01 6.25912399e+01
    7.07608948e+01 7.33144989e+01 7.48132782e+01 7.49330063e+01
    7.68556519e+01 7.92958069e+01 7.58702469e+01 7.58620987e+01
    7.16956787e+01 7.04457703e+01 6.89067688e+01 6.72917862e+01
    6.64058075e+01 6.24449501e+01 6.54058228e+01 8.70276031e+01
    8.43039474e+01 8.18214264e+01 7.85671539e+01 7.88531494e+01
    7.94440231e+01 7.81539154e+01 7.83964310e+01 7.31622314e+01
    7.28766174e+01 7.13488159e+01 7.03544922e+01 7.01724701e+01
    6.04673882e+01 6.17171936e+01 6.49203873e+01 6.55763931e+01
    6.41143875e+01 5.99268417e+01 6.05823479e+01 6.10703888e+01
