<?xml version="1.0"?>
<opencv_storage>
<training_set_points type_id="opencv-matrix">
  <rows>50</rows>
  <cols>15</cols>
  <dt>f</dt>
  <data>
    8.07427673e+01 8.04527893e+01 7.97069778e+01 7.90586929e+01
    7.93779831e+01 7.96432419e+01 7.93907928e+01 8.00099564e+01
    7.96189651e+01 7.86199188e+01 7.86360397e+01 7.72760620e+01
    7.76702652e+01 7.76474075e+01 7.71354141e+01 8.05100021e+01
    8.03669739e+01 8.03619156e+01 7.95709763e+01 7.84518509e+01
    7.59600830e+01 7.59747009e+01 7.72002182e+01 7.62709045e+01
    7.72698364e+01 7.87749176e+01 8.04305267e+01 8.08012085e+01
    7.96166077e+01 7.91208344e+01 7.80727386e+01 7.79195099e+01
    7.84814377e+01 7.85904922e+01 7.74422455e+01 7.52201843e+01
    7.60516815e+01 7.66823044e+01 7.58722153e+01 7.63895569e+01
    7.79425201e+01 7.96641312e+01 7.85589828e+01 7.69788589e+01
    7.60721970e+01 7.83542557e+01 7.84647675e+01 7.81210403e+01
    7.75912704e+01 7.79801331e+01 7.83731232e+01 7.89134064e+01
    7.83306046e+01 7.82865448e+01 7.79631042e+01 7.78615570e+01
    7.54427872e+01 7.59309692e+01 7.58180542e+01 7.70026398e+01
    6.44359818e+01 6.41223755e+01 6.41630707e+01 6.44962158e+01
    6.42556305e+01 6.27822647e+01 6.32881241e+01 6.40188980e+01
    6.25329895e+01 6.33961105e+01 6.41783142e+01 6.45486755e+01
    6.33064804e+01 6.18091431e+01 6.15447807e+01 7.74860687e+01
    7.82086411e+01 7.92469635e+01 8.00010834e+01 7.79761124e+01
    7.56327362e+01 7.64662933e+01 7.75321655e+01 7.57109299e+01
    7.70675049e+01 7.88796234e+01 8.08533554e+01 7.81945801e+01
    7.55261993e+01 7.53053741e+01 7.87367783e+01 7.82067413e+01
    7.62046661e+01 7.46813354e+01 7.69252090e+01 7.88646011e+01
    7.90623779e+01 7.83917847e+01 7.89017563e+01 7.78334656e+01
    7.61316757e+01 7.28861465e+01 7.57692719e+01 7.70838547e+01
    7.79274673e+01 6.48365631e+01 6.44368286e+01 6.20674400e+01
    5.99109421e+01 6.18874779e+01 6.38314857e+01 6.35556870e+01
    6.28128471e+01 6.45728302e+01 6.30618439e+01 6.25950928e+01
    6.24832649e+01 6.51149673e+01 6.57791595e+01 6.58252335e+01
    5.30177689e+01 5.32317505e+01 5.48116989e+01 5.41673889e+01
    5.65120239e+01 4.86426773e+01 4.88387222e+01 5.14543571e+01
    4.42619514e+01 4.58553772e+01 4.44548492e+01 3.79272079e+01
    3.75799637e+01 3.58995438e+01 3.31257896e+01 8.29688110e+01
    8.34492645e+01 8.34639587e+01 8.30751266e+01 8.37878952e+01
    8.29993057e+01 8.31179123e+01 8.37220459e+01 8.32399368e+01
    8.36134644e+01 8.35876846e+01 8.15215530e+01 8.32472076e+01
    8.37863922e+01 8.34930496e+01 6.46589279e+01 6.24557419e+01
    5.85203819e+01 5.55239105e+01 5.67472992e+01 5.04457283e+01
    4.89359245e+01 4.89347610e+01 4.13461838e+01 4.34965820e+01
    4.48176193e+01 4.12076569e+01 3.97705307e+01 3.34813995e+01
    3.25461960e+01 6.21976013e+01 6.14128113e+01 5.55790520e+01
    5.19521484e+01 5.33876228e+01 6.46125946e+01 6.14320679e+01
    5.58172836e+01 6.22038498e+01 5.12458000e+01 4.26685486e+01
    4.01504173e+01 4.23066788e+01 4.88815384e+01 5.71926651e+01
    5.09446297e+01 5.10826492e+01 4.65270576e+01 4.15813904e+01
    4.82632675e+01 5.41085587e+01 5.22535133e+01 5.12555809e+01
    5.10993805e+01 4.73316040e+01 4.16356926e+01 3.75488625e+01
    4.06442795e+01 4.64215851e+01 4.22455368e+01 5.99537315e+01
    6.14243622e+01 5.16363144e+01 4.60149460e+01 4.96774216e+01
    4.86319466e+01 4.58562965e+01 4.54608650e+01 4.22908058e+01
    4.15477448e+01 3.79526596e+01 3.39778557e+01 3.82055931e+01
    3.89154892e+01 3.52784920e+01 6.73028183e+01 5.81255875e+01
    4.62847290e+01 4.06418915e+01 4.80921440e+01 5.02653656e+01
    5.09048920e+01 4.91493034e+01 4.71948547e+01 4.36227951e+01
    3.67248230e+01 3.98156700e+01 4.36332626e+01 4.79742622e+01
    4.30883293e+01 5.10512543e+01 5.05220528e+01 4.73557510e+01
    4.41204758e+01 4.66539383e+01 4.76928711e+01 4.60888138e+01
    4.46254730e+01 4.15916519e+01 3.93102493e+01 3.74575500e+01
    3.68343887e+01 3.33790970e+01 3.13838978e+01 2.80480194e+01
    8.17221985e+01 8.09091034e+01 7.89843292e+01 7.78444977e+01
    7.98015060e+01 8.11446762e+01 8.10973816e+01 8.10957489e+01
    8.20229645e+01 8.04367752e+01 7.87065506e+01 7.85720444e+01
    8.11720886e+01 8.33239899e+01 8.38259506e+01 6.01994438e+01
    5.98492928e+01 5.65573959e+01 5.36051254e+01 5.65184021e+01
    5.89038239e+01 5.82811623e+01 5.78932571e+01 6.05068741e+01
    5.79869576e+01 5.68799782e+01 5.57653008e+01 6.01599541e+01
    6.21056099e+01 6.39318924e+01 8.31488800e+01 8.28904419e+01
    8.21784821e+01 8.10999374e+01 8.11934052e+01 8.07349701e+01
    8.01322556e+01 8.08989410e+01 8.02388763e+01 8.02820206e+01
    8.11072845e+01 7.91847076e+01 8.39668045e+01 8.36175690e+01
    8.24678497e+01 4.95453224e+01 5.02858086e+01 5.23213959e+01
    5.46191864e+01 5.44620018e+01 4.85123024e+01 5.11979828e+01
    5.27042770e+01 4.47313499e+01 5.02128677e+01 5.27729073e+01
    5.44170074e+01 4.79072914e+01 4.38714027e+01 3.44054413e+01
    6.54808502e+01 6.88713684e+01 7.41735077e+01 7.87171478e+01
    7.03182602e+01 5.37994232e+01 5.55317841e+01 6.21067543e+01
    4.99815331e+01 6.17199135e+01 7.19843216e+01 7.99267578e+01
    6.95314865e+01 5.91537056e+01 4.25969162e+01 5.56504745e+01
    5.53960686e+01 5.46257896e+01 5.22071381e+01 5.25051727e+01
    5.18812332e+01 5.18629189e+01 5.22967072e+01 5.36584282e+01
    5.27628632e+01 5.30765915e+01 5.54651184e+01 5.67936249e+01
    5.65327377e+01 5.66046982e+01 5.71351814e+01 5.65077591e+01
    6.05517311e+01 6.27134132e+01 5.73991585e+01 4.97106056e+01
    5.19081306e+01 5.28188438e+01 4.92852440e+01 5.42672729e+01
    5.96321487e+01 6.55044098e+01 6.29711647e+01 5.42601166e+01
    4.51769562e+01 5.23795395e+01 5.34311295e+01 5.58335609e+01
    5.77509575e+01 5.60178871e+01 5.62988853e+01 5.63353844e+01
    5.73263283e+01 5.59867249e+01 5.67569427e+01 5.82670326e+01
    6.02093277e+01 5.75686073e+01 5.27310677e+01 4.66102867e+01
    9.04029160e+01 8.96758347e+01 8.73531342e+01 8.62115173e+01
    9.05707016e+01 9.10076065e+01 9.18814621e+01 9.20807571e+01
    8.97679367e+01 9.08587570e+01 9.12563553e+01 8.61933060e+01
    9.06113968e+01 9.15955429e+01 8.86917496e+01 6.20096130e+01
    6.27948837e+01 6.46796875e+01 6.49403152e+01 6.19927788e+01
    6.13856812e+01 6.18171539e+01 6.18517532e+01 6.13248978e+01
    6.18201752e+01 6.38892212e+01 6.71442413e+01 6.54539795e+01
    6.33271484e+01 6.20213966e+01 5.46955948e+01 5.47797203e+01
    5.52832108e+01 5.45014267e+01 5.46536942e+01 5.40433998e+01
    5.46747398e+01 5.48737221e+01 5.41138725e+01 5.40812187e+01
    5.48476448e+01 5.62452240e+01 5.67229118e+01 5.60144730e+01
    5.51498489e+01 5.32724419e+01 5.30737686e+01 5.28057976e+01
    5.27349052e+01 5.19963303e+01 5.07404099e+01 5.09171600e+01
    5.14428329e+01 5.00759315e+01 5.06922531e+01 5.10792618e+01
    5.51359482e+01 5.37741928e+01 5.35907135e+01 5.29647064e+01
    6.13012390e+01 6.15236244e+01 6.16484489e+01 6.10975761e+01
    6.10081253e+01 6.12227440e+01 6.14395180e+01 6.10574837e+01
    6.11246605e+01 6.04523811e+01 6.10892677e+01 6.26153870e+01
    6.26170158e+01 6.17009544e+01 6.14542427e+01 5.69375343e+01
    5.67767410e+01 5.71377449e+01 5.76939163e+01 5.83680305e+01
    5.80402908e+01 5.81222725e+01 5.89173775e+01 5.74039421e+01
    5.78919029e+01 5.84937210e+01 5.86334457e+01 5.96799088e+01
    6.00350380e+01 5.83213463e+01 6.07956619e+01 6.11979446e+01
    5.96439743e+01 5.82486725e+01 6.00886536e+01 6.14730988e+01
    6.14757156e+01 6.10690994e+01 6.22357674e+01 6.07718887e+01
    6.00173836e+01 6.19971085e+01 6.31034164e+01 6.41363068e+01
    6.46826553e+01 5.75905800e+01 5.74234581e+01 5.68966217e+01
    5.74696808e+01 5.86730270e+01 5.98871574e+01 5.96881180e+01
    6.03025894e+01 6.00975418e+01 5.86890717e+01 5.70572701e+01
    5.70051270e+01 5.99145927e+01 6.03115807e+01 6.23843842e+01
    5.66876183e+01 5.75332794e+01 5.91660347e+01 6.07464523e+01
    5.96194801e+01 5.87227020e+01 5.87285995e+01 5.96865540e+01
