<?xml version="1.0"?>
<opencv_storage>
<training_set_points type_id="opencv-matrix">
  <rows>53</rows>
  <cols>15</cols>
  <dt>f</dt>
  <data>
    8.16440277e+01 8.83914795e+01 1.11826202e+02 1.05068375e+02
    8.95543289e+01 8.38415909e+01 7.50760956e+01 4.03968544e+01
    6.34944687e+01 7.91948853e+01 7.69458008e+01 7.13125000e+01
    7.00076904e+01 6.42363281e+01 6.38215446e+01 9.67231293e+01
    8.89817352e+01 9.18671112e+01 9.16723862e+01 9.00546570e+01
    8.87319336e+01 8.57274628e+01 4.71652718e+01 7.11981659e+01
    8.66104889e+01 8.42885590e+01 8.04414978e+01 7.90067291e+01
    7.32585449e+01 7.22808228e+01 1.05134621e+02 9.15901718e+01
    8.98697662e+01 8.89913483e+01 8.53081818e+01 8.33533707e+01
    8.36090317e+01 5.88712959e+01 7.82316895e+01 8.63075409e+01
    8.44434967e+01 8.47201614e+01 8.22699890e+01 7.77238312e+01
    7.56751556e+01 7.62871780e+01 7.68429642e+01 7.72972717e+01
    7.96153488e+01 8.08546600e+01 8.37847977e+01 8.52355423e+01
    6.32399292e+01 7.57053528e+01 8.24931335e+01 8.12563934e+01
    7.85823669e+01 7.83357010e+01 7.30023422e+01 7.29948425e+01
    7.52408218e+01 7.42404175e+01 7.59199371e+01 7.64377441e+01
    7.62012634e+01 8.16783447e+01 8.45556335e+01 6.15941391e+01
    7.51217346e+01 8.51249847e+01 8.43275299e+01 8.37180405e+01
    8.05480194e+01 7.48245773e+01 7.39574280e+01 1.04503242e+02
    8.59562149e+01 8.81516724e+01 8.79385147e+01 8.02560272e+01
    7.84388046e+01 7.47866211e+01 4.51116333e+01 6.35838661e+01
    7.43026352e+01 7.19909439e+01 6.71653214e+01 6.69224854e+01
    5.99193115e+01 5.84785156e+01 8.07437592e+01 8.13138428e+01
    8.13496399e+01 7.91953888e+01 7.55327988e+01 7.50515747e+01
    7.46783295e+01 4.09611549e+01 5.99921608e+01 7.21414337e+01
    7.28040161e+01 7.13439178e+01 7.07540436e+01 6.54310684e+01
    6.31394043e+01 9.26329498e+01 8.21389771e+01 7.91301880e+01
    7.93420639e+01 8.15414047e+01 8.94568405e+01 8.97598038e+01
    6.31802216e+01 9.54509354e+01 9.98349075e+01 9.79739380e+01
    9.58044205e+01 9.12528152e+01 8.46330490e+01 8.29564514e+01
    8.04332047e+01 7.38903732e+01 7.67519913e+01 7.81883087e+01
    7.79042358e+01 7.99508591e+01 7.74297714e+01 5.67723045e+01
    7.45535126e+01 8.29765320e+01 7.97880325e+01 7.74400787e+01
    7.36599274e+01 6.75387115e+01 6.49173813e+01 7.72187271e+01
    8.25726700e+01 8.40372314e+01 8.37996597e+01 8.29604034e+01
    8.15532913e+01 7.79885864e+01 5.30567169e+01 6.61367645e+01
    7.70553665e+01 7.44721832e+01 7.16379700e+01 7.04840317e+01
    6.58192825e+01 6.56954651e+01 7.35573883e+01 7.06823807e+01
    7.39048157e+01 7.38856506e+01 7.20560150e+01 7.36502228e+01
    7.71900024e+01 6.97065048e+01 7.43764801e+01 7.78292847e+01
    7.68247910e+01 7.34091797e+01 7.38269806e+01 6.85026093e+01
    6.93932343e+01 7.48966675e+01 7.69217377e+01 8.03037643e+01
    7.97792435e+01 7.72401962e+01 7.93014908e+01 7.42136307e+01
    5.12590485e+01 6.17749710e+01 7.04098434e+01 7.02999725e+01
    6.76586914e+01 6.68926239e+01 6.18339157e+01 6.02448845e+01
    7.25542984e+01 7.34801788e+01 8.21220016e+01 8.51944427e+01
    8.14942474e+01 9.06851578e+01 7.80022659e+01 5.92087250e+01
    8.57661896e+01 9.36570435e+01 8.24512253e+01 7.58382874e+01
    7.57365723e+01 6.88947144e+01 6.76900635e+01 7.28197708e+01
    6.89916000e+01 6.18374214e+01 6.99988556e+01 7.87480850e+01
    8.17452240e+01 8.24361420e+01 7.13469238e+01 7.93710175e+01
    8.38982544e+01 8.27454376e+01 7.81615753e+01 7.88272018e+01
    7.49766922e+01 7.50967178e+01 7.90375900e+01 7.83088684e+01
    8.62943878e+01 8.73359070e+01 8.41452789e+01 8.18027344e+01
    7.91854935e+01 5.63594666e+01 6.91897125e+01 7.63458176e+01
    7.34934692e+01 6.91248398e+01 7.01363754e+01 6.46419373e+01
    6.26495895e+01 7.12380066e+01 6.98318176e+01 6.70633240e+01
    6.78898239e+01 7.38635864e+01 7.72981491e+01 8.82976685e+01
    7.88221512e+01 7.92095718e+01 8.11621399e+01 8.12782364e+01
    7.80108261e+01 7.85538177e+01 7.39128723e+01 7.42940826e+01
    7.39547882e+01 6.92409134e+01 6.91542969e+01 7.06752625e+01
    7.16396408e+01 7.77397003e+01 8.23177414e+01 7.39857483e+01
    7.33927917e+01 8.07762070e+01 8.18292160e+01 7.88328934e+01
    8.01291046e+01 7.55331955e+01 7.58777390e+01 7.55619049e+01
    7.71205826e+01 7.83139725e+01 7.72212677e+01 7.47951660e+01
    7.37070465e+01 7.15557327e+01 5.42538643e+01 6.85186462e+01
    7.54104691e+01 7.31609802e+01 7.03934937e+01 6.88850098e+01
    6.30081024e+01 6.16185265e+01 7.14902496e+01 6.94809265e+01
    6.66447754e+01 6.84746246e+01 7.65607452e+01 6.32402802e+01
    7.73329315e+01 8.50369873e+01 7.15311813e+01 6.79294968e+01
    7.20417099e+01 6.41310883e+01 7.01555557e+01 6.51788712e+01
    6.70953903e+01 9.01585007e+01 7.09853592e+01 6.97260742e+01
    6.91775742e+01 6.63260803e+01 6.70676270e+01 7.86826324e+01
    8.32920303e+01 7.81609039e+01 7.91074524e+01 7.92432480e+01
    7.58308334e+01 7.59523163e+01 7.15370789e+01 7.09897919e+01
    6.42343903e+01 7.30002213e+01 7.76592331e+01 7.79677048e+01
    6.87342758e+01 4.60650177e+01 7.21032333e+01 7.13534470e+01
    6.08200760e+01 5.81748238e+01 6.17194901e+01 6.65252228e+01
    6.95871964e+01 6.81374588e+01 6.98103867e+01 7.52837601e+01
    8.04512711e+01 7.16030273e+01 7.30212479e+01 7.33556519e+01
    8.23903961e+01 7.38423767e+01 6.02622299e+01 7.62884979e+01
    8.24555740e+01 7.87999725e+01 7.25297852e+01 7.26603012e+01
    6.47303925e+01 6.34928741e+01 7.09611664e+01 6.91153412e+01
    7.00754852e+01 7.12149963e+01 6.78298187e+01 6.89791718e+01
    7.77507858e+01 8.07469635e+01 7.78719330e+01 7.20900879e+01
    7.25220718e+01 6.27176628e+01 7.11912079e+01 6.53910217e+01
    6.45413971e+01 7.51478043e+01 6.96335144e+01 6.85917587e+01
    6.66972656e+01 6.10070343e+01 6.46389999e+01 7.01523438e+01
    8.88195877e+01 7.43399658e+01 6.79934311e+01 7.02200089e+01
    7.13609390e+01 7.14395905e+01 6.71534805e+01 6.86939697e+01
    6.76030197e+01 7.17896500e+01 6.55917282e+01 6.86309280e+01
    6.59488831e+01 6.21329308e+01 6.94688034e+01 7.00872192e+01
    6.59897385e+01 6.26361885e+01 6.27846642e+01 6.31033401e+01
    6.37263565e+01 6.17168236e+01 6.49557037e+01 7.11228790e+01
    7.07442245e+01 7.01414108e+01 7.23142014e+01 7.20856628e+01
    7.71484146e+01 7.63004456e+01 5.78888741e+01 6.96262360e+01
    8.04064636e+01 7.88497543e+01 7.42031708e+01 7.36838684e+01
    6.80630493e+01 6.62513504e+01 7.22535782e+01 6.75883179e+01
    6.85160217e+01 6.67751617e+01 6.00516739e+01 6.00646210e+01
    6.68026047e+01 8.73174744e+01 7.64917297e+01 7.08698273e+01
    6.93592453e+01 7.04629669e+01 6.95468292e+01 6.53403015e+01
    6.35948334e+01 7.07372894e+01 6.86231537e+01 7.16137085e+01
    7.14560928e+01 6.85385208e+01 6.85688019e+01 7.04534073e+01
    7.84630203e+01 7.54906082e+01 8.16534653e+01 9.18439331e+01
    9.73527222e+01 8.68888550e+01 7.99048615e+01 7.77051926e+01
    6.86096802e+01 6.83653412e+01 6.90889511e+01 6.93636246e+01
    6.95740967e+01 7.10912018e+01 7.82098999e+01 7.67102814e+01
    7.57950516e+01 9.02033386e+01 9.68777390e+01 7.48626556e+01
    7.74666061e+01 6.61614685e+01 6.27669830e+01 6.86172638e+01
    6.67793808e+01 6.91847382e+01 6.90508804e+01 6.77381744e+01
    6.67733917e+01 6.78488617e+01 8.03160858e+01 7.40931015e+01
    7.23486481e+01 7.22307587e+01 7.00122833e+01 7.07793198e+01
    6.85357742e+01 7.07495804e+01 7.19263763e+01 7.25359650e+01
    8.28585739e+01 8.23584213e+01 7.68494186e+01 7.04029846e+01
    7.12219238e+01 6.23927574e+01 6.90919647e+01 7.36153793e+01
    7.27361374e+01 7.11314926e+01 7.05541534e+01 6.70654678e+01
    6.63370209e+01 6.05936508e+01 5.78862877e+01 6.34992065e+01
    6.46592941e+01 6.44214020e+01 6.36630630e+01 6.04954643e+01
    7.17083740e+01 7.35468369e+01 7.62259369e+01 7.54643250e+01
    7.34427185e+01 7.05322800e+01 6.61118317e+01 6.44910049e+01
    7.05048828e+01 6.77171402e+01 6.99035263e+01 6.92173843e+01
    6.60957336e+01 6.85521317e+01 6.42764664e+01 6.67329330e+01
