<?xml version="1.0"?>
<opencv_storage>
<training_set_points type_id="opencv-matrix">
  <rows>40</rows>
  <cols>15</cols>
  <dt>f</dt>
  <data>
    7.59132004e+01 7.64411011e+01 7.61931458e+01 7.66019440e+01
    7.69813538e+01 7.76250992e+01 7.81866302e+01 8.02612915e+01
    8.26604309e+01 8.10448608e+01 8.00507736e+01 7.37702789e+01
    6.25743484e+01 6.90866165e+01 6.34105606e+01 7.11127090e+01
    7.37160263e+01 7.57360458e+01 7.78501053e+01 7.86148682e+01
    7.83295746e+01 7.90368576e+01 7.96219177e+01 7.97611694e+01
    8.14718781e+01 7.97550507e+01 8.89429550e+01 7.50119858e+01
    8.90659866e+01 7.64566574e+01 6.61677628e+01 6.73213730e+01
    6.64225082e+01 6.53345413e+01 6.47162476e+01 6.46749725e+01
    6.84248505e+01 7.12386932e+01 7.20470428e+01 7.37658005e+01
    7.11143951e+01 7.53535309e+01 6.82252579e+01 6.85905457e+01
    6.70060577e+01 7.09183121e+01 7.23497467e+01 6.98082199e+01
    7.13802032e+01 7.31672363e+01 7.37668076e+01 7.57623062e+01
    7.75362778e+01 7.95429230e+01 7.92365875e+01 7.56788177e+01
    8.10577545e+01 7.44823914e+01 7.60421982e+01 7.34556427e+01
    6.84923172e+01 6.78401566e+01 6.84480820e+01 6.08984604e+01
    5.79055481e+01 5.62371254e+01 6.61763992e+01 6.76297836e+01
    6.59938660e+01 8.22459869e+01 8.21557465e+01 8.40055008e+01
    8.65389175e+01 8.41545410e+01 8.53427124e+01 8.02091217e+01
    8.09905548e+01 8.03983078e+01 8.75190582e+01 8.85036240e+01
    8.80645905e+01 7.61711502e+01 7.08509598e+01 7.04348907e+01
    7.29593430e+01 6.97628784e+01 8.24177856e+01 8.15994415e+01
    7.88533783e+01 7.85758133e+01 7.45206070e+01 7.57226181e+01
    7.50188446e+01 7.58225479e+01 7.60009003e+01 7.68018188e+01
    7.51610641e+01 7.55473480e+01 7.56716156e+01 7.22894821e+01
    6.93918304e+01 7.67854767e+01 7.94669495e+01 7.73425064e+01
    8.13831711e+01 7.94432831e+01 8.05029297e+01 8.07507095e+01
    8.12623215e+01 8.14503708e+01 8.20123291e+01 8.03749466e+01
    8.01387100e+01 8.01173019e+01 7.61195450e+01 7.53310471e+01
    7.41328049e+01 7.72775269e+01 7.56879654e+01 7.87840347e+01
    8.79995193e+01 8.85380402e+01 9.05027618e+01 9.40195389e+01
    9.32655258e+01 9.69214401e+01 8.89046783e+01 8.70183563e+01
    8.61044083e+01 8.33218307e+01 8.51624908e+01 7.69296722e+01
    7.64878159e+01 7.68400726e+01 7.69923096e+01 8.28059082e+01
    8.40429230e+01 8.45577698e+01 8.60442276e+01 8.62088013e+01
    8.68986588e+01 8.43781433e+01 8.30732880e+01 8.24849854e+01
    7.61901474e+01 7.45291824e+01 7.32463531e+01 7.28363647e+01
    7.26611023e+01 7.35330963e+01 1.14826736e+02 9.52699051e+01
    8.02016296e+01 7.74465179e+01 7.78047714e+01 8.13763885e+01
    8.21219482e+01 8.57285156e+01 1.00883629e+02 5.80358696e+01
    5.68276291e+01 6.15574951e+01 6.50707703e+01 6.24122581e+01
    6.39968681e+01 9.21554565e+01 9.78329086e+01 1.08811058e+02
    1.06409325e+02 9.99914856e+01 9.78284912e+01 9.75069427e+01
    9.67977371e+01 9.14834213e+01 7.84574432e+01 7.95649872e+01
    7.12491608e+01 6.95497894e+01 6.93884277e+01 7.03508759e+01
    6.64336243e+01 6.67256546e+01 6.63134308e+01 6.64752502e+01
    6.68940430e+01 6.75426636e+01 7.04759598e+01 7.17321777e+01
    7.25382843e+01 6.95780716e+01 7.00946198e+01 8.29784698e+01
    9.24369583e+01 8.76925430e+01 9.29525681e+01 7.01036911e+01
    7.18824387e+01 7.32871552e+01 7.38611603e+01 7.32462006e+01
    7.35217972e+01 7.04064178e+01 6.90900879e+01 6.75198822e+01
    6.06374626e+01 6.07466011e+01 5.34272728e+01 5.59705086e+01
    5.54532013e+01 5.75413780e+01 9.70673981e+01 9.78265305e+01
    1.02256256e+02 9.60324631e+01 9.48788681e+01 9.18763351e+01
    1.03199272e+02 1.06142128e+02 1.03020767e+02 8.56884689e+01
    8.77791595e+01 7.53145752e+01 6.94910278e+01 7.04023514e+01
    6.96482162e+01 7.38539810e+01 7.56756897e+01 7.65853119e+01
    8.05864258e+01 8.37467194e+01 8.66974640e+01 7.79662018e+01
    7.54820709e+01 7.53201065e+01 6.44251785e+01 6.59933472e+01
    5.92931175e+01 5.64861717e+01 5.78475952e+01 5.72205429e+01
    8.04458313e+01 8.06987305e+01 8.16425400e+01 8.28742371e+01
    8.25665283e+01 8.45013733e+01 8.08571930e+01 8.01825409e+01
    7.92527084e+01 6.93749847e+01 7.07898331e+01 6.28731995e+01
    5.85309830e+01 5.92954941e+01 5.86889954e+01 7.31688004e+01
    7.37485733e+01 7.52582932e+01 7.54896240e+01 7.56548309e+01
    7.51754379e+01 7.37140808e+01 7.27804718e+01 7.22434540e+01
    6.95088806e+01 6.98851929e+01 6.40175476e+01 6.46782913e+01
    6.53917999e+01 6.73349838e+01 7.99299545e+01 8.16236725e+01
    8.21355286e+01 8.42988129e+01 8.54291916e+01 8.54677963e+01
    8.42299271e+01 8.29953918e+01 8.25363312e+01 7.57391968e+01
    7.57436523e+01 6.57322998e+01 6.00522194e+01 6.36162224e+01
    6.08014908e+01 7.32307816e+01 7.33330612e+01 7.39914703e+01
    7.42940750e+01 7.48661118e+01 7.55985794e+01 7.39414825e+01
    7.37419205e+01 7.32400665e+01 6.81403809e+01 6.84576645e+01
    6.54966736e+01 6.83306808e+01 6.63936539e+01 6.82636185e+01
    6.95550690e+01 6.93994064e+01 6.80848923e+01 6.88456650e+01
    6.96451569e+01 7.01202698e+01 7.05321960e+01 7.06895447e+01
    7.07270813e+01 6.44962158e+01 6.65678711e+01 5.83255196e+01
    6.27078934e+01 5.99880905e+01 6.27384949e+01 7.69549179e+01
    7.66902237e+01 7.66127319e+01 7.64985657e+01 7.62575607e+01
    7.60579071e+01 7.73670120e+01 7.74847336e+01 7.69711838e+01
    7.52251282e+01 7.61949539e+01 7.55785446e+01 7.66182861e+01
    7.55628510e+01 7.76105499e+01 7.51142578e+01 7.62764816e+01
    7.66122818e+01 7.71505356e+01 7.69499359e+01 7.68965149e+01
    7.59772415e+01 7.53913269e+01 7.45044403e+01 7.16352997e+01
    6.93322372e+01 7.28467026e+01 7.39007874e+01 7.34488602e+01
    7.47491455e+01 7.21946182e+01 7.28229599e+01 7.31770554e+01
    7.24463425e+01 7.21933746e+01 7.17537231e+01 7.24259720e+01
    7.22253571e+01 7.16928177e+01 7.11868362e+01 7.09161682e+01
    6.91202774e+01 7.26847382e+01 6.86905060e+01 7.26176224e+01
    7.14202194e+01 7.24227524e+01 7.15170059e+01 7.26396179e+01
    7.37405701e+01 7.44835968e+01 7.48104019e+01 7.48442764e+01
    7.45872345e+01 6.88815231e+01 6.69929581e+01 7.15848999e+01
    7.30575256e+01 7.17883301e+01 7.30894775e+01 6.83655624e+01
    6.83737640e+01 6.81188202e+01 6.79329834e+01 6.77307587e+01
    6.77212067e+01 6.82848434e+01 6.89192505e+01 6.89095459e+01
    6.72231674e+01 6.68950119e+01 6.87905273e+01 7.02879791e+01
    6.92552948e+01 7.05779800e+01 6.71006088e+01 6.78796616e+01
    6.88677826e+01 6.95649261e+01 6.93067703e+01 6.95250244e+01
    6.84897079e+01 6.81515427e+01 6.77613754e+01 6.53648529e+01
    6.47647324e+01 6.27635078e+01 6.14262962e+01 6.15405655e+01
    6.16205025e+01 7.21701279e+01 7.09289703e+01 7.06561203e+01
    6.99488297e+01 6.96809921e+01 6.98026276e+01 7.08655396e+01
    7.18363266e+01 7.16579285e+01 6.84275894e+01 6.82521591e+01
    6.56928482e+01 6.38693352e+01 6.48653336e+01 6.41224442e+01
    6.58351746e+01 6.60921249e+01 6.56500092e+01 6.54799957e+01
    6.56497192e+01 6.57388229e+01 6.73938370e+01 6.82771606e+01
    6.74255905e+01 6.48320312e+01 6.33708458e+01 6.81199875e+01
    6.97330475e+01 6.84842758e+01 6.96585007e+01 7.29675064e+01
    7.19527740e+01 7.31598587e+01 7.28219910e+01 7.24565582e+01
    7.25074615e+01 7.17034302e+01 7.10795059e+01 7.12545013e+01
    6.98036194e+01 6.87963486e+01 6.79308014e+01 6.83402710e+01
    6.87102737e+01 7.04155960e+01 7.16169357e+01 7.03698425e+01
    7.14828339e+01 6.99253769e+01 6.90921173e+01 6.96666794e+01
    6.94995270e+01 6.95169449e+01 6.99617691e+01 6.91796875e+01
    6.84082413e+01 7.01968918e+01 7.27980957e+01 7.07749329e+01
    7.40753632e+01 6.71772385e+01 6.56651917e+01 6.39049911e+01
    6.43865051e+01 6.56929626e+01 6.60070267e+01 6.68328934e+01
    6.70956955e+01 6.71920776e+01 6.42691269e+01 6.26916046e+01
    6.68096771e+01 6.71147766e+01 6.68897018e+01 6.64578705e+01
    5.77952652e+01 6.60953445e+01 6.45757980e+01 6.59528580e+01
    6.52188263e+01 6.40966034e+01 7.06395416e+01 7.27397766e+01
