<?xml version="1.0"?>
<opencv_storage>
<training_set_points type_id="opencv-matrix">
  <rows>45</rows>
  <cols>15</cols>
  <dt>f</dt>
  <data>
    6.28030128e+01 6.26309547e+01 6.25904388e+01 6.26735649e+01
    6.25231323e+01 6.27886925e+01 6.28191910e+01 6.26655807e+01
    6.24357376e+01 6.20739059e+01 6.17942619e+01 6.16500778e+01
    6.16336365e+01 6.13765297e+01 6.18874702e+01 6.40802612e+01
    6.40202789e+01 6.41236267e+01 6.43048630e+01 6.43270111e+01
    6.45531769e+01 6.45558548e+01 6.48261871e+01 6.45003967e+01
    6.44752426e+01 6.44587479e+01 6.47850647e+01 6.48573761e+01
    6.45773163e+01 6.52937546e+01 5.59767876e+01 5.65411797e+01
    5.63703270e+01 5.67139702e+01 5.65239830e+01 5.67257462e+01
    5.71019173e+01 5.71864929e+01 5.65168381e+01 5.61253891e+01
    5.65620537e+01 5.66460533e+01 5.67165260e+01 5.69330177e+01
    5.66141281e+01 6.30908127e+01 6.29858246e+01 6.28853798e+01
    6.30887833e+01 6.32569046e+01 6.32211800e+01 6.34071045e+01
    6.34955826e+01 6.31654243e+01 6.31740150e+01 6.34925232e+01
    6.35412903e+01 6.38203430e+01 6.37825317e+01 6.40996552e+01
    6.20155144e+01 6.16455612e+01 6.15832291e+01 6.20060768e+01
    6.17626572e+01 6.19790611e+01 6.21365891e+01 6.23010788e+01
    6.17900009e+01 6.16423569e+01 6.19739075e+01 6.20388832e+01
    6.23246078e+01 6.25875626e+01 6.26324463e+01 6.41033554e+01
    6.41588058e+01 6.42548447e+01 6.43505859e+01 6.42176361e+01
    6.43163528e+01 6.44227829e+01 6.46108932e+01 6.42773438e+01
    6.41732101e+01 6.43748093e+01 6.45985031e+01 6.49459000e+01
    6.52406693e+01 6.50774078e+01 5.95956459e+01 5.93763733e+01
    5.97602539e+01 5.96188164e+01 5.94335823e+01 5.93485832e+01
    5.93653984e+01 5.93645096e+01 5.88181190e+01 5.87930489e+01
    5.87931099e+01 5.86521797e+01 5.89745026e+01 5.87833862e+01
    5.90919952e+01 6.87868805e+01 6.88341446e+01 6.89041748e+01
    6.87146225e+01 6.86389847e+01 6.86436462e+01 6.90522232e+01
    6.89529037e+01 6.87621002e+01 6.84413071e+01 6.87230225e+01
    6.87187958e+01 6.89414444e+01 6.92073212e+01 6.89674759e+01
    6.34357605e+01 6.30735283e+01 6.29555359e+01 6.28990326e+01
    6.28996429e+01 6.29534302e+01 6.31179008e+01 6.32043571e+01
    6.26534081e+01 6.24796143e+01 6.26395531e+01 6.26304970e+01
    6.30189514e+01 6.27502670e+01 6.28874283e+01 6.63819122e+01
    6.59786072e+01 6.59508209e+01 6.60550613e+01 6.61160126e+01
    6.62422791e+01 6.66231766e+01 6.67489090e+01 6.64608688e+01
    6.64504166e+01 6.63311539e+01 6.67574463e+01 6.67848053e+01
    6.68019028e+01 6.70988159e+01 6.38967934e+01 6.36507797e+01
    6.34586411e+01 6.34089127e+01 6.35707779e+01 6.37894287e+01
    6.38030815e+01 6.41790848e+01 6.38829269e+01 6.36780891e+01
    6.38944130e+01 6.39582062e+01 6.39946938e+01 6.40221710e+01
    6.44083176e+01 5.94566841e+01 5.93022652e+01 5.97505341e+01
    6.01923981e+01 6.01598969e+01 6.03387985e+01 6.06236496e+01
    6.08330879e+01 6.03915749e+01 6.05465546e+01 6.07989960e+01
    6.13632164e+01 6.17081566e+01 6.20704460e+01 6.24601212e+01
    6.75277786e+01 6.77381821e+01 6.78199005e+01 6.78000031e+01
    6.79218521e+01 6.79657898e+01 6.81945038e+01 6.83140259e+01
    6.81460876e+01 6.79415359e+01 6.80067902e+01 6.81161575e+01
    6.83326950e+01 6.81095963e+01 6.83407288e+01 6.64784851e+01
    6.64839096e+01 6.64158478e+01 6.66780853e+01 6.67421951e+01
    6.69014664e+01 6.70181046e+01 6.72160645e+01 6.69111862e+01
    6.68498611e+01 6.70933762e+01 6.70880203e+01 6.71711578e+01
    6.71129227e+01 6.73116226e+01 5.43342094e+01 5.44319725e+01
    5.41644897e+01 5.42082672e+01 5.42572937e+01 5.45059052e+01
    5.46809387e+01 5.49133263e+01 5.45257225e+01 5.45517044e+01
    5.47144814e+01 5.50579071e+01 5.51807899e+01 5.54374962e+01
    5.58105469e+01 6.74105759e+01 6.75294113e+01 6.74758377e+01
    6.76170731e+01 6.77359467e+01 6.78038101e+01 6.78174210e+01
    6.80060043e+01 6.76814880e+01 6.78355255e+01 6.77486496e+01
    6.78701553e+01 6.80971756e+01 6.78775406e+01 6.85541077e+01
    6.63204880e+01 6.67107697e+01 6.67796707e+01 6.70230713e+01
    6.67341003e+01 6.69621506e+01 6.70568237e+01 6.71733322e+01
    6.68694229e+01 6.65173111e+01 6.68957977e+01 6.68845978e+01
    6.71289978e+01 6.71885757e+01 6.73751526e+01 6.45555954e+01
    6.35413551e+01 6.36599617e+01 6.36388321e+01 6.36140137e+01
    6.35172997e+01 6.35866013e+01 6.34861450e+01 6.32865257e+01
    6.28099785e+01 6.27360153e+01 6.28068924e+01 6.29404106e+01
    6.26865463e+01 6.30128746e+01 6.11742325e+01 6.17908363e+01
    6.17257233e+01 6.12682648e+01 6.18171196e+01 6.23543320e+01
    6.26738319e+01 6.25821686e+01 6.29808159e+01 6.27460709e+01
    6.27687340e+01 6.30415421e+01 6.29529190e+01 6.31906662e+01
    6.39234467e+01 7.05590363e+01 7.10550690e+01 7.12980881e+01
    7.11977234e+01 7.10353012e+01 7.13363190e+01 7.15255356e+01
    7.16501007e+01 7.13307953e+01 7.10853424e+01 7.13999786e+01
    7.13186417e+01 7.15861282e+01 7.18262939e+01 7.18157043e+01
    7.01758957e+01 7.00640488e+01 7.02945557e+01 7.11736755e+01
    7.10011673e+01 7.08008041e+01 7.12291031e+01 7.15018616e+01
    7.06048355e+01 7.06484146e+01 7.08690186e+01 7.10576019e+01
    7.16090088e+01 7.10923691e+01 7.19738464e+01 6.57695618e+01
    6.58390579e+01 6.58345642e+01 6.59492645e+01 6.59773102e+01
    6.61011810e+01 6.61187820e+01 6.62547607e+01 6.60543976e+01
    6.60843430e+01 6.59842834e+01 6.60827942e+01 6.63079224e+01
    6.59314117e+01 6.65401840e+01 7.31245575e+01 7.48969879e+01
    7.52006683e+01 7.50509949e+01 7.42537231e+01 7.40886536e+01
    7.46049500e+01 7.43395309e+01 7.35502396e+01 7.29201126e+01
    7.35409546e+01 7.37460480e+01 7.37534027e+01 7.44496918e+01
    7.28975983e+01 7.14889450e+01 7.15382996e+01 7.20648270e+01
    7.16259079e+01 7.15902710e+01 7.21058502e+01 7.21851501e+01
    7.20606689e+01 7.19211121e+01 7.17024460e+01 7.17278137e+01
    7.16351547e+01 7.16981812e+01 7.17148285e+01 7.20551224e+01
    5.93830643e+01 5.88868866e+01 5.89452286e+01 5.87026596e+01
    5.87510223e+01 5.88050308e+01 5.87003899e+01 5.88382721e+01
    5.86572647e+01 5.85761299e+01 5.85262947e+01 5.85056725e+01
    5.87529678e+01 5.85054398e+01 5.91986351e+01 7.11675262e+01
    7.08905792e+01 7.09734344e+01 7.09865723e+01 7.11816940e+01
    7.16264038e+01 7.15426559e+01 7.17863922e+01 7.15104675e+01
    7.14154282e+01 7.16123276e+01 7.16747742e+01 7.17297668e+01
    7.18246613e+01 7.20838013e+01 6.37273331e+01 6.39143372e+01
    6.42115555e+01 6.41603470e+01 6.41575775e+01 6.42624359e+01
    6.44350128e+01 6.45562057e+01 6.42025909e+01 6.42962570e+01
    6.40929642e+01 6.39620209e+01 6.43249588e+01 6.41174545e+01
    6.47939606e+01 7.57843552e+01 7.58080750e+01 7.60212936e+01
    7.60947952e+01 7.59804535e+01 7.60345459e+01 7.60563507e+01
    7.61570435e+01 7.57914276e+01 7.56531372e+01 7.56311722e+01
    7.58540802e+01 7.59298019e+01 7.61388702e+01 7.61264877e+01
    6.23043976e+01 6.19846077e+01 6.20912704e+01 6.20829010e+01
    6.19760170e+01 6.24087601e+01 6.25795059e+01 6.28725204e+01
    6.25947647e+01 6.24735527e+01 6.26115036e+01 6.27702637e+01
    6.29688606e+01 6.27438049e+01 6.31941376e+01 6.74817963e+01
    6.79690094e+01 6.86093826e+01 6.87783508e+01 6.90526886e+01
    6.91591797e+01 6.91971741e+01 6.95747070e+01 6.94067459e+01
    6.92677460e+01 6.95984726e+01 6.98464050e+01 7.01867905e+01
    7.00423737e+01 7.06395645e+01 6.58089600e+01 6.55624924e+01
    6.58236847e+01 6.60038147e+01 6.62885818e+01 6.64404449e+01
    6.67105331e+01 6.68765182e+01 6.65516434e+01 6.67754974e+01
    6.67580185e+01 6.69192200e+01 6.71406784e+01 6.68990784e+01
    6.71571960e+01 6.42127762e+01 6.44020767e+01 6.43558807e+01
    6.45347900e+01 6.44720993e+01 6.46089935e+01 6.52169800e+01
    6.52372437e+01 6.46447754e+01 6.47059250e+01 6.48851395e+01
    6.53551102e+01 6.55928421e+01 6.58727417e+01 6.59442139e+01
    6.90989227e+01 6.92556610e+01 6.93620911e+01 6.92414017e+01
    6.93610077e+01 6.94696426e+01 6.95779724e+01 6.96713943e+01
