<?xml version="1.0"?>
<opencv_storage>
<training_set_points type_id="opencv-matrix">
  <rows>40</rows>
  <cols>15</cols>
  <dt>f</dt>
  <data>
    6.38494377e+01 6.80861511e+01 6.52970200e+01 7.11911392e+01
    6.98662109e+01 6.89720154e+01 7.06348724e+01 6.58549805e+01
    6.45900955e+01 6.33218994e+01 6.39195862e+01 6.55906219e+01
    6.48810196e+01 6.62867050e+01 6.57227859e+01 6.30907021e+01
    7.33078537e+01 7.28267059e+01 6.96195984e+01 7.00989609e+01
    7.01491394e+01 6.91462402e+01 6.72334290e+01 6.75119858e+01
    7.04760132e+01 6.47804565e+01 6.84412994e+01 7.65342712e+01
    7.18820496e+01 6.89452820e+01 6.79667053e+01 6.76405869e+01
    6.96235657e+01 7.18128128e+01 7.06353760e+01 7.11472931e+01
    7.19770889e+01 6.69039764e+01 6.85498657e+01 6.41330643e+01
    6.24090996e+01 6.67966995e+01 6.80299072e+01 6.79374619e+01
    6.66835251e+01 5.61791840e+01 6.19573898e+01 5.92339020e+01
    6.94580917e+01 6.31660728e+01 6.80909348e+01 6.78797989e+01
    6.41385345e+01 6.66925964e+01 6.32882805e+01 6.24305229e+01
    6.35552979e+01 6.42960358e+01 6.53483734e+01 6.62227020e+01
    6.56434784e+01 6.53662186e+01 6.89016724e+01 7.53934097e+01
    7.23119202e+01 7.42206116e+01 7.44317398e+01 6.91922760e+01
    7.05621033e+01 6.71532364e+01 6.49870605e+01 6.65588760e+01
    6.72294769e+01 6.82694931e+01 6.58997498e+01 5.66289749e+01
    6.63190308e+01 6.45825272e+01 6.09067268e+01 6.29101944e+01
    6.22482376e+01 6.28946915e+01 6.63942871e+01 6.51923752e+01
    6.86424408e+01 6.72389984e+01 7.20050507e+01 7.68431778e+01
    7.41296844e+01 7.82309723e+01 6.19084053e+01 6.51570129e+01
    6.49867935e+01 7.24211121e+01 7.12851944e+01 7.28528214e+01
    7.34393158e+01 6.88981628e+01 7.05786591e+01 6.76490479e+01
    6.57673874e+01 6.60861664e+01 6.82999649e+01 6.96127090e+01
    6.99998016e+01 6.83169479e+01 6.67868042e+01 6.93961868e+01
    7.32643280e+01 7.12986755e+01 7.32690277e+01 7.32255096e+01
    7.12115936e+01 7.16133423e+01 7.03261490e+01 7.01608429e+01
    7.00528030e+01 7.01452942e+01 7.07223206e+01 7.02831573e+01
    6.89299927e+01 6.84504776e+01 7.25510025e+01 7.58284607e+01
    7.40884399e+01 7.51900101e+01 7.56762543e+01 7.26612091e+01
    7.43981018e+01 7.05535736e+01 7.31122665e+01 7.19432220e+01
    7.02348938e+01 7.19105530e+01 7.16765289e+01 6.49960098e+01
    6.36002884e+01 6.96868820e+01 6.91435165e+01 7.19549103e+01
    7.19820480e+01 7.02418518e+01 6.93002853e+01 6.85003967e+01
    6.80506668e+01 7.09123383e+01 7.12595901e+01 6.90127029e+01
    6.95929489e+01 6.77341003e+01 6.94112015e+01 6.98399353e+01
    7.15157013e+01 7.38302307e+01 7.52989502e+01 7.48600769e+01
    7.35778351e+01 7.37803574e+01 7.31933899e+01 7.21621017e+01
    7.15490189e+01 7.23532028e+01 7.20696259e+01 7.37670822e+01
    7.22393188e+01 6.20755615e+01 5.71547737e+01 6.45024261e+01
    6.20654678e+01 6.64282379e+01 6.43861313e+01 6.31668053e+01
    6.24367790e+01 6.01308022e+01 6.26639290e+01 6.48238068e+01
    6.58058777e+01 6.01334381e+01 6.28584404e+01 6.44307022e+01
    6.45347290e+01 7.51598129e+01 7.09896088e+01 8.07048340e+01
    7.21739578e+01 8.08846283e+01 7.33230438e+01 7.42286530e+01
    8.16560516e+01 7.65674515e+01 7.28656082e+01 7.71396484e+01
    7.44491501e+01 7.54102249e+01 7.73005905e+01 5.33775597e+01
    5.44340210e+01 5.94337578e+01 5.68438759e+01 5.80229568e+01
    5.34731750e+01 5.82572250e+01 5.56473770e+01 5.60513268e+01
    5.62395630e+01 5.72244415e+01 5.95205956e+01 6.28427353e+01
    6.29806633e+01 6.18449974e+01 5.77658310e+01 5.77679520e+01
    6.27034340e+01 6.11173172e+01 6.33113213e+01 6.12755737e+01
    5.82600365e+01 5.99320259e+01 5.74892120e+01 5.93426018e+01
    6.12155075e+01 6.23172455e+01 5.73828697e+01 5.71088982e+01
    5.89790955e+01 6.52420425e+01 6.48532867e+01 6.76405411e+01
    7.39861069e+01 6.85249023e+01 7.01141205e+01 7.10224152e+01
    6.66964340e+01 6.81864166e+01 6.77750778e+01 6.55758743e+01
    6.53647842e+01 6.57253113e+01 6.57377090e+01 6.65322495e+01
    6.79158783e+01 7.16867828e+01 6.97997894e+01 7.55095673e+01
    7.24292603e+01 7.85054626e+01 7.23334885e+01 7.45995636e+01
    7.51965714e+01 6.94537048e+01 6.81603775e+01 6.80431290e+01
    7.29252014e+01 6.98073883e+01 7.43424377e+01 5.59902000e+01
    5.46676903e+01 5.75848312e+01 5.65914459e+01 5.84085121e+01
    6.00808258e+01 5.77213135e+01 5.68660622e+01 5.83237419e+01
    5.69992180e+01 5.46853943e+01 5.70446243e+01 5.54897461e+01
    5.90692024e+01 5.89517899e+01 5.49454536e+01 5.22452850e+01
    5.91562996e+01 6.02291260e+01 5.83566093e+01 5.94819412e+01
    6.00800209e+01 6.14923515e+01 5.68389282e+01 5.56671181e+01
    5.77835732e+01 5.67827187e+01 5.59954872e+01 5.96782455e+01
    6.31493988e+01 5.84873085e+01 6.21529274e+01 6.11262054e+01
    5.87984810e+01 6.06777573e+01 5.85474548e+01 5.61084099e+01
    5.66103401e+01 5.40710106e+01 5.47481728e+01 5.86292648e+01
    6.19857330e+01 5.39553947e+01 5.49859810e+01 6.18785095e+01
    6.60827484e+01 6.72725067e+01 6.68631744e+01 7.07342300e+01
    6.93519440e+01 7.26694260e+01 7.00185242e+01 6.85693512e+01
    7.60018463e+01 6.66946106e+01 6.26292114e+01 6.20372467e+01
    6.76350098e+01 6.92018814e+01 6.62217560e+01 5.72503052e+01
    5.20755539e+01 5.83163567e+01 5.95363197e+01 5.67639923e+01
    5.72904701e+01 6.85149612e+01 5.64082680e+01 6.00402298e+01
    5.63841743e+01 5.65016441e+01 5.94653435e+01 6.05340271e+01
    6.13779182e+01 6.33555450e+01 5.71577721e+01 5.47439232e+01
    5.70168839e+01 5.69558525e+01 5.73189888e+01 5.59525299e+01
    5.41317062e+01 5.43019257e+01 5.50700989e+01 5.19055519e+01
    5.00703430e+01 5.46158714e+01 5.54738312e+01 5.53407974e+01
    5.77928772e+01 5.36347923e+01 6.04288635e+01 6.62521896e+01
    5.77890549e+01 5.94834328e+01 5.75520401e+01 5.45197487e+01
    5.60575333e+01 5.50695267e+01 6.13867531e+01 5.66489182e+01
    6.05522804e+01 5.65824432e+01 5.73232574e+01 6.45686264e+01
    5.24990921e+01 5.99617958e+01 5.98023224e+01 5.96066055e+01
    6.36130104e+01 5.67540932e+01 5.72339249e+01 6.10501213e+01
    5.52912292e+01 6.70309753e+01 5.89730988e+01 5.81303864e+01
    6.77380295e+01 5.91951103e+01 6.41598434e+01 5.91051636e+01
    6.15360832e+01 6.13337593e+01 5.86516800e+01 6.27287216e+01
    6.06712189e+01 5.57301788e+01 5.66310043e+01 5.12305489e+01
    5.72133064e+01 5.57798996e+01 5.48224297e+01 5.47356453e+01
    5.26102524e+01 5.36624222e+01 6.35271797e+01 6.70243607e+01
    6.86430969e+01 7.21366653e+01 6.92213974e+01 7.29474640e+01
    6.79593506e+01 6.68782043e+01 6.74695740e+01 6.79805450e+01
    6.61220474e+01 6.11078110e+01 6.40030518e+01 6.25822563e+01
    6.47015076e+01 5.30816994e+01 5.22585106e+01 5.93570900e+01
    5.69855309e+01 5.51201248e+01 5.50039444e+01 5.82862244e+01
    6.00040398e+01 6.04758797e+01 5.73052216e+01 5.62526932e+01
    5.76178741e+01 6.20434189e+01 6.33387451e+01 6.54076767e+01
    5.74554062e+01 5.84128304e+01 5.86251678e+01 5.58243904e+01
    5.78004074e+01 5.47825089e+01 5.15358963e+01 5.38788757e+01
    4.84751205e+01 5.15643005e+01 5.16555405e+01 5.06998863e+01
    5.41611748e+01 4.84218369e+01 4.97252960e+01 5.75943680e+01
    5.39090347e+01 5.61540527e+01 5.50800400e+01 5.47335663e+01
    5.47067146e+01 5.29435043e+01 5.19430847e+01 5.36942139e+01
    5.33182945e+01 5.03980980e+01 5.14006920e+01 5.67363129e+01
    5.89394455e+01 6.02644730e+01 6.16467247e+01 6.72103195e+01
    6.77823334e+01 6.96492920e+01 6.68757019e+01 6.89111481e+01
    6.79494019e+01 6.62080612e+01 6.34895668e+01 7.22497025e+01
    6.34162636e+01 6.18667450e+01 6.79641113e+01 6.26558304e+01
    6.11026382e+01 6.07223015e+01 5.79957314e+01 6.52505875e+01
    6.03278809e+01 6.13535995e+01 6.00071220e+01 5.91588631e+01
    5.77623978e+01 5.40759583e+01 5.48242340e+01 5.74518661e+01
    6.15146561e+01 5.26696930e+01 5.53803406e+01 5.49241409e+01
    6.59887085e+01 6.46288528e+01 6.64349518e+01 6.62716446e+01
    6.75646286e+01 6.61540833e+01 6.67282333e+01 6.46741867e+01
