<?xml version="1.0"?>
<opencv_storage>
<training_set_points type_id="opencv-matrix">
  <rows>45</rows>
  <cols>15</cols>
  <dt>f</dt>
  <data>
    1.15523888e+02 1.15693336e+02 1.14416817e+02 1.15129677e+02
    1.17299011e+02 1.00103745e+02 9.98775177e+01 1.21749443e+02
    1.19585762e+02 1.20294655e+02 1.20267548e+02 1.18252060e+02
    1.18819839e+02 1.19583046e+02 1.19214211e+02 1.01312126e+02
    1.00282486e+02 1.04241074e+02 1.05377808e+02 1.01543358e+02
    8.00254517e+01 8.98820801e+01 1.10015221e+02 1.09231277e+02
    1.08540047e+02 1.09615265e+02 1.10325554e+02 1.10826302e+02
    1.11253624e+02 1.11687988e+02 8.94117584e+01 8.77603683e+01
    9.27483215e+01 9.47910004e+01 8.86894150e+01 6.10807343e+01
    7.23398819e+01 9.53217163e+01 1.01107033e+02 1.00761597e+02
    1.02025307e+02 1.03832825e+02 1.04600365e+02 1.04280266e+02
    1.04692001e+02 9.67347717e+01 9.66731415e+01 1.00159927e+02
    1.03133163e+02 1.01601883e+02 8.24661484e+01 9.10499573e+01
    1.09124825e+02 1.12362328e+02 1.11622604e+02 1.11523567e+02
    1.10573494e+02 1.12345963e+02 1.13551567e+02 1.12696442e+02
    9.18005524e+01 9.12901077e+01 9.28566971e+01 9.42362137e+01
    9.52691803e+01 8.71210098e+01 9.42948303e+01 1.03842651e+02
    1.01784157e+02 1.01082901e+02 1.02288452e+02 1.03729897e+02
    1.04239021e+02 1.04843109e+02 1.04909164e+02 9.79116211e+01
    9.69359283e+01 9.87832031e+01 1.00921707e+02 1.01395477e+02
    1.03291656e+02 1.03708290e+02 1.04190247e+02 1.04167870e+02
    1.04191360e+02 1.05355850e+02 1.06837082e+02 1.07093719e+02
    1.07085968e+02 1.07540611e+02 1.03189850e+02 1.06750206e+02
    1.07497780e+02 1.10188492e+02 1.12978104e+02 1.13058601e+02
    1.12901985e+02 1.14081734e+02 1.16242477e+02 1.18718391e+02
    1.20466156e+02 1.20296692e+02 1.20437119e+02 1.20565849e+02
    1.20557449e+02 1.00812996e+02 1.02494339e+02 1.03415054e+02
    1.06270866e+02 1.09956856e+02 1.06527870e+02 1.07159096e+02
    1.12722992e+02 1.14685349e+02 1.16367836e+02 1.17477867e+02
    1.15564407e+02 1.16058304e+02 1.16144485e+02 1.16220123e+02
    9.85725250e+01 9.98945160e+01 1.01987839e+02 1.04732735e+02
    1.05103043e+02 9.86699600e+01 1.00850113e+02 1.04562775e+02
    1.04012688e+02 1.03738716e+02 1.03185928e+02 1.02094879e+02
    1.03225288e+02 1.03326202e+02 1.03090820e+02 9.21296921e+01
    9.06345901e+01 9.13953629e+01 9.18497772e+01 9.18203201e+01
    9.02078629e+01 8.94239883e+01 8.86006775e+01 9.16275330e+01
    9.24651947e+01 9.43202515e+01 9.79189758e+01 9.74762878e+01
    9.72687225e+01 9.79796753e+01 1.12238525e+02 1.09860245e+02
    1.10331551e+02 1.14562355e+02 1.21352287e+02 1.12512222e+02
    1.15651596e+02 1.13987022e+02 1.11829010e+02 1.09885780e+02
    1.11879608e+02 1.17593552e+02 1.14355408e+02 1.15050941e+02
    1.15188026e+02 1.06161667e+02 1.06765579e+02 1.04584602e+02
    1.01763260e+02 9.91886902e+01 1.04747795e+02 1.01035210e+02
    9.91159973e+01 9.63372192e+01 9.41975403e+01 9.30176010e+01
    8.68214188e+01 8.91782684e+01 9.03522263e+01 8.96247253e+01
    8.12940216e+01 7.92378845e+01 8.10619125e+01 8.13198471e+01
    7.93502579e+01 7.68950043e+01 7.90799561e+01 8.31498184e+01
    8.56348495e+01 8.51134033e+01 8.66184387e+01 9.00233231e+01
    8.99936676e+01 8.89538345e+01 8.94764175e+01 8.23314667e+01
    8.12392426e+01 8.22344284e+01 8.22481079e+01 8.08798752e+01
    9.01012573e+01 8.91329651e+01 8.32334747e+01 8.19595490e+01
    8.14096069e+01 8.35268631e+01 8.58335724e+01 8.57838898e+01
    8.56744537e+01 8.46839371e+01 6.47661209e+01 6.33557816e+01
    6.76918488e+01 7.00083618e+01 6.73218307e+01 8.44972458e+01
    8.49868317e+01 8.39903564e+01 7.71089859e+01 7.04799652e+01
    6.97299957e+01 7.35454865e+01 7.18253403e+01 7.24531860e+01
    7.13848419e+01 5.02123604e+01 5.75261154e+01 6.21405830e+01
    6.58423843e+01 7.55345230e+01 8.00605011e+01 6.97753983e+01
    5.72764244e+01 6.98063965e+01 7.81238556e+01 7.84073715e+01
    7.36489868e+01 7.34526291e+01 7.14267273e+01 7.05464859e+01
    6.26954117e+01 6.58466949e+01 7.11468887e+01 7.29278030e+01
    7.42527847e+01 8.81176605e+01 8.58257523e+01 7.29150848e+01
    6.51619415e+01 6.51047668e+01 6.38991089e+01 6.15167809e+01
    6.13883553e+01 6.07365532e+01 5.94441986e+01 5.74603348e+01
    5.91270790e+01 6.55027237e+01 7.02421036e+01 7.52857971e+01
    9.12029037e+01 9.19814453e+01 8.22294235e+01 8.10379105e+01
    7.98967972e+01 8.05419846e+01 8.31661758e+01 8.25771637e+01
    8.15577240e+01 8.21803284e+01 6.46417313e+01 6.76147842e+01
    7.20612335e+01 7.56291046e+01 7.72347794e+01 8.20283356e+01
    8.37874756e+01 8.42216339e+01 7.89096375e+01 7.81611481e+01
    7.78274460e+01 7.68472290e+01 7.61389847e+01 7.78188324e+01
    7.84631653e+01 7.73251266e+01 7.31213226e+01 7.50269623e+01
    7.51009903e+01 7.00031509e+01 7.90879745e+01 8.40197601e+01
    8.50933914e+01 8.06815948e+01 7.74792023e+01 7.86549301e+01
    7.87786331e+01 8.00759125e+01 8.15943527e+01 8.07436447e+01
    6.01944160e+01 6.71197662e+01 7.37640152e+01 7.72187271e+01
    7.95048447e+01 7.70255585e+01 7.97235489e+01 7.89881744e+01
    8.03606262e+01 8.11906128e+01 8.08305740e+01 8.21886978e+01
    8.15687332e+01 8.09425430e+01 8.11627655e+01 5.67457619e+01
    5.87837677e+01 6.59071503e+01 7.13283386e+01 7.46215897e+01
    7.69928818e+01 7.80155334e+01 7.76288681e+01 7.69146576e+01
    7.65024567e+01 7.63819046e+01 7.50067368e+01 7.57584305e+01
    7.61964340e+01 7.49394226e+01 6.54822311e+01 6.36841125e+01
    6.89240646e+01 7.28478241e+01 7.53330765e+01 7.88086624e+01
    8.13036957e+01 7.67804565e+01 8.29987869e+01 8.39067383e+01
    8.50525894e+01 9.11635284e+01 9.04249115e+01 9.02714920e+01
    9.09430618e+01 6.06067505e+01 6.19643250e+01 6.30846024e+01
    6.59542999e+01 6.96980972e+01 8.25148315e+01 7.80329895e+01
    7.47640381e+01 6.82175140e+01 6.91717300e+01 7.05077972e+01
    6.65751038e+01 6.85074692e+01 6.88025284e+01 6.75410995e+01
    7.13825302e+01 7.58928528e+01 8.08323135e+01 8.22403412e+01
    8.12723312e+01 7.55716858e+01 7.77341995e+01 8.28118286e+01
    8.64717026e+01 9.13274994e+01 9.16638107e+01 9.28114014e+01
    9.25896301e+01 9.13782272e+01 9.12877960e+01 5.49907150e+01
    5.48249779e+01 5.67900352e+01 5.70484772e+01 5.61005783e+01
    6.72651443e+01 6.75429306e+01 6.27144852e+01 6.42150421e+01
    6.71051788e+01 6.78743210e+01 6.92223358e+01 6.90194016e+01
    6.85841675e+01 6.79887238e+01 5.62949219e+01 5.91549721e+01
    6.51771927e+01 6.78618011e+01 7.01045914e+01 7.54801178e+01
    7.18518372e+01 6.92941284e+01 6.17899857e+01 6.20423965e+01
    6.29258270e+01 6.86556549e+01 6.46160736e+01 6.02215157e+01
    5.98571625e+01 1.26890862e+02 1.09670631e+02 1.25604134e+02
    1.35416962e+02 1.13378296e+02 9.10684052e+01 9.51065979e+01
    1.14089783e+02 1.20173492e+02 1.18092010e+02 1.11838425e+02
    1.04938484e+02 1.04541794e+02 1.06602036e+02 1.05020950e+02
    7.03539505e+01 6.81846085e+01 7.35516815e+01 7.63569031e+01
    7.84894867e+01 7.58204193e+01 7.83076630e+01 8.17709885e+01
    9.47143936e+01 9.70057907e+01 9.84368744e+01 1.06784676e+02
    1.06418091e+02 1.05206787e+02 1.06809433e+02 8.65066605e+01
    9.13165512e+01 9.23841934e+01 9.53497772e+01 9.34635468e+01
    8.13355789e+01 8.11021881e+01 9.60593414e+01 1.00907440e+02
    1.04563156e+02 1.03148659e+02 1.02180443e+02 1.03644470e+02
    1.03970161e+02 1.04544334e+02 7.66731033e+01 7.41264191e+01
    8.18222046e+01 8.28393555e+01 7.58976822e+01 7.60261078e+01
    8.35955734e+01 9.42439728e+01 1.02351669e+02 1.01955185e+02
    1.01348656e+02 9.35920410e+01 1.00609077e+02 1.03431976e+02
    1.03775696e+02 6.51123428e+01 7.03588638e+01 7.89703903e+01
    8.15645065e+01 7.78642426e+01 6.79897308e+01 7.52081070e+01
    8.30459061e+01 8.48402328e+01 8.39926605e+01 8.22856369e+01
    8.07037354e+01 8.12177658e+01 8.15354614e+01 8.11329880e+01
    9.33166885e+01 9.24278259e+01 9.17439499e+01 9.17010040e+01
    9.27584686e+01 1.03754051e+02 1.01973038e+02 9.04685287e+01
