<?xml version="1.0"?>
<opencv_storage>
<training_set_points type_id="opencv-matrix">
  <rows>48</rows>
  <cols>15</cols>
  <dt>f</dt>
  <data>
    6.77681122e+01 6.91743546e+01 6.98973923e+01 7.00439148e+01
    6.96276703e+01 7.22671967e+01 6.82383041e+01 6.71650162e+01
    6.73654938e+01 6.82624207e+01 5.92947731e+01 5.61211777e+01
    5.99294205e+01 5.66930923e+01 5.30240746e+01 6.14215927e+01
    6.34053192e+01 6.48681107e+01 6.50396042e+01 6.29443512e+01
    6.17362900e+01 5.79735222e+01 5.67912064e+01 5.53412704e+01
    5.46703987e+01 5.39388428e+01 5.16827965e+01 4.97281303e+01
    4.79569206e+01 4.41795769e+01 6.72899246e+01 6.44674225e+01
    6.24472351e+01 6.94652557e+01 7.65669022e+01 7.62094803e+01
    7.39199677e+01 7.35801849e+01 7.45195084e+01 7.42609634e+01
    7.10255051e+01 6.98593521e+01 6.55596390e+01 6.66369476e+01
    6.41360474e+01 6.32521782e+01 6.31656723e+01 6.60338440e+01
    6.55373917e+01 6.38472748e+01 6.29544334e+01 6.01426582e+01
    5.91999130e+01 5.92884102e+01 5.81541328e+01 5.56958160e+01
    5.40034256e+01 5.01548157e+01 4.85545654e+01 4.66543007e+01
    6.23621750e+01 6.39174995e+01 6.83836746e+01 7.07062149e+01
    7.24390106e+01 7.08366623e+01 6.69020996e+01 6.45472183e+01
    6.18663368e+01 6.27079735e+01 6.51190033e+01 6.34935226e+01
    6.00901794e+01 5.69887619e+01 5.53220139e+01 5.93303413e+01
    5.57970123e+01 5.55390511e+01 5.95191269e+01 6.24262733e+01
    6.37274323e+01 6.18910828e+01 6.49776688e+01 6.70198212e+01
    6.59462051e+01 6.54417038e+01 6.43852768e+01 6.15514908e+01
    6.04415627e+01 5.63375168e+01 6.01617622e+01 6.12211151e+01
    6.10917778e+01 6.48275986e+01 7.26273193e+01 7.24198227e+01
    7.17866592e+01 7.14820862e+01 7.16580658e+01 7.45299072e+01
    7.29614868e+01 6.87750397e+01 6.73933105e+01 6.22612305e+01
    5.81848030e+01 5.79927444e+01 6.00082588e+01 6.31488266e+01
    6.51539688e+01 6.66148682e+01 6.69833527e+01 6.61433640e+01
    6.45054016e+01 6.59787827e+01 6.71313248e+01 6.42965469e+01
    6.27549248e+01 5.46673851e+01 4.95707092e+01 4.69772720e+01
    6.96487503e+01 7.19677505e+01 6.68677063e+01 6.90959167e+01
    7.13610535e+01 7.08643112e+01 6.62556305e+01 6.67691116e+01
    6.77963181e+01 6.25603828e+01 5.18106804e+01 5.49968224e+01
    5.23402061e+01 5.24382172e+01 5.48800201e+01 6.11320038e+01
    5.93353882e+01 5.95348969e+01 6.36632652e+01 6.88158264e+01
    6.73133469e+01 6.56836777e+01 6.10447044e+01 5.98529053e+01
    6.28096848e+01 6.50869217e+01 6.50952072e+01 5.60274429e+01
    5.31969604e+01 5.26233559e+01 6.26723061e+01 6.36876755e+01
    7.07100677e+01 7.40752792e+01 6.33646622e+01 6.40536346e+01
    5.96820717e+01 6.08242836e+01 6.15732765e+01 6.33378220e+01
    6.29418831e+01 6.32009125e+01 6.78233490e+01 6.92190552e+01
    6.54194412e+01 8.80385284e+01 8.31911926e+01 9.56304626e+01
    8.25792389e+01 7.48311234e+01 7.56292419e+01 7.46353683e+01
    7.85792007e+01 7.97330170e+01 7.61891403e+01 7.39898911e+01
    7.07769623e+01 7.16429825e+01 6.98892136e+01 6.65960617e+01
    5.76524429e+01 6.11114578e+01 6.01288948e+01 5.82582169e+01
    5.87698288e+01 5.93748512e+01 5.77200890e+01 5.85440292e+01
    5.83767776e+01 5.69766312e+01 5.77968292e+01 6.09985008e+01
    6.55879517e+01 6.30269012e+01 6.01627655e+01 8.03774948e+01
    8.07131653e+01 7.48282089e+01 7.33365021e+01 6.63486557e+01
    6.62599640e+01 6.55830765e+01 7.09145584e+01 6.96372757e+01
    6.93103180e+01 7.48852844e+01 7.29281235e+01 6.83404388e+01
    6.81991425e+01 6.73751526e+01 6.23072090e+01 6.17870407e+01
    6.48574829e+01 6.44434586e+01 6.72425156e+01 6.67021103e+01
    6.52259140e+01 6.33831024e+01 6.32020035e+01 6.44451523e+01
    6.71010895e+01 6.45120926e+01 6.26687546e+01 5.69486275e+01
    5.32909393e+01 5.72645454e+01 5.73863678e+01 5.90359612e+01
    5.83300705e+01 5.80639381e+01 6.03995819e+01 5.92877502e+01
    5.93221245e+01 6.09525146e+01 6.12460518e+01 6.07926712e+01
    6.18297348e+01 6.27340279e+01 6.53554611e+01 6.22229385e+01
    6.59861145e+01 6.90013351e+01 6.98510056e+01 6.88894577e+01
    6.12800865e+01 6.14103813e+01 5.59303169e+01 6.12506409e+01
    6.00982971e+01 5.45038834e+01 5.57958183e+01 5.52437057e+01
    5.32230225e+01 5.37679329e+01 5.11204720e+01 7.83069382e+01
    8.07297211e+01 7.91468964e+01 8.34219360e+01 9.06609116e+01
    8.73231888e+01 7.94012222e+01 8.26957779e+01 8.39047546e+01
    8.15825043e+01 7.78540115e+01 7.78298798e+01 7.46883850e+01
    7.32011566e+01 6.99247589e+01 6.19937668e+01 6.76389160e+01
    6.77006454e+01 7.52371292e+01 9.37008209e+01 9.12024689e+01
    8.71669083e+01 8.35922775e+01 8.31385498e+01 8.91293259e+01
    8.70890350e+01 8.16938477e+01 8.54168549e+01 8.77673569e+01
    8.52022095e+01 4.12542610e+01 3.57077866e+01 3.20335007e+01
    4.98281975e+01 5.44581337e+01 5.63605270e+01 6.15483322e+01
    5.19936829e+01 5.57844543e+01 6.55967178e+01 7.09916458e+01
    6.72067871e+01 5.70535278e+01 5.44063606e+01 5.31489029e+01
    5.63519478e+01 5.82306519e+01 6.33712311e+01 7.68673553e+01
    6.85710678e+01 6.99364319e+01 6.68719025e+01 6.89339752e+01
    6.90492325e+01 6.71634369e+01 6.38298149e+01 6.21103249e+01
    4.99999962e+01 3.02784233e+01 2.84732971e+01 5.76320572e+01
    5.77088013e+01 6.60317078e+01 6.14470444e+01 4.90958405e+01
    4.92513580e+01 4.89130096e+01 5.67922897e+01 5.51430588e+01
    5.09335632e+01 5.03583450e+01 4.97625999e+01 6.11743050e+01
    6.27149124e+01 6.22324905e+01 8.34421234e+01 8.24197388e+01
    7.36600571e+01 7.40048447e+01 6.84620514e+01 7.34237976e+01
    7.53164520e+01 7.38423691e+01 7.17976685e+01 7.62038574e+01
    9.86399536e+01 1.01031578e+02 8.44316864e+01 8.10930405e+01
    7.82998962e+01 7.84623337e+01 8.21240387e+01 8.47017822e+01
    8.68090591e+01 7.90325470e+01 7.87985306e+01 8.03614960e+01
    8.09869537e+01 8.04237213e+01 8.51751022e+01 8.49274902e+01
    9.60367813e+01 7.74104385e+01 7.12622910e+01 7.18508072e+01
    7.21908264e+01 7.43952942e+01 7.73395309e+01 8.01507797e+01
    7.97950439e+01 8.00736847e+01 7.86990662e+01 8.08989410e+01
    8.10634613e+01 8.01546249e+01 7.96480026e+01 7.67828217e+01
    7.57911606e+01 7.80489883e+01 7.58168488e+01 7.34689331e+01
    7.32671356e+01 7.11401443e+01 7.77669449e+01 8.18355103e+01
    8.32556534e+01 8.40402374e+01 8.30929718e+01 8.40001068e+01
    8.82940826e+01 8.90491791e+01 8.86810303e+01 8.18431396e+01
    7.82208862e+01 8.01054611e+01 5.25973053e+01 5.48074951e+01
    6.02663422e+01 6.51097107e+01 7.61001587e+01 7.94968872e+01
    7.65068054e+01 7.39596786e+01 8.14864655e+01 8.91591492e+01
    8.31289520e+01 7.47581329e+01 7.47185745e+01 7.79019012e+01
    7.68649445e+01 7.21251297e+01 7.25720291e+01 7.61301498e+01
    7.70685272e+01 7.86355743e+01 8.00940247e+01 8.13207169e+01
    7.99746246e+01 8.15942688e+01 8.40159607e+01 8.37671814e+01
    8.07820129e+01 7.69229431e+01 7.49000092e+01 7.41646500e+01
    6.72945023e+01 7.09253845e+01 7.64465942e+01 7.36027603e+01
    6.55821609e+01 6.56589737e+01 6.71510925e+01 6.50778961e+01
    6.66647797e+01 6.93639297e+01 7.29786072e+01 7.49153748e+01
    8.13394699e+01 8.21156082e+01 7.85229721e+01 7.00452347e+01
    7.07449646e+01 6.62633972e+01 6.59025116e+01 7.21570282e+01
    7.34442749e+01 7.39705734e+01 7.21762238e+01 7.33553619e+01
    7.64564972e+01 7.86551285e+01 7.85023193e+01 8.19843674e+01
    8.30846405e+01 8.06791992e+01 7.05629272e+01 7.23395920e+01
    7.10740814e+01 7.34253082e+01 7.73970718e+01 7.88173447e+01
    7.68356018e+01 7.73314896e+01 7.86182556e+01 7.87711258e+01
    7.92866135e+01 8.07470474e+01 8.37201538e+01 8.54743805e+01
    8.43040237e+01 5.68477478e+01 5.55316238e+01 5.67698326e+01
    6.46228180e+01 7.13839798e+01 7.14451141e+01 7.04947968e+01
    6.82126694e+01 6.83014679e+01 7.17998428e+01 7.52948990e+01
    7.04713058e+01 6.58016510e+01 6.81068573e+01 6.93529129e+01
    5.95492477e+01 6.02640839e+01 6.16913681e+01 6.38329430e+01
    6.91051178e+01 7.08573456e+01 7.29338989e+01 7.01122437e+01
