<?xml version="1.0"?>
<opencv_storage>
<training_set_points type_id="opencv-matrix">
  <rows>43</rows>
  <cols>15</cols>
  <dt>f</dt>
  <data>
    7.54041672e+01 7.59121323e+01 7.58475723e+01 7.54245377e+01
    7.56249542e+01 7.52346344e+01 7.54934235e+01 7.60743256e+01
    7.56746368e+01 7.54676743e+01 7.53267975e+01 7.59364319e+01
    7.62859726e+01 7.62397537e+01 7.64660492e+01 7.84563217e+01
    7.97135391e+01 8.04865570e+01 7.99072418e+01 8.04533310e+01
    8.12764282e+01 8.15108185e+01 8.17225266e+01 8.14605331e+01
    8.14553757e+01 8.24397736e+01 8.23793945e+01 8.31785049e+01
    8.37216263e+01 8.38095779e+01 8.50202560e+01 8.55144958e+01
    8.49483948e+01 8.49916077e+01 8.52860260e+01 8.51545105e+01
    8.55051346e+01 8.53952026e+01 8.50760880e+01 8.52921906e+01
    8.52547607e+01 8.58479767e+01 8.63021317e+01 8.65504990e+01
    8.65195999e+01 8.62536621e+01 8.61267853e+01 8.65126877e+01
    8.66656036e+01 8.65372467e+01 8.67805939e+01 8.66393661e+01
    8.72112122e+01 8.64056778e+01 8.62697601e+01 8.59433975e+01
    8.62236710e+01 8.62781448e+01 8.66312256e+01 8.64604645e+01
    8.66696548e+01 8.69629059e+01 8.71726532e+01 8.79384232e+01
    8.79442062e+01 8.84497375e+01 8.85453033e+01 8.86085052e+01
    8.80143585e+01 8.77419434e+01 8.82958984e+01 8.81095657e+01
    8.84115143e+01 8.87966385e+01 8.90209808e+01 7.77419281e+01
    7.80484314e+01 7.84861450e+01 7.85400085e+01 7.88529663e+01
    7.88614502e+01 7.89526443e+01 7.92668915e+01 7.91322327e+01
    7.82112579e+01 7.82840118e+01 7.84260406e+01 7.85896378e+01
    7.87565994e+01 7.92410812e+01 9.16076584e+01 9.25697403e+01
    9.38528442e+01 9.34265594e+01 9.33113708e+01 9.42706604e+01
    9.41228180e+01 9.56759796e+01 9.50378494e+01 9.35511322e+01
    9.29996796e+01 9.31094437e+01 9.38857422e+01 9.41799774e+01
    9.40289688e+01 8.50150146e+01 8.54795914e+01 8.60664673e+01
    8.55963974e+01 8.55501862e+01 8.50618591e+01 8.54237137e+01
    8.56854172e+01 8.49749069e+01 8.52089844e+01 8.48207932e+01
    8.51055450e+01 8.51658249e+01 8.55179443e+01 8.55647049e+01
    9.72544403e+01 9.72577896e+01 9.74691696e+01 9.75042572e+01
    9.72030182e+01 9.79855652e+01 9.82178268e+01 9.82791061e+01
    9.78887024e+01 9.81917191e+01 9.82137070e+01 9.82303619e+01
    9.88268509e+01 9.87018967e+01 9.90044022e+01 8.22199783e+01
    8.11937256e+01 8.21318741e+01 8.25900116e+01 8.29761353e+01
    8.33522263e+01 8.31614380e+01 8.36759491e+01 8.29414902e+01
    8.26482468e+01 8.27829132e+01 8.28098526e+01 8.28772964e+01
    8.21900558e+01 8.25598450e+01 8.69646149e+01 8.78963165e+01
    8.81588898e+01 8.76209488e+01 8.84950180e+01 8.80387268e+01
    8.82630615e+01 8.88011703e+01 8.83775177e+01 8.75411377e+01
    8.76099548e+01 8.76944351e+01 8.79307632e+01 8.82500763e+01
    8.82338791e+01 8.07555313e+01 8.07459106e+01 8.11982117e+01
    8.16483231e+01 8.16402664e+01 8.17988358e+01 8.15502625e+01
    8.21309967e+01 8.12763596e+01 8.05556107e+01 8.07038345e+01
    8.09736938e+01 8.10722733e+01 8.08128586e+01 8.12695541e+01
    6.57029648e+01 6.54235229e+01 6.57478561e+01 6.60352097e+01
    6.65945892e+01 6.69480896e+01 6.71615829e+01 6.80166473e+01
    6.75193939e+01 6.65753250e+01 6.71909866e+01 6.74285126e+01
    6.71484070e+01 6.69377747e+01 6.76461182e+01 7.05720139e+01
    6.99654160e+01 7.10742722e+01 7.17105484e+01 7.24134674e+01
    7.23904953e+01 7.26026840e+01 7.30646515e+01 7.28008957e+01
    7.24781418e+01 7.25570526e+01 7.31931229e+01 7.31971741e+01
    7.32851868e+01 7.32827148e+01 9.79080429e+01 9.86439285e+01
    9.84743500e+01 9.92073059e+01 9.94801941e+01 9.92688675e+01
    9.94244461e+01 9.94140625e+01 9.89642792e+01 9.84827652e+01
    9.84400482e+01 9.86460953e+01 9.89399033e+01 9.92772675e+01
    9.90975189e+01 9.91247559e+01 9.93195267e+01 9.94765472e+01
    9.93603134e+01 9.96775665e+01 9.95554199e+01 9.98988190e+01
    9.94646606e+01 9.92772141e+01 9.86837769e+01 9.90450974e+01
    9.87703400e+01 9.90441589e+01 9.92946167e+01 9.88884354e+01
    8.25096359e+01 8.29096375e+01 8.37518082e+01 8.39846573e+01
    8.43873062e+01 8.48959198e+01 8.48484802e+01 8.57325592e+01
    8.52539215e+01 8.42662735e+01 8.44138260e+01 8.47852325e+01
    8.48158340e+01 8.51102600e+01 8.49757843e+01 8.08620071e+01
    8.10999298e+01 8.09109344e+01 8.16033173e+01 8.12922363e+01
    8.18535614e+01 8.16830139e+01 8.18343658e+01 8.11649399e+01
    8.06705780e+01 8.10491104e+01 8.11577988e+01 8.12463608e+01
    8.13536911e+01 8.14821777e+01 8.56209564e+01 8.48474197e+01
    8.52930145e+01 8.59084244e+01 8.62114105e+01 8.65024338e+01
    8.66277847e+01 8.67522888e+01 8.58850403e+01 8.56059723e+01
    8.57647095e+01 8.60882416e+01 8.57897415e+01 8.55649185e+01
    8.60447998e+01 6.41293793e+01 6.51554947e+01 6.60100555e+01
    6.62153549e+01 6.67663498e+01 6.68308105e+01 6.73582230e+01
    6.74976654e+01 6.72428207e+01 6.68718185e+01 6.68772583e+01
    6.74812088e+01 6.76600952e+01 6.79549942e+01 6.80436096e+01
    9.52494507e+01 9.66025772e+01 9.65096359e+01 9.62793045e+01
    9.69168015e+01 9.65606842e+01 9.68882980e+01 9.70327835e+01
    9.64679871e+01 9.65769730e+01 9.65150757e+01 9.69776917e+01
    9.74950485e+01 9.74788132e+01 9.74141006e+01 9.13428040e+01
    9.10349274e+01 9.16306763e+01 9.16524582e+01 9.19199295e+01
    9.21984558e+01 9.18334961e+01 9.27322922e+01 9.21910248e+01
    9.13913040e+01 9.19674072e+01 9.25019989e+01 9.20670929e+01
    9.27752914e+01 9.25317078e+01 7.96181717e+01 7.95187225e+01
    7.99062729e+01 7.99484024e+01 8.01991272e+01 8.04145508e+01
    8.04638367e+01 8.11299667e+01 8.04155960e+01 7.99615097e+01
    8.01023941e+01 8.03875961e+01 8.07276840e+01 8.08353500e+01
    8.13554306e+01 5.08147049e+01 5.32747269e+01 5.39253731e+01
    5.30079308e+01 5.35573463e+01 5.28689957e+01 5.36486053e+01
    5.34980927e+01 5.33549881e+01 5.36917572e+01 5.36784096e+01
    5.39313354e+01 5.48574486e+01 5.56431732e+01 5.56506424e+01
    8.60178986e+01 8.59187851e+01 8.63345413e+01 8.58276825e+01
    8.65828781e+01 8.63123474e+01 8.68292694e+01 8.71825409e+01
    8.67397614e+01 8.65000000e+01 8.65693130e+01 8.69960785e+01
    8.70362473e+01 8.69999771e+01 8.70921936e+01 1.03868256e+02
    1.03554924e+02 1.03737907e+02 1.03456711e+02 1.04180176e+02
    1.04124878e+02 1.03995369e+02 1.04290298e+02 1.03865540e+02
    1.03320374e+02 1.03215965e+02 1.04041328e+02 1.03518593e+02
    1.04199776e+02 1.04705048e+02 9.76205978e+01 9.78816071e+01
    9.89979401e+01 9.89772415e+01 9.85354919e+01 9.88250656e+01
    9.90803070e+01 9.89791565e+01 9.82492828e+01 9.81067657e+01
    9.82745667e+01 9.83626175e+01 9.90066986e+01 9.91652603e+01
    9.93667374e+01 1.02681274e+02 1.02983917e+02 1.03162880e+02
    1.02931358e+02 1.02984085e+02 1.02968460e+02 1.03258247e+02
    1.03263123e+02 1.02856361e+02 1.02720734e+02 1.02706337e+02
    1.02735168e+02 1.03274345e+02 1.03066635e+02 1.03334862e+02
    8.23546371e+01 8.28850479e+01 8.29578171e+01 8.35703049e+01
    8.35114975e+01 8.44579620e+01 8.46082993e+01 8.44838028e+01
    8.31823578e+01 8.36809464e+01 8.47857437e+01 8.40206833e+01
    8.52610931e+01 8.54914703e+01 8.60217285e+01 9.87287903e+01
    9.97370911e+01 9.97766190e+01 9.98658295e+01 9.96260605e+01
    9.97182159e+01 1.00088600e+02 1.00004494e+02 9.92791519e+01
    9.91879501e+01 9.87801590e+01 9.94592896e+01 9.99323196e+01
    1.00315025e+02 1.00328934e+02 7.68405685e+01 7.73730240e+01
    7.73084869e+01 7.75205154e+01 7.76011276e+01 7.83337936e+01
    7.84494400e+01 7.84148407e+01 7.76300354e+01 7.79897690e+01
    7.82324677e+01 7.77859955e+01 7.89563370e+01 7.93239746e+01
    7.94489517e+01 6.98575745e+01 6.93973999e+01 7.07542572e+01
    7.08600006e+01 7.26319427e+01 7.30457611e+01 7.37571640e+01
    7.43671799e+01 7.44479523e+01 7.45876007e+01 7.46394806e+01
    7.57487869e+01 7.55654755e+01 7.61621780e+01 7.65376053e+01
    8.49990921e+01 8.52892151e+01 8.52970734e+01 8.54954834e+01
    8.54596252e+01 8.66607895e+01 8.65280533e+01 8.60970001e+01
