<?xml version="1.0"?>
<opencv_storage>
<training_set_points type_id="opencv-matrix">
  <rows>41</rows>
  <cols>15</cols>
  <dt>f</dt>
  <data>
    8.42696228e+01 8.34410477e+01 8.30025253e+01 8.31957169e+01
    8.30193939e+01 8.33905945e+01 8.33246078e+01 8.32147217e+01
    8.31581955e+01 8.23987885e+01 8.17018890e+01 8.13177872e+01
    8.09730377e+01 8.15416946e+01 8.27730637e+01 8.51887894e+01
    8.50025864e+01 8.31662674e+01 8.34214935e+01 8.35692978e+01
    8.37127228e+01 8.44086685e+01 8.41734238e+01 8.46816559e+01
    8.47482758e+01 8.40820312e+01 8.40323105e+01 8.40853958e+01
    8.44430161e+01 8.54779510e+01 1.04145470e+02 1.04209717e+02
    1.03671814e+02 1.02729652e+02 1.02898712e+02 1.02078415e+02
    1.01587990e+02 1.01110939e+02 1.00963852e+02 1.00334709e+02
    9.87337112e+01 9.79909897e+01 9.76056213e+01 9.75886765e+01
    9.75604630e+01 8.45644684e+01 8.49017334e+01 8.39672852e+01
    8.29195404e+01 8.30092010e+01 8.30576935e+01 8.30063248e+01
    8.25650024e+01 8.30680389e+01 8.30727692e+01 8.26642914e+01
    8.23302994e+01 8.21206589e+01 8.24911728e+01 8.25309982e+01
    1.03676064e+02 1.03203880e+02 1.01298401e+02 1.01684067e+02
    1.01934158e+02 1.02505737e+02 1.02601578e+02 1.02783257e+02
    1.03325417e+02 1.02893044e+02 1.02468224e+02 1.01342827e+02
    1.00764221e+02 9.99549103e+01 1.00844055e+02 8.40017090e+01
    8.19934387e+01 8.12300873e+01 8.15958557e+01 8.18348389e+01
    8.16297531e+01 8.15915070e+01 8.12238083e+01 8.17792587e+01
    8.16707382e+01 8.18432312e+01 8.12963409e+01 8.15463715e+01
    8.17500916e+01 8.19844284e+01 8.74856110e+01 8.75884705e+01
    8.71020813e+01 8.70365295e+01 8.72986221e+01 8.78755188e+01
    8.79485855e+01 8.76945953e+01 8.82435303e+01 8.75386810e+01
    8.70882950e+01 8.75758667e+01 8.78201141e+01 8.82136536e+01
    8.77144165e+01 9.03391800e+01 9.01690598e+01 8.56598206e+01
    8.59348679e+01 8.59857101e+01 8.61336899e+01 8.65760574e+01
    8.62772522e+01 8.64046402e+01 8.64904022e+01 8.54929733e+01
    8.50853348e+01 8.51871643e+01 8.52623596e+01 8.56023254e+01
    8.91863556e+01 9.02956467e+01 9.04444046e+01 9.00616989e+01
    9.01956635e+01 9.01079025e+01 8.95677414e+01 8.91308441e+01
    8.85256805e+01 8.77996826e+01 8.71075897e+01 8.71748428e+01
    8.73954391e+01 8.74520569e+01 8.64933701e+01 8.73665466e+01
    8.97117691e+01 8.55502930e+01 8.52719040e+01 8.49428558e+01
    8.56974869e+01 8.61829681e+01 8.62225037e+01 8.62433853e+01
    8.56082382e+01 8.52543945e+01 8.47120438e+01 8.50798416e+01
    8.50463409e+01 8.59848175e+01 9.32989960e+01 9.24694290e+01
    9.05236206e+01 9.02773819e+01 9.05105743e+01 9.04781189e+01
    9.06859665e+01 9.03740845e+01 9.06388245e+01 9.04283066e+01
    8.99956512e+01 8.92019958e+01 8.96869278e+01 8.98750458e+01
    8.93098373e+01 9.34255676e+01 9.15427780e+01 8.97356644e+01
    8.96403275e+01 8.92724991e+01 8.95278168e+01 8.93578720e+01
    8.93326263e+01 8.90561066e+01 8.91761322e+01 8.87032547e+01
    8.80990448e+01 8.80852280e+01 8.77597046e+01 8.78350601e+01
    9.21397552e+01 9.36000443e+01 9.47938538e+01 9.42901993e+01
    9.35395508e+01 9.28964081e+01 9.28973007e+01 9.22127457e+01
    9.14621429e+01 9.03916931e+01 8.93310776e+01 8.84085846e+01
    8.80880890e+01 8.78442993e+01 8.84645462e+01 7.91853027e+01
    7.80122528e+01 7.95650940e+01 8.24496307e+01 8.23376923e+01
    8.49906921e+01 8.51358261e+01 8.55822067e+01 8.65618439e+01
    8.74787750e+01 8.78201447e+01 8.80601578e+01 8.84996796e+01
    8.84523315e+01 8.61073151e+01 7.35991669e+01 7.61819382e+01
    8.03705215e+01 8.11084671e+01 8.09954681e+01 8.12111740e+01
    8.14737778e+01 8.15197220e+01 8.13824692e+01 8.23946991e+01
    8.20025330e+01 8.21898727e+01 8.22283554e+01 8.22060089e+01
    8.10990219e+01 7.25929260e+01 7.53997421e+01 7.89417572e+01
    7.97187119e+01 7.98861542e+01 8.02063980e+01 8.06237030e+01
    8.02653656e+01 8.05080719e+01 8.13294373e+01 8.01270447e+01
    7.93355637e+01 7.91725006e+01 7.86117020e+01 7.79565964e+01
    6.92586136e+01 6.98888016e+01 7.39221268e+01 7.59237595e+01
    7.65641022e+01 7.64690628e+01 7.66030884e+01 7.70643463e+01
    7.79589691e+01 7.90481720e+01 7.95783539e+01 7.85276871e+01
    7.90766144e+01 7.80734940e+01 7.74526749e+01 6.80668564e+01
    6.94532318e+01 7.35933456e+01 7.52394867e+01 7.57441330e+01
    7.61680679e+01 7.70355225e+01 7.78894577e+01 7.85100861e+01
    7.92658920e+01 7.96493225e+01 7.89422073e+01 7.92498474e+01
    7.93690948e+01 8.05335617e+01 6.62978592e+01 6.99524078e+01
    7.48612289e+01 7.52780457e+01 7.53920135e+01 7.56262817e+01
    7.56864929e+01 7.61190491e+01 7.71337891e+01 7.79768219e+01
    7.87994537e+01 7.85156479e+01 7.96830597e+01 8.02118988e+01
    7.98302841e+01 7.81365433e+01 8.08592453e+01 8.32172699e+01
    8.42519455e+01 8.39319839e+01 8.43715973e+01 8.47857208e+01
    8.48803482e+01 8.51743011e+01 8.54095612e+01 8.56335068e+01
    8.53263016e+01 8.62487717e+01 8.65262527e+01 8.57541962e+01
    4.99659500e+01 5.05431595e+01 6.49576187e+01 7.04727249e+01
    7.06984940e+01 7.12705917e+01 7.22139130e+01 7.21576538e+01
    7.37840729e+01 7.49488754e+01 7.53038712e+01 7.55592117e+01
    7.59006042e+01 7.50360107e+01 7.33968887e+01 5.76634293e+01
    6.32504044e+01 7.19823380e+01 7.32631836e+01 7.27889481e+01
    7.23688278e+01 7.26037292e+01 7.25007172e+01 7.30169144e+01
    7.33150864e+01 7.36825638e+01 7.35334473e+01 7.40367584e+01
    7.41176910e+01 7.33786087e+01 5.70556679e+01 6.06111221e+01
    6.57823639e+01 6.81341705e+01 6.82614594e+01 6.94827042e+01
    6.98533173e+01 7.03956604e+01 7.12031174e+01 7.18562241e+01
    7.23580399e+01 7.28817520e+01 7.33951340e+01 7.35108337e+01
    7.20239487e+01 7.14951401e+01 6.93759155e+01 7.04019928e+01
    7.07735596e+01 7.17432861e+01 7.30155640e+01 7.30823364e+01
    7.34113770e+01 7.25932159e+01 7.39529572e+01 7.22887421e+01
    7.28487167e+01 7.28409576e+01 7.22734756e+01 6.92862930e+01
    8.00753708e+01 7.96732712e+01 8.06996078e+01 8.02337723e+01
    8.13912354e+01 8.09030838e+01 8.09353256e+01 8.16058273e+01
    8.24304352e+01 8.28019867e+01 8.37295761e+01 8.37899475e+01
    8.39586868e+01 8.48921280e+01 8.48889236e+01 7.83611450e+01
    7.86538544e+01 7.83240128e+01 7.94448090e+01 8.08754654e+01
    8.16312332e+01 8.18806610e+01 8.19837799e+01 8.21740112e+01
    8.33031006e+01 8.19735947e+01 8.13899231e+01 8.15960846e+01
    8.12017593e+01 7.83953018e+01 6.47664948e+01 6.55359955e+01
    6.91253357e+01 7.00374374e+01 7.07973785e+01 7.06454697e+01
    7.06382523e+01 7.08302002e+01 7.10783615e+01 6.98926926e+01
    7.09915466e+01 7.13172531e+01 7.25083466e+01 7.35428009e+01
    7.31305389e+01 7.29011612e+01 7.50197525e+01 7.71700211e+01
    7.93961105e+01 8.01389465e+01 8.12826004e+01 8.12285233e+01
    8.25886078e+01 8.20390930e+01 8.29698563e+01 8.37695923e+01
    8.54862595e+01 8.62125626e+01 8.67452850e+01 8.59180450e+01
    6.80590897e+01 6.61651459e+01 6.77375336e+01 6.92445374e+01
    7.02046890e+01 7.11488037e+01 7.19392319e+01 7.26749496e+01
    7.34384537e+01 7.27095261e+01 7.25282288e+01 7.19286575e+01
    7.20376511e+01 7.26836014e+01 7.38567963e+01 7.17622604e+01
    7.35030060e+01 7.55983353e+01 7.69147491e+01 7.75571213e+01
    7.90759048e+01 7.98788452e+01 8.07367477e+01 8.18954239e+01
    8.30591278e+01 8.40116348e+01 8.52457733e+01 8.63235168e+01
    8.78087234e+01 8.74488525e+01 7.71845245e+01 7.78957062e+01
    8.56126175e+01 7.15599213e+01 7.73528595e+01 6.95728760e+01
    6.91118088e+01 6.89439087e+01 6.56353455e+01 6.25959167e+01
    5.81945305e+01 5.71857910e+01 5.59919243e+01 5.64158058e+01
    6.45910492e+01 7.40393753e+01 7.50099869e+01 7.56951141e+01
    7.54663086e+01 7.67462540e+01 7.67067184e+01 7.70919495e+01
    7.77241440e+01 7.82039108e+01 7.94127426e+01 7.91987305e+01
    7.99485168e+01 8.02118225e+01 8.10593643e+01 8.04426956e+01
    7.59481964e+01 7.86591034e+01 7.52667999e+01 7.53740082e+01
    8.12374573e+01 7.18393936e+01 7.13687134e+01 7.18729248e+01
