<?xml version="1.0"?>
<opencv_storage>
<training_set_points type_id="opencv-matrix">
  <rows>144</rows>
  <cols>15</cols>
  <dt>f</dt>
  <data>
    1.06604607e+02 1.08313042e+02 1.05490540e+02 1.12855942e+02
    1.12006340e+02 1.13490265e+02 1.13832199e+02 1.14234665e+02
    1.12609116e+02 1.12403687e+02 1.12488708e+02 1.12595657e+02
    1.13744255e+02 1.13213135e+02 1.13300072e+02 7.58824234e+01
    7.49261780e+01 7.88071442e+01 9.33760223e+01 9.87330704e+01
    1.03552673e+02 1.05975060e+02 1.06910164e+02 1.03859329e+02
    1.01433083e+02 1.00905983e+02 1.02495872e+02 1.03466515e+02
    1.03172661e+02 1.02834381e+02 7.00717621e+01 7.02199860e+01
    7.29239197e+01 9.05906143e+01 9.62795181e+01 9.77686768e+01
    9.90209732e+01 1.00734741e+02 1.00303200e+02 9.93841934e+01
    9.97985840e+01 1.02057625e+02 1.04064163e+02 1.04419739e+02
    1.05258942e+02 8.66918030e+01 8.73106232e+01 8.45487518e+01
    8.82237015e+01 8.27274170e+01 7.98896332e+01 7.96381989e+01
    7.74001160e+01 6.58090286e+01 6.49910889e+01 6.05375862e+01
    5.89875565e+01 5.71913300e+01 5.69114227e+01 5.75554810e+01
    4.38712883e+01 4.92804680e+01 6.50906601e+01 7.26491470e+01
    8.15220947e+01 8.71221237e+01 9.21189270e+01 9.39502869e+01
    9.17243500e+01 8.82792664e+01 8.77761230e+01 9.08294983e+01
    9.23514023e+01 9.31015015e+01 9.30185852e+01 7.74076920e+01
    8.04893265e+01 8.62306671e+01 8.43137817e+01 8.14662933e+01
    8.00601501e+01 7.62693939e+01 7.33997574e+01 7.10605927e+01
    7.38880157e+01 7.31360474e+01 7.28252945e+01 7.26685715e+01
    7.30970840e+01 7.30150833e+01 7.61595306e+01 7.68080139e+01
    7.49706421e+01 7.30548630e+01 7.34745407e+01 7.56890945e+01
    7.50801544e+01 7.30833206e+01 6.66622696e+01 6.72114563e+01
    6.69437714e+01 6.64141464e+01 6.79916687e+01 6.86004181e+01
    7.03862457e+01 8.05502930e+01 8.08512650e+01 7.30151367e+01
    6.88098907e+01 7.08773117e+01 7.53219070e+01 7.71795959e+01
    7.69738235e+01 7.09358063e+01 7.00515213e+01 6.85806961e+01
    6.91286621e+01 6.81780701e+01 6.83553772e+01 6.68608627e+01
    7.07219925e+01 6.85784149e+01 7.59767303e+01 7.45892944e+01
    7.31613235e+01 7.41109543e+01 7.41766586e+01 7.31925430e+01
    6.77275162e+01 6.80011597e+01 6.64925537e+01 6.59928894e+01
    6.63295288e+01 6.65306244e+01 6.76057281e+01 8.03037338e+01
    9.64703217e+01 8.96004257e+01 7.37897186e+01 7.26705246e+01
    7.25758362e+01 6.82639236e+01 6.27191010e+01 5.54009399e+01
    6.03355560e+01 6.00000305e+01 5.52999687e+01 5.39195938e+01
    5.33778114e+01 5.22202377e+01 7.50785599e+01 7.83834915e+01
    7.32757187e+01 7.61309967e+01 7.61130219e+01 7.95717773e+01
    8.13293381e+01 8.15587387e+01 7.93161392e+01 7.97748718e+01
    8.03945084e+01 7.98177185e+01 8.07645187e+01 8.12727280e+01
    8.17661591e+01 9.14503784e+01 9.25023422e+01 7.19081879e+01
    7.51351547e+01 7.16745529e+01 7.38788071e+01 7.66011353e+01
    7.76602859e+01 7.73930359e+01 7.49077301e+01 7.49715042e+01
    7.79408264e+01 7.89516296e+01 7.94824371e+01 7.93274002e+01
    8.06846313e+01 8.03913574e+01 7.02401581e+01 6.83672485e+01
    6.85365601e+01 7.22910538e+01 7.61958618e+01 7.43027954e+01
    7.02647705e+01 6.93808975e+01 6.89964981e+01 6.88005066e+01
    6.79796982e+01 6.75235443e+01 6.74039383e+01 9.35658875e+01
    9.26431808e+01 8.99627228e+01 8.66317673e+01 8.62850342e+01
    8.15739136e+01 7.62899933e+01 7.43730927e+01 7.39416428e+01
    7.37461319e+01 7.56653137e+01 7.63657990e+01 7.86251755e+01
    7.87845230e+01 7.92216034e+01 5.66561966e+01 6.17860260e+01
    6.96156921e+01 7.05866241e+01 7.38225403e+01 7.24645386e+01
    7.09182510e+01 6.98212280e+01 6.68483124e+01 6.72358322e+01
    6.66187744e+01 6.59788589e+01 6.65457611e+01 6.70930862e+01
    6.70966263e+01 4.64987907e+01 4.79339867e+01 5.03167381e+01
    6.52646866e+01 9.43442154e+01 1.44857224e+02 1.10724197e+02
    9.80044937e+01 7.92383423e+01 9.19241333e+01 7.88540039e+01
    7.26833878e+01 6.82157288e+01 6.78889771e+01 6.70163116e+01
    9.51211853e+01 9.55502167e+01 9.12412338e+01 9.04889984e+01
    8.48899918e+01 7.94360504e+01 7.86550674e+01 7.80775909e+01
    7.62550659e+01 7.81487885e+01 7.94558105e+01 7.78048325e+01
    7.81487045e+01 7.79563751e+01 7.80204544e+01 6.35957642e+01
    6.17163239e+01 7.86323471e+01 7.87471924e+01 7.24022598e+01
    6.68678207e+01 7.36533890e+01 7.45990524e+01 6.73247833e+01
    6.38203087e+01 6.33854523e+01 6.41513901e+01 6.49308777e+01
    6.56555176e+01 6.26480827e+01 5.05552063e+01 5.01629143e+01
    5.42507401e+01 5.86786423e+01 6.00029411e+01 6.11113815e+01
    6.49510345e+01 6.86606903e+01 6.91788101e+01 6.77063446e+01
    6.97328033e+01 7.12603989e+01 7.07174454e+01 7.21637726e+01
    7.20417252e+01 9.57814178e+01 9.67389069e+01 9.68866348e+01
    9.12574921e+01 8.03264160e+01 7.24991913e+01 6.98883820e+01
    6.98086243e+01 6.77772217e+01 6.68536606e+01 6.58227463e+01
    6.54826660e+01 6.62629776e+01 6.62743988e+01 6.63003922e+01
    5.57732887e+01 5.50983086e+01 6.52093353e+01 8.80174561e+01
    7.07438660e+01 6.02773972e+01 6.65165253e+01 7.26336517e+01
    6.61167221e+01 5.85385399e+01 5.80999565e+01 6.09537964e+01
    6.40746918e+01 6.68489304e+01 6.69658966e+01 9.36751938e+01
    9.11236725e+01 9.06769714e+01 8.39270401e+01 8.14321442e+01
    7.89956131e+01 7.65362015e+01 7.78816605e+01 7.76587830e+01
    7.58014297e+01 7.35412750e+01 7.54917145e+01 7.38020935e+01
    7.48565521e+01 7.35452194e+01 4.66367455e+01 4.54631805e+01
    4.00368919e+01 7.99507980e+01 8.52698975e+01 6.54059372e+01
    6.67795029e+01 6.83029938e+01 6.91807632e+01 6.62944183e+01
    6.59331284e+01 6.80656967e+01 6.95920486e+01 7.04465179e+01
    7.19192352e+01 9.89242172e+01 9.91458740e+01 9.71138229e+01
    7.69432831e+01 7.67444992e+01 7.88126297e+01 8.21488876e+01
    8.29791031e+01 7.66288376e+01 7.33383179e+01 7.01328812e+01
    7.33577271e+01 7.59486618e+01 7.71776123e+01 7.66756287e+01
    1.06113037e+02 1.06258781e+02 1.01631996e+02 7.77611771e+01
    6.44414520e+01 5.78858757e+01 5.81206436e+01 6.00327911e+01
    6.10063705e+01 6.09831009e+01 6.21029205e+01 5.95675354e+01
    5.73774567e+01 5.63760262e+01 5.51932793e+01 9.70532074e+01
    9.71327209e+01 9.43071289e+01 8.47094269e+01 8.10433960e+01
    7.55849152e+01 7.34505005e+01 7.45638504e+01 7.41595612e+01
    7.45987396e+01 7.51462555e+01 7.57585220e+01 7.46413422e+01
    7.50863571e+01 7.27948761e+01 5.02320175e+01 5.10576172e+01
    5.38620415e+01 5.01360550e+01 5.42342834e+01 5.89861717e+01
    5.86890984e+01 5.79109039e+01 6.08514366e+01 5.96497726e+01
    6.18307457e+01 6.22524910e+01 6.36144638e+01 6.37938881e+01
    6.46833649e+01 7.73431244e+01 7.36610641e+01 8.17317886e+01
    7.83472366e+01 1.06924240e+02 8.11372299e+01 7.61525345e+01
    7.55665436e+01 7.01367798e+01 7.02681808e+01 6.66474915e+01
    6.57219772e+01 6.23578720e+01 6.28928261e+01 6.56649170e+01
    9.87957153e+01 9.92491608e+01 9.60427856e+01 8.50324249e+01
    8.11465225e+01 8.34280853e+01 8.53437805e+01 8.50417480e+01
    7.63885727e+01 7.51793289e+01 7.31531677e+01 7.07344055e+01
    7.02139130e+01 7.09097290e+01 7.09431610e+01 5.78381500e+01
    5.56625214e+01 6.26362305e+01 4.51259003e+01 5.80108948e+01
    7.57273560e+01 8.91507568e+01 7.39076080e+01 6.40536423e+01
    5.71019974e+01 5.47435379e+01 5.38298950e+01 5.44285469e+01
    5.46001434e+01 5.64881439e+01 9.48177872e+01 9.64222794e+01
    9.78197174e+01 9.61128845e+01 8.50839996e+01 7.99059906e+01
    7.97620621e+01 7.98313217e+01 7.14717407e+01 6.90480804e+01
    6.90023727e+01 6.72701340e+01 6.82876740e+01 6.85061417e+01
    6.91683960e+01 9.61182098e+01 9.71181335e+01 1.00149452e+02
    9.51033783e+01 8.59143143e+01 8.32005310e+01 8.47426224e+01
    8.47678909e+01 7.55752945e+01 7.33396683e+01 7.11799164e+01
    7.02878418e+01 6.74507980e+01 6.77839737e+01 6.65321808e+01
    9.50725708e+01 9.47459412e+01 9.36863251e+01 8.54279327e+01
    8.54355011e+01 8.61735992e+01 8.52829361e+01 8.39405060e+01
