<?xml version="1.0"?>
<opencv_storage>
<training_set_points type_id="opencv-matrix">
  <rows>80</rows>
  <cols>15</cols>
  <dt>f</dt>
  <data>
    7.64101944e+01 7.70540466e+01 8.01927490e+01 7.23125381e+01
    6.27004204e+01 6.15986481e+01 6.14856987e+01 6.88418350e+01
    7.55324402e+01 7.35671234e+01 7.45753784e+01 7.34754486e+01
    7.19200287e+01 6.84638672e+01 6.97653656e+01 7.20877762e+01
    7.09883575e+01 7.60119553e+01 6.97018356e+01 6.42854767e+01
    6.06609344e+01 6.06821136e+01 6.42639618e+01 6.67263336e+01
    6.48101654e+01 6.45177460e+01 6.50088043e+01 6.44337692e+01
    6.38138428e+01 6.61246796e+01 7.23088760e+01 6.71929932e+01
    8.29166260e+01 7.85867996e+01 7.74428101e+01 7.67070847e+01
    7.72637253e+01 7.62543564e+01 6.46871414e+01 5.94813232e+01
    5.86138229e+01 5.85606270e+01 5.92357330e+01 6.48121872e+01
    6.18684540e+01 7.44195404e+01 7.09232178e+01 6.87709579e+01
    5.89179230e+01 5.22277870e+01 5.20017738e+01 5.18269081e+01
    5.65799103e+01 6.21659317e+01 6.18459244e+01 6.27842636e+01
    6.33941879e+01 6.35305977e+01 6.24770851e+01 6.41948853e+01
    6.97130966e+01 6.90536880e+01 8.23866730e+01 8.45547485e+01
    7.33636856e+01 7.36397705e+01 6.51464844e+01 7.08399124e+01
    6.51294174e+01 5.96876221e+01 6.05865936e+01 5.99988365e+01
    6.09981804e+01 6.22791214e+01 6.35982780e+01 7.14916229e+01
    7.01793823e+01 7.66379166e+01 7.68020477e+01 7.05243988e+01
    6.94486008e+01 6.26191292e+01 6.88345642e+01 6.60537567e+01
    6.40943527e+01 6.34253883e+01 6.21770630e+01 6.22551842e+01
    6.35751686e+01 6.21362495e+01 1.08183945e+02 9.28574982e+01
    9.57719727e+01 8.60453415e+01 8.20484238e+01 8.12562408e+01
    8.08567810e+01 8.21758423e+01 8.34189453e+01 7.89194870e+01
    7.64965668e+01 7.31154938e+01 6.91833420e+01 6.25895386e+01
    6.99280319e+01 7.21806946e+01 7.19728699e+01 7.94898529e+01
    7.87145081e+01 7.24458618e+01 7.11159897e+01 7.10013657e+01
    7.83676453e+01 8.21826477e+01 7.89268875e+01 7.81904907e+01
    7.58681870e+01 7.51892471e+01 7.57507782e+01 7.05016632e+01
    7.23677292e+01 7.35070114e+01 8.98062134e+01 9.32002182e+01
    8.85645370e+01 8.53502274e+01 8.35715103e+01 8.44716034e+01
    7.82963791e+01 7.50286636e+01 7.22279663e+01 6.75743866e+01
    6.59815292e+01 6.29028244e+01 6.44821014e+01 8.44321976e+01
    8.44680099e+01 8.54533539e+01 8.16098099e+01 7.86702423e+01
    8.02704620e+01 7.54610367e+01 7.87436752e+01 7.09055634e+01
    6.78955765e+01 6.69636841e+01 6.89155731e+01 6.71457901e+01
    6.49856949e+01 6.77129059e+01 7.00613480e+01 7.66764526e+01
    7.68116608e+01 7.03029556e+01 6.95471039e+01 6.52598343e+01
    6.85593948e+01 7.21664658e+01 7.59471817e+01 7.52534485e+01
    7.81420364e+01 7.88105698e+01 7.60008698e+01 7.49847870e+01
    7.24881973e+01 8.12517700e+01 8.17067108e+01 9.12695312e+01
    8.68450470e+01 7.48980789e+01 7.11724014e+01 6.94187164e+01
    7.77902069e+01 8.37720795e+01 7.78990784e+01 7.58862915e+01
    7.34685974e+01 7.25688629e+01 7.25248566e+01 7.18730927e+01
    9.66790009e+01 1.05420959e+02 9.49232941e+01 7.45842133e+01
    8.18837433e+01 7.86794357e+01 8.31235886e+01 8.16844559e+01
    7.84581146e+01 7.96823730e+01 8.21852875e+01 7.83406677e+01
    7.54116821e+01 7.47007828e+01 8.06284027e+01 9.68531265e+01
    8.74982834e+01 1.13151108e+02 1.02712318e+02 9.38616104e+01
    8.93925552e+01 8.25621948e+01 9.17924576e+01 8.24972076e+01
    7.56485443e+01 7.24029160e+01 7.37757950e+01 7.24259415e+01
    7.49214630e+01 6.63517075e+01 7.78363342e+01 7.19324493e+01
    6.57484055e+01 6.31193047e+01 5.96436806e+01 5.67904205e+01
    5.74565887e+01 5.91662712e+01 6.27918587e+01 6.16596451e+01
    6.41237183e+01 6.62364807e+01 6.60023422e+01 6.54996948e+01
    6.93890610e+01 8.76557388e+01 9.10207138e+01 9.08992157e+01
    9.26014099e+01 8.16064148e+01 7.48274841e+01 6.99561157e+01
    8.19348984e+01 9.37853622e+01 9.15653458e+01 8.84506607e+01
    8.21167603e+01 7.85540009e+01 7.39177856e+01 7.68104630e+01
    7.14874649e+01 7.04877930e+01 7.24320526e+01 7.52936554e+01
    7.38075562e+01 7.44252014e+01 6.95732651e+01 7.07642517e+01
    7.54060669e+01 7.68117294e+01 8.07091522e+01 8.02824173e+01
    8.15779572e+01 8.14643555e+01 7.98651733e+01 8.19166412e+01
    7.67685318e+01 7.27400970e+01 6.57829895e+01 6.45433044e+01
    5.99039307e+01 6.37011986e+01 6.75273590e+01 7.80081482e+01
    7.17106476e+01 6.96770096e+01 6.98380966e+01 6.97488174e+01
    7.03945465e+01 7.54970169e+01 6.76115112e+01 6.65568085e+01
    6.90044174e+01 6.06999550e+01 5.50772018e+01 4.98284187e+01
    5.16621323e+01 5.86972351e+01 5.89084053e+01 5.80201340e+01
    6.08674622e+01 6.51388855e+01 6.56106949e+01 6.40995331e+01
    6.68859177e+01 7.21823349e+01 7.80232468e+01 9.13140488e+01
    9.67641373e+01 9.24519043e+01 8.93943253e+01 9.35727234e+01
    9.53547821e+01 9.89571304e+01 9.54775238e+01 9.61431046e+01
    9.29232864e+01 9.21788559e+01 8.87918015e+01 8.82969971e+01
    7.54840469e+01 8.72708054e+01 7.36544266e+01 7.09430084e+01
    7.75769501e+01 7.58783569e+01 8.04905701e+01 7.70420837e+01
    7.37006454e+01 7.66787567e+01 8.00206528e+01 7.96903610e+01
    7.84664001e+01 7.57720490e+01 7.66430588e+01 5.98990288e+01
    6.11786652e+01 7.33846130e+01 7.08773041e+01 6.50226898e+01
    6.03528175e+01 6.27781563e+01 7.08926315e+01 7.36549988e+01
    6.66571426e+01 6.65446548e+01 6.58701096e+01 6.79063034e+01
    6.92847061e+01 6.58693924e+01 5.97560349e+01 6.60972824e+01
    7.45313721e+01 5.69432907e+01 5.54977150e+01 5.10714302e+01
    6.84313583e+01 6.53345108e+01 7.05301208e+01 6.96748276e+01
    7.42960434e+01 7.20900269e+01 7.02338867e+01 6.51982346e+01
    6.96990280e+01 5.05171089e+01 5.51563759e+01 7.10017624e+01
    9.69870605e+01 1.11280136e+02 1.09926880e+02 1.08341827e+02
    9.85687866e+01 9.38128281e+01 8.84859924e+01 8.59494095e+01
    8.21549988e+01 8.28687592e+01 8.36183624e+01 8.17690430e+01
    7.63797760e+01 8.29924240e+01 8.76585083e+01 1.08307899e+02
    1.04228134e+02 1.05456581e+02 1.05586433e+02 1.04239532e+02
    1.07476883e+02 1.12260193e+02 1.14384300e+02 1.07323128e+02
    1.06309799e+02 1.02892616e+02 1.01156418e+02 5.28460922e+01
    6.05892258e+01 7.72651672e+01 9.82464142e+01 1.05865097e+02
    1.05185471e+02 1.02079010e+02 1.00283722e+02 9.93009567e+01
    1.03408844e+02 1.04447540e+02 9.74159851e+01 9.75741882e+01
    1.00424644e+02 9.75841675e+01 6.79099426e+01 6.68699570e+01
    7.38976288e+01 7.70110626e+01 7.97337952e+01 7.86864624e+01
    7.88897552e+01 7.72906799e+01 7.07202530e+01 6.97081680e+01
    7.06455612e+01 6.69984665e+01 6.52672806e+01 6.57828598e+01
    6.15180511e+01 6.49502411e+01 6.66261444e+01 6.69997482e+01
    7.50073700e+01 8.58265839e+01 8.82524490e+01 9.07646408e+01
    8.85438232e+01 7.51302032e+01 8.23250732e+01 8.78052063e+01
    9.36874161e+01 9.41283264e+01 9.37937851e+01 7.97779846e+01
    5.02602158e+01 5.10072517e+01 6.76119690e+01 7.36014481e+01
    7.42477798e+01 7.35081635e+01 7.23104858e+01 7.05339813e+01
    7.12492523e+01 7.10198212e+01 7.50805740e+01 7.47630081e+01
    7.41600342e+01 6.12939949e+01 7.50871735e+01 7.69090347e+01
    7.81868973e+01 8.08037186e+01 8.78360367e+01 1.07137230e+02
    8.70179214e+01 1.05121017e+02 1.01309311e+02 8.83933640e+01
    9.23742294e+01 9.21152191e+01 9.28322449e+01 9.61981506e+01
    1.02626846e+02 1.04276604e+02 5.60126877e+01 5.83369217e+01
    6.79814758e+01 7.96224670e+01 8.44607773e+01 8.20850372e+01
    8.47872543e+01 8.33510666e+01 7.54530182e+01 7.53264694e+01
    7.57230606e+01 7.63403015e+01 7.52018661e+01 7.69919128e+01
    8.00202255e+01 6.29035034e+01 7.01232376e+01 7.23565598e+01
    7.55995026e+01 8.01132431e+01 6.38787193e+01 8.13840332e+01
    8.19589005e+01 8.03161545e+01 7.85711365e+01 7.79605179e+01
    7.78609924e+01 7.57125397e+01 7.21443405e+01 7.88581543e+01
    6.83485870e+01 7.07132797e+01 8.00931320e+01 8.54964447e+01
    8.59931564e+01 9.89779968e+01 9.40152359e+01 8.87234955e+01
