<?xml version="1.0"?>
<opencv_storage>
<training_set_points type_id="opencv-matrix">
  <rows>85</rows>
  <cols>15</cols>
  <dt>f</dt>
  <data>
    8.21415405e+01 8.32311401e+01 8.28133469e+01 8.05063171e+01
    7.50525665e+01 7.33296356e+01 7.36262894e+01 7.31526489e+01
    7.46113281e+01 7.41342926e+01 7.10452423e+01 6.81833267e+01
    6.77454834e+01 6.83716431e+01 7.00859070e+01 7.27109299e+01
    6.98689651e+01 6.50493240e+01 6.33533897e+01 7.08951797e+01
    6.57111893e+01 6.31502914e+01 6.32225990e+01 6.38687592e+01
    7.23667984e+01 7.85508194e+01 7.08791046e+01 6.99323502e+01
    7.28651733e+01 6.95024338e+01 8.10380630e+01 8.01896820e+01
    7.03690948e+01 7.73142090e+01 7.19485245e+01 7.45550156e+01
    7.79629898e+01 7.64888611e+01 7.58842545e+01 7.11715622e+01
    6.11987228e+01 6.07263565e+01 5.95029297e+01 5.84480286e+01
    5.84636345e+01 7.13502045e+01 7.10393677e+01 7.25024872e+01
    7.15184021e+01 6.89562454e+01 6.80722351e+01 6.71057510e+01
    6.65895233e+01 6.68690262e+01 6.88005676e+01 7.64335480e+01
    7.94757233e+01 7.90463943e+01 7.92983551e+01 7.92747116e+01
    9.16229553e+01 9.37239990e+01 1.03948662e+02 8.70680008e+01
    8.57471542e+01 7.88441238e+01 8.15549927e+01 8.05312729e+01
    8.04697266e+01 7.77952957e+01 7.55789185e+01 7.47976303e+01
    7.38526154e+01 7.44798126e+01 7.43527603e+01 8.85392838e+01
    7.90042953e+01 7.81252747e+01 7.83334427e+01 6.56950073e+01
    6.87858887e+01 6.56624298e+01 6.45342407e+01 6.36653900e+01
    6.62722321e+01 7.24664230e+01 7.25682526e+01 7.22010498e+01
    7.16824875e+01 7.22231522e+01 8.36275558e+01 8.59754410e+01
    8.82350769e+01 7.89953537e+01 9.29122925e+01 8.08757477e+01
    8.03073196e+01 7.91926651e+01 7.94763870e+01 7.67881393e+01
    7.55574036e+01 7.47717056e+01 7.44453583e+01 7.48834839e+01
    7.57688217e+01 7.97085724e+01 7.77884216e+01 8.46475677e+01
    9.35837860e+01 8.73062210e+01 8.96996841e+01 7.98067856e+01
    7.96277161e+01 7.67239227e+01 7.42373581e+01 6.51830444e+01
    6.02231216e+01 5.98614845e+01 5.85505219e+01 5.82804794e+01
    8.45091400e+01 8.40206680e+01 8.32562103e+01 8.16598740e+01
    8.59872742e+01 8.66612930e+01 8.19230194e+01 8.11786041e+01
    8.02905807e+01 8.35359268e+01 8.08556824e+01 7.94500351e+01
    7.91714401e+01 7.97306366e+01 8.04532852e+01 7.92145538e+01
    7.67251053e+01 7.29017334e+01 7.76967087e+01 7.64565964e+01
    7.78641968e+01 7.63185349e+01 7.59478149e+01 7.62223282e+01
    7.89970932e+01 7.98216553e+01 7.83515472e+01 7.81005707e+01
    7.81575623e+01 7.90467453e+01 7.19142914e+01 7.12784729e+01
    7.15631256e+01 7.01517715e+01 6.99154129e+01 7.01765594e+01
    6.98574295e+01 6.89386215e+01 6.86128082e+01 6.98392792e+01
    7.36865158e+01 7.28485260e+01 7.18914795e+01 7.16454773e+01
    7.16455688e+01 7.79274597e+01 7.67864838e+01 7.48793030e+01
    7.08770752e+01 6.75497818e+01 7.03889160e+01 7.04892654e+01
    7.00552750e+01 6.93022079e+01 7.07395401e+01 7.18719025e+01
    7.16709595e+01 7.00542145e+01 7.04950714e+01 7.06496124e+01
    5.88813629e+01 5.76595802e+01 5.71742325e+01 5.63097954e+01
    5.57772102e+01 5.57411423e+01 5.16064072e+01 5.02157669e+01
    5.02648849e+01 5.53525009e+01 5.98612366e+01 6.33417053e+01
    6.59040833e+01 6.34299355e+01 6.47647095e+01 6.87420197e+01
    6.73437195e+01 7.43743057e+01 7.83959045e+01 9.40264740e+01
    7.72044220e+01 6.75677338e+01 7.33598404e+01 7.08935623e+01
    6.04127197e+01 7.69858170e+01 7.79070435e+01 7.11033478e+01
    7.12043991e+01 6.92167816e+01 7.40874176e+01 7.32349472e+01
    7.40576019e+01 7.19978867e+01 6.88725281e+01 7.22052612e+01
    7.19364395e+01 7.13335953e+01 7.09473572e+01 7.07531815e+01
    7.02382431e+01 7.13288803e+01 7.13575363e+01 7.13110123e+01
    7.18347092e+01 6.31494522e+01 6.21932602e+01 7.03955917e+01
    7.13623581e+01 7.39485703e+01 8.21347809e+01 8.68890457e+01
    8.54557495e+01 8.33621216e+01 7.89392776e+01 6.88649902e+01
    6.67328262e+01 6.36263924e+01 5.94285355e+01 5.82848511e+01
    7.14411240e+01 6.89899216e+01 6.90770416e+01 7.07919617e+01
    7.14009552e+01 6.83064423e+01 6.57938538e+01 6.57814560e+01
    6.62186432e+01 6.74474716e+01 7.27173309e+01 7.31225739e+01
    7.20730896e+01 7.20188141e+01 7.19345093e+01 7.56327744e+01
    7.51960068e+01 7.37169495e+01 7.14272690e+01 6.85436172e+01
    6.76597137e+01 6.73247375e+01 6.65611420e+01 6.73721313e+01
    6.82647552e+01 7.03819122e+01 7.15737457e+01 7.18674088e+01
    7.21212387e+01 7.41042938e+01 7.58057327e+01 7.41932907e+01
    7.34029846e+01 7.16063843e+01 6.89024277e+01 6.94256668e+01
    6.98209305e+01 6.87410736e+01 6.90942612e+01 6.85076218e+01
    7.08745575e+01 7.23976517e+01 7.21912460e+01 7.17979202e+01
    7.33757553e+01 5.28363991e+01 4.99336548e+01 5.29779205e+01
    7.38249435e+01 7.79166336e+01 8.52103882e+01 9.00325546e+01
    8.81260681e+01 8.48776550e+01 8.28940735e+01 8.72939453e+01
    8.07697449e+01 7.71854095e+01 8.03065414e+01 7.15563965e+01
    7.35737686e+01 7.33083572e+01 7.57252960e+01 7.15446625e+01
    7.01216583e+01 7.11370392e+01 7.14450684e+01 7.08223877e+01
    7.08889771e+01 7.13924713e+01 7.23086853e+01 7.17908325e+01
    7.17073669e+01 7.08570404e+01 7.14121475e+01 7.90000381e+01
    7.70304260e+01 7.21698990e+01 6.90859985e+01 6.68587341e+01
    6.49536667e+01 6.18670921e+01 6.04382401e+01 5.76458130e+01
    5.68935432e+01 6.62686005e+01 6.95166702e+01 6.99412231e+01
    7.01131973e+01 7.45740051e+01 6.13568459e+01 6.00780830e+01
    6.08308220e+01 5.85375557e+01 6.06243668e+01 6.43543015e+01
    6.49004288e+01 6.42360229e+01 6.49153595e+01 6.40860214e+01
    7.12263336e+01 7.76091232e+01 7.90369263e+01 7.72952042e+01
    7.75757599e+01 7.51678772e+01 7.49981766e+01 7.64494934e+01
    7.34283218e+01 7.02227936e+01 7.02066269e+01 7.00042953e+01
    6.89032898e+01 6.84291000e+01 6.84548874e+01 7.01696396e+01
    7.09302292e+01 7.10791702e+01 7.09715805e+01 7.09974289e+01
    6.08471184e+01 6.03069000e+01 6.00029182e+01 5.92897263e+01
    6.33957672e+01 6.32413063e+01 6.57585754e+01 6.49727859e+01
    6.48850021e+01 6.18474274e+01 6.28235855e+01 7.67028351e+01
    7.83497849e+01 7.60614853e+01 7.64239960e+01 5.00070038e+01
    5.04795723e+01 5.02634583e+01 5.71952057e+01 6.30676804e+01
    5.98536339e+01 5.95205574e+01 5.97944641e+01 6.04174690e+01
    6.05038948e+01 5.47768402e+01 5.99850655e+01 7.08483963e+01
    5.92411118e+01 6.79064407e+01 6.39720955e+01 6.25074387e+01
    6.15631638e+01 5.85756226e+01 6.61732330e+01 6.27025375e+01
    5.63616371e+01 5.86996994e+01 6.05309143e+01 6.62621918e+01
    7.52153244e+01 8.02253189e+01 7.83957367e+01 8.13562164e+01
    7.67361526e+01 6.26030502e+01 6.23130417e+01 6.19804726e+01
    5.95111351e+01 6.49985657e+01 7.40903168e+01 7.54968567e+01
    7.40448074e+01 7.15529556e+01 7.03124847e+01 6.72991943e+01
    6.33627663e+01 6.26746178e+01 6.10396309e+01 6.04805107e+01
    5.30517578e+01 5.20064659e+01 5.39469452e+01 5.00389366e+01
    5.83633232e+01 6.19706573e+01 6.34206276e+01 6.25166473e+01
    6.26771126e+01 6.22973328e+01 6.19425240e+01 6.25948639e+01
    6.20364532e+01 6.29475136e+01 6.18473129e+01 6.27359657e+01
    6.24374123e+01 5.36036301e+01 5.90580864e+01 6.71170959e+01
    6.57591858e+01 6.38779182e+01 6.26780357e+01 6.27245369e+01
    6.08576584e+01 6.45008774e+01 6.71239319e+01 7.36766052e+01
    6.36389465e+01 7.01948853e+01 5.76845284e+01 5.67291336e+01
    5.07866135e+01 5.06789436e+01 6.40496750e+01 6.48751755e+01
    6.22995796e+01 6.27683029e+01 6.20167274e+01 6.34598961e+01
    6.38223495e+01 5.71781731e+01 5.61215172e+01 5.34208145e+01
    5.43514023e+01 6.89655685e+01 6.79640884e+01 6.27356720e+01
    6.11841278e+01 6.46565399e+01 7.01770477e+01 6.92386627e+01
    6.79922028e+01 6.54618988e+01 6.66210022e+01 6.92323456e+01
    7.14061966e+01 7.62448196e+01 7.29679642e+01 7.30740356e+01
    7.01764145e+01 6.91142426e+01 6.80645676e+01 6.50891342e+01
    6.37321739e+01 6.72346191e+01 7.13659897e+01 7.11737289e+01
