<?xml version="1.0"?>
<opencv_storage>
<training_set_points type_id="opencv-matrix">
  <rows>86</rows>
  <cols>15</cols>
  <dt>f</dt>
  <data>
    4.71937675e+01 7.05978088e+01 8.55445023e+01 8.49455109e+01
    8.47383499e+01 8.51905746e+01 8.63568726e+01 8.67639847e+01
    8.65017548e+01 8.64453354e+01 8.64683304e+01 8.67066650e+01
    8.74843140e+01 8.75269928e+01 8.79856186e+01 4.30879974e+01
    7.93938828e+01 1.02590500e+02 1.04354660e+02 1.05079018e+02
    1.04212097e+02 1.02563904e+02 1.00103371e+02 9.73887177e+01
    9.35316772e+01 9.08910370e+01 8.83019714e+01 8.48607941e+01
    8.27209930e+01 8.08050537e+01 4.43752136e+01 7.16037521e+01
    9.00320435e+01 8.94409637e+01 8.96572495e+01 8.96434174e+01
    9.00501556e+01 9.06031036e+01 9.07059021e+01 8.98605499e+01
    9.03080826e+01 9.05266495e+01 9.07569962e+01 9.11295471e+01
    9.14281540e+01 4.44446297e+01 8.21692734e+01 1.09251831e+02
    1.10569359e+02 1.09994789e+02 1.08438232e+02 1.06000656e+02
    1.02937042e+02 9.96195221e+01 9.61003723e+01 9.33793411e+01
    9.16943588e+01 8.99006119e+01 8.82645874e+01 8.72194443e+01
    3.99562111e+01 7.85478210e+01 1.08118225e+02 1.09250763e+02
    1.09575012e+02 1.07924606e+02 1.05628044e+02 1.02840950e+02
    9.97570877e+01 9.60806198e+01 9.37571564e+01 9.20021210e+01
    8.93448334e+01 8.80831223e+01 8.63292923e+01 3.62257233e+01
    7.89480057e+01 1.02050385e+02 1.03035110e+02 1.03217239e+02
    1.02480980e+02 1.01067932e+02 9.84913864e+01 9.50369949e+01
    9.09950333e+01 8.78749237e+01 8.43575668e+01 8.13983307e+01
    7.91969757e+01 7.74553375e+01 7.46181870e+01 8.74516907e+01
    1.00248398e+02 1.03264023e+02 1.03969345e+02 1.04335442e+02
    1.04055252e+02 1.03897301e+02 1.03113228e+02 1.01343231e+02
    1.00194778e+02 9.87238617e+01 9.73130112e+01 9.60861664e+01
    9.49432602e+01 6.53097000e+01 9.12411194e+01 1.08616684e+02
    1.10991081e+02 1.11446396e+02 1.10950272e+02 1.09526794e+02
    1.07970596e+02 1.05939789e+02 1.02590836e+02 9.97958984e+01
    9.68459930e+01 9.50109558e+01 9.30430908e+01 9.16851044e+01
    2.91731815e+01 7.72985001e+01 1.04156883e+02 1.05810204e+02
    1.05260750e+02 1.04031593e+02 1.01993187e+02 9.94266739e+01
    9.61257172e+01 9.21053467e+01 8.88204803e+01 8.49058075e+01
    8.20732727e+01 7.97512817e+01 7.81703110e+01 5.70052147e+01
    7.30425110e+01 8.12254105e+01 8.11891327e+01 8.19873886e+01
    8.21721802e+01 8.24495163e+01 8.26118317e+01 8.22416153e+01
    8.18077316e+01 8.23051071e+01 8.24203644e+01 8.25928192e+01
    8.27415390e+01 8.35916748e+01 7.77271194e+01 9.38021011e+01
    1.03982689e+02 1.06040695e+02 1.07169968e+02 1.07262665e+02
    1.06667763e+02 1.05511673e+02 1.03640190e+02 1.01401520e+02
    9.99615555e+01 9.85164413e+01 9.66435699e+01 9.54385986e+01
    9.40057526e+01 7.68433304e+01 8.19215012e+01 8.17641144e+01
    8.18237457e+01 8.10126266e+01 8.33043747e+01 8.58206406e+01
    8.70869598e+01 8.74403458e+01 8.76806870e+01 8.69009399e+01
    8.60382309e+01 8.80479660e+01 8.75775299e+01 8.79609833e+01
    3.91406288e+01 7.64530792e+01 9.89146271e+01 1.02486427e+02
    1.04432259e+02 1.04758926e+02 1.03908737e+02 1.02750397e+02
    1.02087234e+02 1.00089188e+02 9.89115753e+01 9.80921936e+01
    9.57521973e+01 9.38205490e+01 9.19692917e+01 8.04996948e+01
    8.86556473e+01 9.88658676e+01 1.02235916e+02 1.03743904e+02
    1.05137268e+02 1.05797394e+02 1.05974930e+02 1.04955437e+02
    1.03787537e+02 1.03348328e+02 1.02780151e+02 1.01985619e+02
    1.00898788e+02 1.00379730e+02 8.44849701e+01 9.12770767e+01
    1.00227158e+02 1.02744896e+02 1.04537804e+02 1.03419250e+02
    1.01854477e+02 9.98652725e+01 9.77629242e+01 9.40263290e+01
    9.15043182e+01 8.85502396e+01 8.57217789e+01 8.38346329e+01
    8.21801147e+01 8.83059464e+01 8.93787918e+01 9.67860565e+01
    9.91347809e+01 1.00685509e+02 1.00041397e+02 9.83680115e+01
    9.71536560e+01 9.63536453e+01 9.35852356e+01 9.23556900e+01
    9.07216949e+01 8.85559845e+01 8.70061035e+01 8.57401428e+01
    7.72410049e+01 9.57406082e+01 1.04448952e+02 1.06268295e+02
    1.07248917e+02 1.08228035e+02 1.08607857e+02 1.08336044e+02
    1.06870857e+02 1.04771706e+02 1.02985130e+02 1.00989883e+02
    9.91359100e+01 9.62604828e+01 9.38225479e+01 8.94791336e+01
    8.84849243e+01 9.07181702e+01 9.22386093e+01 9.29293060e+01
    9.24796371e+01 9.13516312e+01 8.90144577e+01 8.53567200e+01
    8.23598251e+01 8.03422012e+01 7.88107224e+01 7.60958252e+01
    7.45449524e+01 7.22339325e+01 6.78845444e+01 8.41742935e+01
    9.47141037e+01 9.79912109e+01 1.00232819e+02 1.01366096e+02
    1.02302452e+02 1.02140076e+02 1.01356453e+02 1.00294693e+02
    9.99455185e+01 9.90318298e+01 9.76592331e+01 9.69214096e+01
    9.56550369e+01 6.55527802e+01 7.49899826e+01 7.87456894e+01
    7.85077362e+01 7.83248444e+01 7.90636902e+01 7.97160339e+01
    8.00363922e+01 8.07487335e+01 8.07205811e+01 8.05589294e+01
    8.04503326e+01 8.17940674e+01 8.09412918e+01 8.15691147e+01
    7.81447449e+01 8.46174088e+01 8.97867508e+01 9.27170258e+01
    9.48918457e+01 9.55541077e+01 9.61997528e+01 9.57863159e+01
    9.32781677e+01 9.16394501e+01 9.02950745e+01 8.89734268e+01
    8.73894806e+01 8.61162415e+01 8.47442703e+01 6.85996399e+01
    8.29171829e+01 9.29855957e+01 9.46450653e+01 9.41403656e+01
    9.29025497e+01 9.08819122e+01 8.81872864e+01 8.52294006e+01
    8.06474457e+01 7.74207916e+01 7.41121597e+01 7.13206940e+01
    6.92543640e+01 6.77822647e+01 7.30253525e+01 8.10326614e+01
    8.25612335e+01 8.22874908e+01 8.15417938e+01 8.23236694e+01
    8.32588120e+01 8.34143372e+01 8.28294296e+01 8.29153748e+01
    8.30456619e+01 8.27284927e+01 8.37308960e+01 8.33775787e+01
    8.37223663e+01 7.98942413e+01 8.44332275e+01 9.13475418e+01
    9.42580185e+01 9.60152283e+01 9.62261353e+01 9.60342407e+01
    9.54173813e+01 9.40129547e+01 9.22064056e+01 9.09933701e+01
    8.90998764e+01 8.78562012e+01 8.57771149e+01 8.46120911e+01
    9.45695190e+01 9.54448013e+01 9.91332703e+01 1.00105766e+02
    9.98625183e+01 9.81363831e+01 9.60854187e+01 9.35518799e+01
    9.05568390e+01 8.61925964e+01 8.27781754e+01 8.01612930e+01
    7.74712448e+01 7.52339706e+01 7.34303665e+01 7.89578857e+01
    8.74511795e+01 9.41614380e+01 9.58003311e+01 9.37556534e+01
    9.51927338e+01 9.53601990e+01 9.63589172e+01 9.54327927e+01
    9.43318939e+01 9.31052094e+01 9.11935654e+01 9.09320908e+01
    8.96966400e+01 8.90457916e+01 8.21925278e+01 8.57767868e+01
    9.14035110e+01 9.45100555e+01 9.67214661e+01 9.64424667e+01
    9.54036179e+01 9.30046234e+01 8.96253357e+01 8.60812378e+01
    8.32074280e+01 7.95284195e+01 7.68391647e+01 7.37770462e+01
    7.10594406e+01 9.48896637e+01 9.22909775e+01 9.36359634e+01
    9.45932541e+01 9.40382538e+01 9.26296463e+01 9.02890015e+01
    8.76490097e+01 8.51647110e+01 8.15615234e+01 7.92597656e+01
    7.68160553e+01 7.43508530e+01 7.30478897e+01 7.12395325e+01
    7.65589371e+01 8.25203857e+01 8.58404388e+01 8.85938873e+01
    9.21894150e+01 9.36245651e+01 9.56107330e+01 9.58949432e+01
    9.54014740e+01 9.53850021e+01 9.60521011e+01 9.58631134e+01
    9.55091324e+01 9.51983795e+01 9.51247330e+01 9.13655014e+01
    8.55312195e+01 8.44609909e+01 8.58062286e+01 8.59521027e+01
    8.46156769e+01 8.35142059e+01 8.16667480e+01 7.86383972e+01
    7.59974136e+01 7.42058411e+01 7.19961929e+01 6.98529968e+01
    6.81603851e+01 6.64605713e+01 8.90374603e+01 8.84019775e+01
    9.12085342e+01 9.38305588e+01 9.60307007e+01 9.59294510e+01
    9.61991425e+01 9.56790161e+01 9.38955307e+01 9.25244980e+01
    9.18015976e+01 9.01705017e+01 8.93339081e+01 8.79622040e+01
    8.67210541e+01 8.43669357e+01 9.00676422e+01 9.90595856e+01
    1.01729721e+02 1.02663925e+02 1.03396393e+02 1.03501335e+02
    1.02552017e+02 1.01388435e+02 9.93258667e+01 9.81001358e+01
    9.61434326e+01 9.46048355e+01 9.29012756e+01 9.18282394e+01
    6.41613846e+01 6.29653511e+01 6.13345413e+01 6.08217926e+01
    6.02865562e+01 6.13305855e+01 6.25079460e+01 6.30391731e+01
