<?xml version="1.0"?>
<opencv_storage>
<training_set_points type_id="opencv-matrix">
  <rows>40</rows>
  <cols>15</cols>
  <dt>f</dt>
  <data>
    6.78175812e+01 6.84674377e+01 7.05890503e+01 7.16705704e+01
    6.84391022e+01 6.96118240e+01 7.08684616e+01 7.30325241e+01
    7.35830154e+01 7.31348267e+01 7.39835739e+01 7.55290298e+01
    7.77221680e+01 7.78088150e+01 7.87244492e+01 7.17388229e+01
    7.21862946e+01 7.21671371e+01 7.15777054e+01 6.99193954e+01
    7.09450378e+01 7.40120468e+01 7.52875671e+01 7.50976181e+01
    7.21100006e+01 7.57937927e+01 7.62006454e+01 7.80205383e+01
    7.77347488e+01 7.80308304e+01 7.28133087e+01 7.34660797e+01
    7.57355347e+01 7.74389343e+01 7.54326324e+01 7.66571045e+01
    7.77722321e+01 7.79099884e+01 7.77457581e+01 7.76674500e+01
    7.79805298e+01 7.95896683e+01 8.08889008e+01 8.24140854e+01
    8.35690689e+01 8.28774338e+01 8.37739487e+01 8.51118851e+01
    8.68565826e+01 8.79945374e+01 8.91954041e+01 9.02254944e+01
    8.88483810e+01 8.58061371e+01 8.64553299e+01 8.88339996e+01
    8.89530716e+01 8.68454285e+01 9.08578491e+01 9.16821976e+01
    6.26842766e+01 6.63491974e+01 6.96387329e+01 7.43289948e+01
    6.87975082e+01 7.14823227e+01 7.44227982e+01 7.49039001e+01
    7.44379196e+01 6.64253159e+01 6.57484207e+01 7.08967361e+01
    7.54542007e+01 7.65087662e+01 7.87915268e+01 8.37877960e+01
    8.33484802e+01 8.21927185e+01 8.31824570e+01 8.31314240e+01
    8.29773941e+01 8.34357681e+01 8.23078156e+01 7.94303894e+01
    7.68274536e+01 7.68807220e+01 7.62679596e+01 7.74759827e+01
    7.59717560e+01 7.60880051e+01 6.98918076e+01 7.09131317e+01
    7.23583908e+01 7.67018890e+01 7.60297699e+01 7.42488937e+01
    7.49775314e+01 7.45732574e+01 7.47287674e+01 7.84209137e+01
    7.90194702e+01 7.90905991e+01 7.90225906e+01 7.92367401e+01
    7.88549805e+01 7.34835587e+01 7.41685410e+01 7.34322586e+01
    6.86725006e+01 7.19217529e+01 7.28490295e+01 7.70700684e+01
    7.77198868e+01 7.69702148e+01 7.18047409e+01 7.49809799e+01
    7.69855804e+01 7.73802872e+01 7.59400482e+01 7.47416153e+01
    7.22622681e+01 7.27347031e+01 7.36799240e+01 7.38892593e+01
    7.02069092e+01 7.24334030e+01 7.45461960e+01 7.42273712e+01
    7.44712219e+01 7.17794647e+01 7.12864227e+01 7.29794922e+01
    7.49066544e+01 7.55919266e+01 7.72355576e+01 8.48097992e+01
    1.20301643e+02 1.22257820e+02 9.74789124e+01 1.10473053e+02
    1.13564964e+02 1.14152298e+02 1.01041061e+02 9.59595795e+01
    1.18581314e+02 1.20794655e+02 1.13696922e+02 1.13993652e+02
    1.12112839e+02 1.04125816e+02 7.62246094e+01 7.34396057e+01
    7.13317795e+01 7.04896622e+01 7.32056656e+01 7.37449036e+01
    7.69736023e+01 7.87148895e+01 7.94451599e+01 7.93426743e+01
    8.22295227e+01 8.10142822e+01 8.02282867e+01 7.77045975e+01
    7.44460602e+01 8.71800385e+01 8.86879730e+01 8.89973450e+01
    9.00463791e+01 8.89294434e+01 9.04800720e+01 9.04944992e+01
    8.93222504e+01 8.70641632e+01 8.51260757e+01 8.57456207e+01
    8.66091003e+01 8.69874420e+01 8.96548309e+01 9.14460526e+01
    7.77445068e+01 7.91833496e+01 8.00098267e+01 8.64263229e+01
    8.37234650e+01 7.95961075e+01 8.10158463e+01 7.97214508e+01
    7.89121475e+01 8.63434753e+01 8.93161697e+01 8.86509705e+01
    8.44876251e+01 8.56110229e+01 8.52786255e+01 6.97630005e+01
    7.15880508e+01 7.28767548e+01 7.73815308e+01 7.47375793e+01
    7.37351913e+01 7.27340622e+01 7.14986877e+01 7.24497528e+01
    7.50265198e+01 7.40611801e+01 7.28105087e+01 7.30108795e+01
    7.37284698e+01 7.44436722e+01 6.65180054e+01 7.07523880e+01
    7.44262314e+01 8.85868683e+01 7.52080688e+01 7.08547134e+01
    6.82622375e+01 6.66173859e+01 6.85758209e+01 7.66923676e+01
    7.01654739e+01 6.88315125e+01 6.81676559e+01 6.77320938e+01
    6.91403503e+01 8.00623856e+01 8.35511551e+01 8.68022766e+01
    9.41349258e+01 9.12686081e+01 9.02753220e+01 8.74649811e+01
    8.35258713e+01 8.32070847e+01 8.43701630e+01 8.14020538e+01
    7.97088776e+01 7.85616150e+01 8.28977585e+01 8.60391312e+01
    7.05190811e+01 7.07564926e+01 7.20620880e+01 7.63344116e+01
    7.39612122e+01 7.18020782e+01 7.19995728e+01 7.23412094e+01
    7.23772736e+01 7.44239883e+01 7.57321243e+01 7.48985825e+01
    7.45109406e+01 7.38308029e+01 7.40417709e+01 8.61397934e+01
    8.78471680e+01 8.88141403e+01 8.55621109e+01 8.51172638e+01
    8.72661896e+01 9.00482635e+01 9.09713516e+01 9.07327271e+01
    8.76505203e+01 8.87849731e+01 8.97112122e+01 9.10565491e+01
    8.97502899e+01 8.97528458e+01 6.90968094e+01 7.03387680e+01
    7.21778488e+01 7.66212158e+01 7.71325989e+01 7.56123734e+01
    7.78899002e+01 7.74870834e+01 7.72048187e+01 8.09125671e+01
    8.34447021e+01 8.33151550e+01 7.97445450e+01 8.08220520e+01
    8.14395752e+01 6.44730301e+01 6.34801216e+01 6.20186920e+01
    5.94318810e+01 6.13722305e+01 6.03816147e+01 5.98231277e+01
    6.06008224e+01 5.78976822e+01 5.85274048e+01 5.83641090e+01
    5.39744110e+01 5.25007172e+01 4.99200974e+01 4.74090729e+01
    6.51832123e+01 6.52636566e+01 6.57580032e+01 6.22660522e+01
    6.27007294e+01 6.35510368e+01 6.40057144e+01 6.32669106e+01
    5.96759491e+01 5.75026016e+01 6.24565620e+01 5.91720200e+01
    5.63192101e+01 5.31090355e+01 5.01177330e+01 9.04641876e+01
    8.97218552e+01 9.06778183e+01 9.09175339e+01 8.67124939e+01
    8.71779022e+01 8.68771057e+01 8.73739090e+01 8.72800217e+01
    8.72292633e+01 8.75631332e+01 8.72656250e+01 8.85401917e+01
    8.84865723e+01 8.85196686e+01 8.91696320e+01 8.98922272e+01
    9.00454941e+01 9.19229889e+01 8.90545197e+01 8.78621216e+01
    8.72945023e+01 8.81406479e+01 8.88669128e+01 8.95927887e+01
    9.02234497e+01 8.98589020e+01 9.00185928e+01 9.00954819e+01
    9.04564514e+01 6.44823456e+01 6.65266647e+01 6.86771774e+01
    6.96457214e+01 7.03446808e+01 7.13587646e+01 7.39904861e+01
    7.43016129e+01 7.43775330e+01 6.88890991e+01 7.22967529e+01
    7.51750717e+01 7.59921494e+01 7.65061035e+01 7.65409546e+01
    6.55347290e+01 6.68389969e+01 6.82311325e+01 7.37439651e+01
    7.15997238e+01 6.95711288e+01 6.77852402e+01 6.68933792e+01
    6.72400970e+01 6.89480133e+01 6.95031509e+01 6.77991867e+01
    6.66118011e+01 6.95536270e+01 7.00664520e+01 8.62618561e+01
    8.71294861e+01 8.74683609e+01 8.67031250e+01 8.39504089e+01
    8.51024017e+01 8.67258911e+01 8.81238480e+01 8.81004333e+01
    8.87257843e+01 8.81959686e+01 8.77014999e+01 8.86941605e+01
    8.75893097e+01 8.75236969e+01 6.80808334e+01 6.78066483e+01
    6.87567749e+01 6.77026596e+01 6.67215729e+01 6.68156662e+01
    6.76718597e+01 6.85767975e+01 6.84818115e+01 6.80357361e+01
    6.82155380e+01 6.94114456e+01 7.01879959e+01 6.94241409e+01
    6.94409180e+01 8.50780487e+01 8.51000366e+01 8.58983078e+01
    8.77348251e+01 8.21241608e+01 8.24155426e+01 8.13267593e+01
    8.17783737e+01 8.13493195e+01 7.95377960e+01 7.94925842e+01
    7.99488068e+01 8.08565674e+01 8.10053940e+01 8.18682480e+01
    7.76700287e+01 7.77528610e+01 7.75671692e+01 7.54499435e+01
    7.29267883e+01 7.36322403e+01 7.34640503e+01 7.37138519e+01
    7.32054062e+01 7.24626923e+01 7.16486816e+01 7.25077133e+01
    7.26703339e+01 7.24603119e+01 7.20380630e+01 9.56729965e+01
    9.46203308e+01 9.48747635e+01 9.46816406e+01 8.91487961e+01
    8.88631439e+01 8.99410095e+01 8.84470825e+01 8.68767776e+01
    8.62395935e+01 8.76739731e+01 8.75382385e+01 8.74077377e+01
    8.94497070e+01 9.03106384e+01 7.88415680e+01 7.91199951e+01
    7.94712830e+01 8.00836792e+01 7.66119919e+01 7.70262146e+01
    7.62687759e+01 7.65853653e+01 7.59992371e+01 7.58848801e+01
    7.49526978e+01 7.48619919e+01 7.55410080e+01 7.57411499e+01
    7.63608246e+01 7.47756653e+01 7.39588623e+01 7.43616028e+01
    7.41545868e+01 7.13591461e+01 7.11886368e+01 7.22749100e+01
    7.24677200e+01 7.12809219e+01 7.06799011e+01 7.25761261e+01
    7.34235992e+01 7.40867538e+01 7.47529678e+01 7.47115021e+01
    7.72370987e+01 7.77628479e+01 7.78412170e+01 7.99954224e+01
    7.44302216e+01 7.43029938e+01 7.32319794e+01 7.24818878e+01
