<?xml version="1.0"?>
<opencv_storage>
<training_set_points type_id="opencv-matrix">
  <rows>40</rows>
  <cols>15</cols>
  <dt>f</dt>
  <data>
    7.59440689e+01 7.61452332e+01 7.75101013e+01 7.81155548e+01
    7.91924820e+01 7.90236359e+01 7.92019653e+01 7.73303833e+01
    7.54159393e+01 7.26213760e+01 7.28012848e+01 7.33450241e+01
    7.30397110e+01 7.36978149e+01 7.37740250e+01 5.68902092e+01
    5.70243874e+01 5.85706444e+01 5.95977173e+01 6.06784096e+01
    6.14554939e+01 6.26146393e+01 6.09724388e+01 6.08141022e+01
    5.96639977e+01 5.99167671e+01 6.09037704e+01 6.08725510e+01
    6.18914185e+01 6.22805901e+01 5.73434753e+01 5.75835991e+01
    6.00842590e+01 6.11456871e+01 6.14417992e+01 6.18072205e+01
    6.16335602e+01 5.99030724e+01 5.87719307e+01 5.69405785e+01
    5.72593880e+01 5.83301582e+01 5.82775307e+01 5.93181877e+01
    5.96458817e+01 5.96444054e+01 6.31051598e+01 6.81511612e+01
    6.93914337e+01 6.97835464e+01 7.06945648e+01 7.16422119e+01
    6.96897812e+01 6.85797195e+01 6.55592346e+01 6.59200821e+01
    6.81442108e+01 6.72024918e+01 6.88509598e+01 6.91679993e+01
    8.19448929e+01 8.14742126e+01 8.31424026e+01 8.38974228e+01
    8.39447174e+01 8.43408203e+01 8.46118393e+01 8.25326309e+01
    8.10137177e+01 7.82763519e+01 7.83682022e+01 8.01242523e+01
    7.95314255e+01 8.09771500e+01 8.12342987e+01 6.13338394e+01
    6.00411072e+01 6.13249664e+01 6.24572182e+01 6.28816299e+01
    6.27251816e+01 6.38119888e+01 6.17452545e+01 6.09703865e+01
    5.86274109e+01 5.90312195e+01 6.04218407e+01 6.00889168e+01
    6.14304504e+01 6.18629494e+01 8.33193359e+01 8.34801025e+01
    8.52250137e+01 8.61737289e+01 8.52457428e+01 8.51924057e+01
    8.54906769e+01 8.43374786e+01 8.37116165e+01 8.19586792e+01
    8.18714981e+01 8.26653748e+01 8.28976669e+01 8.27122650e+01
    8.31374130e+01 6.87596054e+01 6.63323669e+01 6.24498482e+01
    6.33256683e+01 6.24762192e+01 6.27468948e+01 6.30135918e+01
    6.03218384e+01 5.93115311e+01 5.71699905e+01 5.73682861e+01
    5.97050018e+01 5.85803299e+01 6.04337921e+01 6.03327446e+01
    5.64587021e+01 5.61810493e+01 5.87929993e+01 6.09569550e+01
    6.12507515e+01 6.36793137e+01 6.49747772e+01 6.29156227e+01
    6.24580879e+01 6.12680664e+01 6.18098259e+01 6.27390671e+01
    6.28579178e+01 6.37431793e+01 6.41750412e+01 6.22842865e+01
    6.24262314e+01 6.64039230e+01 6.72790909e+01 6.80225677e+01
    6.89591675e+01 7.01734543e+01 6.86174698e+01 6.74874115e+01
    6.51889267e+01 6.55928650e+01 6.78259735e+01 6.64052429e+01
    6.83880844e+01 6.81198196e+01 8.30965042e+01 8.36511765e+01
    8.45214691e+01 8.47603226e+01 8.61831207e+01 8.54873428e+01
    8.72170868e+01 8.85082016e+01 8.83535156e+01 8.44866714e+01
    8.58905792e+01 8.82743607e+01 8.74828796e+01 8.82153778e+01
    8.82092972e+01 7.04637375e+01 7.00188141e+01 7.25358200e+01
    7.45957260e+01 7.41433029e+01 7.51412048e+01 7.46225052e+01
    7.23327713e+01 7.15674133e+01 7.08915253e+01 7.09774323e+01
    7.03127747e+01 7.10019913e+01 7.01576157e+01 6.95848770e+01
    6.27806702e+01 6.41477127e+01 6.92529755e+01 7.06861649e+01
    7.11400070e+01 7.06985397e+01 7.12786865e+01 6.87391357e+01
    6.72810669e+01 6.73452835e+01 6.71360016e+01 6.56792526e+01
    6.55747986e+01 6.44141006e+01 6.40420532e+01 8.51177826e+01
    8.34021454e+01 8.42207489e+01 8.47632370e+01 8.46097183e+01
    8.34643784e+01 8.31128998e+01 8.19167099e+01 8.08078995e+01
    8.23335037e+01 8.08076553e+01 7.87598724e+01 8.03888702e+01
    7.88119659e+01 7.93050079e+01 7.23545303e+01 7.10497055e+01
    7.17259445e+01 7.24481964e+01 7.17957916e+01 7.27121735e+01
    7.28868103e+01 7.11012421e+01 6.99588699e+01 6.85359802e+01
    6.83212814e+01 6.84644089e+01 6.83948059e+01 6.90518036e+01
    6.83324356e+01 6.44332504e+01 6.52907715e+01 7.02519226e+01
    7.08407364e+01 7.12274170e+01 7.05167236e+01 6.98323898e+01
    6.73512268e+01 6.59172363e+01 6.43895416e+01 6.46477737e+01
    6.54842377e+01 6.49933472e+01 6.60421677e+01 6.57955780e+01
    6.81569366e+01 6.84635773e+01 7.58956680e+01 7.73273849e+01
    7.70263672e+01 7.69331894e+01 7.64243774e+01 7.50623550e+01
    7.37252884e+01 7.12329330e+01 7.11227264e+01 7.03004074e+01
    7.12065964e+01 7.03579865e+01 6.89169617e+01 5.35038681e+01
    5.54388771e+01 6.22656822e+01 6.49158096e+01 6.67346115e+01
    6.80772781e+01 6.78289185e+01 6.38542976e+01 6.18146286e+01
    5.95001869e+01 6.00455208e+01 6.07166557e+01 5.95426292e+01
    6.17252655e+01 6.09325256e+01 7.14419937e+01 7.02229767e+01
    7.08762131e+01 7.24832916e+01 7.28434143e+01 7.29488449e+01
    7.42166290e+01 7.37056503e+01 7.33504028e+01 7.29985199e+01
    7.33438492e+01 7.42789841e+01 7.37612762e+01 7.35382996e+01
    7.32682953e+01 7.84588165e+01 7.99047318e+01 8.30417252e+01
    8.47257614e+01 8.54513245e+01 8.52350616e+01 8.57153168e+01
    8.47469788e+01 8.37752533e+01 8.31517944e+01 8.31602020e+01
    8.27226715e+01 8.35742111e+01 8.28974075e+01 8.29750366e+01
    5.42916451e+01 5.07951431e+01 5.36165695e+01 5.65883751e+01
    5.82723389e+01 6.14101067e+01 6.15383377e+01 5.83037682e+01
    5.73016014e+01 5.60899506e+01 5.58443718e+01 5.62528191e+01
    5.41286545e+01 5.41334229e+01 5.30854950e+01 6.23959808e+01
    6.03144913e+01 6.66664047e+01 7.13424225e+01 7.23748016e+01
    7.38168869e+01 7.54196472e+01 7.32243042e+01 7.27452469e+01
    7.25995789e+01 7.17619934e+01 7.27992783e+01 7.19379196e+01
    7.21666641e+01 7.16911087e+01 5.35094528e+01 5.92580948e+01
    6.62153549e+01 6.60153351e+01 6.62841415e+01 6.64441910e+01
    6.72609482e+01 6.51012497e+01 6.35630951e+01 6.48656006e+01
    6.54555206e+01 6.49390564e+01 6.33581963e+01 6.30570450e+01
    6.22077332e+01 4.94585381e+01 5.35484772e+01 6.27848053e+01
    6.35722580e+01 6.28758698e+01 6.33071785e+01 6.30314407e+01
    5.93353348e+01 5.75226822e+01 5.87790108e+01 5.95921440e+01
    5.71904030e+01 5.64656563e+01 5.60423279e+01 5.52281532e+01
    6.42781982e+01 6.65255127e+01 7.13982315e+01 7.11748199e+01
    7.05095367e+01 6.86971207e+01 6.89338760e+01 6.89954987e+01
    6.83699722e+01 6.81237259e+01 6.88099060e+01 6.57101135e+01
    6.78303986e+01 6.46937027e+01 6.38976784e+01 6.78345795e+01
    6.97838211e+01 7.08906097e+01 7.37055740e+01 7.45809555e+01
    7.61463928e+01 7.61688690e+01 7.27202225e+01 7.02770081e+01
    6.81516418e+01 6.73459778e+01 6.90480576e+01 6.67669830e+01
    6.93994827e+01 6.89219360e+01 5.86907692e+01 6.10347862e+01
    7.20510788e+01 7.50001755e+01 7.49770508e+01 7.53839111e+01
    7.51405716e+01 7.31492615e+01 7.17346268e+01 6.94445267e+01
    6.85191574e+01 6.73180161e+01 6.79758759e+01 6.59004364e+01
    6.49426651e+01 6.82266617e+01 6.90524902e+01 6.97398834e+01
    6.95327911e+01 6.95217438e+01 6.75362015e+01 6.62797318e+01
    6.48142395e+01 6.34412460e+01 6.18282547e+01 6.11905670e+01
    6.11256371e+01 6.10203056e+01 6.00946808e+01 5.96047630e+01
    7.99667740e+01 8.09189835e+01 8.42715302e+01 8.55340042e+01
    8.63567047e+01 8.64595642e+01 8.69984741e+01 8.61972351e+01
    8.53662338e+01 8.41211548e+01 8.40760727e+01 8.45037384e+01
    8.49097443e+01 8.50028076e+01 8.52512970e+01 5.05745468e+01
    5.04780579e+01 5.92529144e+01 6.15874405e+01 6.25907440e+01
    6.24221687e+01 6.26658859e+01 5.90320129e+01 5.74272423e+01
    5.58498993e+01 5.56971626e+01 5.93216820e+01 5.56185722e+01
    5.94275055e+01 5.98684158e+01 6.90513077e+01 6.77585602e+01
    6.85286484e+01 6.99609070e+01 7.12170410e+01 7.27411880e+01
    7.40418777e+01 7.30573730e+01 7.30486374e+01 7.25874329e+01
    7.21100922e+01 7.38531418e+01 7.36122284e+01 7.41925888e+01
    7.47482529e+01 7.17799683e+01 7.13484955e+01 7.28900223e+01
    7.50553207e+01 7.54887161e+01 7.52788391e+01 7.48395691e+01
    7.26916809e+01 7.11518936e+01 6.95231323e+01 6.91114502e+01
    6.78141403e+01 6.77900543e+01 6.70710907e+01 6.67704926e+01
    7.40733414e+01 7.30679092e+01 7.30550995e+01 7.44139252e+01
    7.54873047e+01 7.41627350e+01 7.37440033e+01 7.32927933e+01
