<?xml version="1.0"?>
<opencv_storage>
<training_set_points type_id="opencv-matrix">
  <rows>85</rows>
  <cols>15</cols>
  <dt>f</dt>
  <data>
    6.95315094e+01 7.02769470e+01 7.12140045e+01 7.08005447e+01
    7.22876740e+01 7.18038864e+01 7.27253571e+01 7.32456284e+01
    7.01349792e+01 7.23688965e+01 7.23029404e+01 7.34620361e+01
    7.41242371e+01 7.55431366e+01 7.48977661e+01 7.65172195e+01
    8.03932343e+01 8.55874023e+01 8.79011688e+01 8.97253952e+01
    8.87295074e+01 9.06988068e+01 9.09683456e+01 8.99254456e+01
    8.69549713e+01 8.75070496e+01 8.38719177e+01 8.24453659e+01
    8.32797394e+01 8.23330841e+01 7.54082565e+01 7.58260727e+01
    7.57294693e+01 7.52408676e+01 7.52711029e+01 7.46049805e+01
    7.51508713e+01 7.56811676e+01 7.36187744e+01 7.41908875e+01
    7.43024139e+01 7.50844803e+01 7.53301392e+01 7.53985367e+01
    7.55234299e+01 7.19576416e+01 7.52628860e+01 7.98293762e+01
    8.21117935e+01 8.41057053e+01 8.41688919e+01 8.53244705e+01
    8.52985001e+01 8.03062973e+01 8.06245346e+01 7.84686737e+01
    7.84052734e+01 7.69503021e+01 7.55717773e+01 7.56901855e+01
    7.95562973e+01 8.24633331e+01 8.53920670e+01 8.54487457e+01
    9.32310486e+01 9.41429214e+01 9.66075897e+01 9.68990784e+01
    8.43112183e+01 8.49419022e+01 8.25575790e+01 8.74118958e+01
    8.70148544e+01 8.44673309e+01 8.40550995e+01 8.39917679e+01
    8.90983963e+01 9.37546005e+01 9.55954361e+01 9.99279938e+01
    1.00462601e+02 1.01902206e+02 1.02824936e+02 9.79378738e+01
    9.53063660e+01 9.45584412e+01 9.55098267e+01 9.45637131e+01
    9.31673355e+01 9.23285904e+01 8.00109406e+01 8.14812546e+01
    8.30859299e+01 8.23449326e+01 8.97663727e+01 9.11131668e+01
    9.42415619e+01 9.41415329e+01 8.30510941e+01 8.19617538e+01
    8.04925613e+01 8.48694153e+01 8.49962845e+01 8.36460037e+01
    8.30549774e+01 8.57738571e+01 9.16328354e+01 9.70232239e+01
    9.87613831e+01 1.00005585e+02 9.91667023e+01 9.93666687e+01
    9.93756561e+01 9.37626266e+01 9.24331512e+01 8.96877136e+01
    8.92963638e+01 8.71041107e+01 8.41876984e+01 8.33017960e+01
    7.62597733e+01 7.69960556e+01 7.73144760e+01 7.71156540e+01
    8.07391663e+01 8.08099823e+01 8.38928223e+01 8.48824615e+01
    8.02359772e+01 7.82008209e+01 7.82062836e+01 7.98407059e+01
    7.98979492e+01 7.99845581e+01 8.02473373e+01 6.39664497e+01
    6.49694443e+01 6.58210754e+01 6.48275604e+01 6.54455109e+01
    6.46847382e+01 6.46147766e+01 6.51972122e+01 6.60655212e+01
    6.48222733e+01 6.57179794e+01 6.56505280e+01 6.59699478e+01
    6.65868759e+01 6.70483246e+01 7.66493835e+01 7.95716476e+01
    8.11643066e+01 7.88077393e+01 7.71145859e+01 7.13821106e+01
    6.68940277e+01 6.24268036e+01 5.75123177e+01 5.30665016e+01
    5.19423904e+01 5.14044685e+01 5.10753326e+01 5.08382187e+01
    5.08453941e+01 6.28063927e+01 6.34431572e+01 6.36847916e+01
    6.31682091e+01 6.43420410e+01 6.36114922e+01 6.48404236e+01
    6.52225418e+01 6.39579124e+01 6.25863800e+01 6.31060753e+01
    6.40250092e+01 6.44690094e+01 6.52154083e+01 6.56482086e+01
    6.85630264e+01 6.97502441e+01 6.99993973e+01 6.91756973e+01
    6.99887695e+01 6.92545700e+01 7.01002502e+01 7.02492676e+01
    6.72629242e+01 6.69446869e+01 6.69285965e+01 6.88188400e+01
    6.88412933e+01 6.81160355e+01 6.87189178e+01 8.11804047e+01
    8.18094406e+01 8.32457275e+01 8.42476196e+01 8.82988281e+01
    8.90607986e+01 9.02096405e+01 9.04299927e+01 8.58426819e+01
    8.78892975e+01 8.73200455e+01 8.83000793e+01 8.76898804e+01
    8.71289673e+01 8.68926620e+01 6.89764786e+01 7.34045258e+01
    7.71359406e+01 7.69284592e+01 7.68971252e+01 7.50399094e+01
    7.54434357e+01 7.43750000e+01 6.63615494e+01 6.47041168e+01
    6.16101189e+01 6.57393494e+01 6.52110291e+01 6.26037941e+01
    6.13378792e+01 8.12998276e+01 8.50977554e+01 8.84570084e+01
    8.74148636e+01 8.48828506e+01 7.90810776e+01 7.57398529e+01
    7.01386337e+01 6.59845734e+01 5.93599472e+01 5.70065575e+01
    5.44461365e+01 5.33804398e+01 5.32009850e+01 5.31750793e+01
    6.62006531e+01 6.67655563e+01 6.72020798e+01 6.66905365e+01
    6.75060349e+01 6.68774948e+01 6.78120193e+01 6.82870331e+01
    6.58786926e+01 6.58180389e+01 6.59613571e+01 6.70197754e+01
    6.74333038e+01 6.78189240e+01 6.81268005e+01 9.56085815e+01
    9.74352112e+01 1.00473465e+02 1.01029892e+02 1.00387527e+02
    9.85341873e+01 9.38569717e+01 9.33351212e+01 9.14762039e+01
    9.21821899e+01 8.95236359e+01 8.72207260e+01 8.49290085e+01
    8.56529999e+01 8.27364731e+01 7.92123184e+01 7.94493561e+01
    8.03999557e+01 8.10830688e+01 8.17821426e+01 8.14481506e+01
    8.21665115e+01 8.25857697e+01 8.60573578e+01 8.59285049e+01
    8.57140503e+01 8.24789734e+01 8.04009857e+01 7.89262009e+01
    7.80517197e+01 9.17236099e+01 9.46925125e+01 9.60997314e+01
    9.39933929e+01 9.07983246e+01 8.42788086e+01 7.68534241e+01
    7.04976349e+01 6.66271591e+01 6.24420509e+01 5.93831291e+01
    5.91092148e+01 5.81443405e+01 5.72857399e+01 5.70166168e+01
    7.11343994e+01 7.23910599e+01 7.27128143e+01 7.20095139e+01
    7.31416321e+01 7.22559738e+01 7.33421097e+01 7.34859314e+01
    7.02491455e+01 6.98990173e+01 6.96005859e+01 7.08253784e+01
    7.10281372e+01 7.11294174e+01 7.18155365e+01 7.05278168e+01
    7.04207230e+01 7.02088852e+01 6.99208832e+01 6.99729919e+01
    6.89180450e+01 6.94989548e+01 7.00370102e+01 7.08593063e+01
    7.22337875e+01 7.35532532e+01 7.36305466e+01 7.51251450e+01
    7.66739731e+01 7.71982498e+01 7.10255508e+01 7.26763535e+01
    7.34187698e+01 7.27314453e+01 7.56597900e+01 7.49022446e+01
    7.68051224e+01 7.76098175e+01 7.14532166e+01 7.00654755e+01
    6.96409302e+01 7.16048584e+01 7.15716095e+01 7.09210510e+01
    7.13262329e+01 8.73298569e+01 8.87925034e+01 8.82022552e+01
    8.50016174e+01 8.08559647e+01 7.77635574e+01 7.32594910e+01
    7.11547318e+01 6.53755646e+01 6.67829895e+01 6.72081070e+01
    7.34606781e+01 7.32939072e+01 6.83879623e+01 6.33334045e+01
    7.16498718e+01 7.28252258e+01 7.56080627e+01 7.68881073e+01
    8.06427612e+01 8.06730118e+01 8.21938858e+01 8.23138351e+01
    8.13924713e+01 7.94536209e+01 7.95598526e+01 7.91060562e+01
    7.79868164e+01 7.62726974e+01 7.57894287e+01 7.50103302e+01
    7.58671036e+01 7.59454880e+01 7.58275909e+01 7.75365219e+01
    7.69820633e+01 7.85503922e+01 7.94430542e+01 7.68312912e+01
    7.58929901e+01 7.61666260e+01 7.64178085e+01 7.69156570e+01
    7.72790375e+01 7.76124496e+01 8.09328003e+01 8.18526535e+01
    8.17464142e+01 8.10018463e+01 8.19713440e+01 8.10811234e+01
    8.16818237e+01 8.20880814e+01 7.79753876e+01 7.82968979e+01
    7.78421860e+01 7.95867615e+01 7.97576294e+01 7.92253876e+01
    7.94191895e+01 9.02313385e+01 9.12426224e+01 9.08479462e+01
    9.02316360e+01 9.10598068e+01 9.01180573e+01 9.07172775e+01
    9.10374451e+01 8.77270050e+01 8.84975739e+01 8.80418472e+01
    8.89460983e+01 8.87497787e+01 8.82624359e+01 8.88605881e+01
    7.67159424e+01 7.71909790e+01 7.67051163e+01 7.60430756e+01
    7.68581772e+01 7.59371567e+01 7.68175430e+01 7.70222549e+01
    7.58845367e+01 7.43795471e+01 7.50576782e+01 7.45737076e+01
    7.47150650e+01 7.50566711e+01 7.55979919e+01 8.48891525e+01
    8.73853836e+01 9.19165497e+01 9.27809601e+01 9.21420517e+01
    8.94352646e+01 8.70936737e+01 8.42834778e+01 8.41585617e+01
    8.35459824e+01 8.07889786e+01 7.33477936e+01 6.96762085e+01
    6.93213730e+01 6.71096191e+01 7.22763672e+01 7.84254456e+01
    8.54511490e+01 8.72555161e+01 8.73286133e+01 8.41985168e+01
    8.26714325e+01 7.99140091e+01 7.81088486e+01 7.14286499e+01
    6.81528778e+01 6.38518562e+01 6.03871651e+01 5.73033257e+01
    5.62049026e+01 9.06102753e+01 9.32937698e+01 9.41146240e+01
    9.13339920e+01 8.89653702e+01 8.52917862e+01 8.34145050e+01
    7.61823044e+01 7.08215561e+01 6.91345139e+01 6.50852890e+01
    6.39525414e+01 6.49728699e+01 6.68939514e+01 6.52824173e+01
    8.69284592e+01 8.76169281e+01 8.81710815e+01 8.78433151e+01
    8.92378845e+01 8.88294983e+01 9.00743408e+01 9.10314407e+01
