<?xml version="1.0"?>
<opencv_storage>
<training_set_points type_id="opencv-matrix">
  <rows>72</rows>
  <cols>15</cols>
  <dt>f</dt>
  <data>
    6.41462250e+01 6.56518021e+01 6.59403229e+01 6.56225586e+01
    6.58350296e+01 6.63137817e+01 6.61237946e+01 6.62304001e+01
    6.55062408e+01 6.59004669e+01 6.54652176e+01 6.58368301e+01
    6.54044495e+01 6.56003952e+01 6.53523483e+01 5.38236465e+01
    5.54815292e+01 5.72702103e+01 5.65120354e+01 5.71339302e+01
    5.66300926e+01 5.62754669e+01 5.53906097e+01 5.56575470e+01
    5.74885750e+01 5.74667320e+01 5.88233948e+01 5.96550903e+01
    6.02875862e+01 6.20622292e+01 6.89157257e+01 7.03403320e+01
    7.12713928e+01 7.10591583e+01 7.18319244e+01 7.20568237e+01
    7.19601898e+01 7.17081223e+01 7.19868774e+01 7.18190079e+01
    7.20721741e+01 7.20053406e+01 7.19533844e+01 7.19442444e+01
    7.17127838e+01 6.68104630e+01 6.69907303e+01 6.62780304e+01
    6.62048874e+01 6.58844528e+01 6.44392090e+01 6.44405670e+01
    6.43883591e+01 6.39255638e+01 6.36418304e+01 6.36461296e+01
    6.38241501e+01 6.39469566e+01 6.45200119e+01 6.53856277e+01
    6.44072342e+01 6.29958992e+01 6.20516281e+01 6.21307755e+01
    6.12275505e+01 6.05693207e+01 6.04413147e+01 6.08923569e+01
    5.99066887e+01 5.89355507e+01 5.92856598e+01 5.93888550e+01
    5.95595818e+01 5.99296761e+01 6.01116638e+01 6.35019112e+01
    6.39421921e+01 6.36115341e+01 6.34850731e+01 6.34105606e+01
    6.27109375e+01 6.26225967e+01 6.24833908e+01 6.24729347e+01
    6.21395111e+01 6.27347984e+01 6.30390358e+01 6.32722511e+01
    6.32857056e+01 6.36872253e+01 6.37236824e+01 6.61087799e+01
    6.78493576e+01 6.73087463e+01 6.81297379e+01 6.84365768e+01
    6.80671539e+01 6.73361053e+01 6.78855286e+01 6.88647919e+01
    6.90953751e+01 6.94782257e+01 6.96965714e+01 7.01159210e+01
    7.06690216e+01 6.73466721e+01 6.88782272e+01 6.93378754e+01
    6.90441437e+01 6.93532562e+01 6.91866531e+01 6.90070953e+01
    6.92233810e+01 6.86512070e+01 6.77815170e+01 6.78289185e+01
    6.69466629e+01 6.67835999e+01 6.72597046e+01 6.69359970e+01
    6.35652122e+01 6.40500946e+01 6.36315613e+01 6.35734367e+01
    6.35002632e+01 6.28847122e+01 6.28538742e+01 6.30552864e+01
    6.19348373e+01 6.07608452e+01 6.01945572e+01 5.87381516e+01
    5.81868439e+01 5.81161652e+01 5.67158852e+01 7.50040665e+01
    7.39927444e+01 7.16158447e+01 7.26451416e+01 7.14239807e+01
    7.04352264e+01 7.05693970e+01 7.08142471e+01 6.96804581e+01
    6.74657135e+01 6.76669617e+01 6.76815262e+01 6.73449097e+01
    6.76658478e+01 6.77917557e+01 6.37673531e+01 6.47376328e+01
    6.51749496e+01 6.50711823e+01 6.56522827e+01 6.51824265e+01
    6.52506638e+01 6.50733032e+01 6.46080551e+01 6.43706818e+01
    6.47045822e+01 6.48327332e+01 6.59471893e+01 6.70895996e+01
    6.88822174e+01 6.28166771e+01 6.40573044e+01 6.43129883e+01
    6.42010498e+01 6.43556213e+01 6.41950760e+01 6.40039825e+01
    6.43040085e+01 6.31636696e+01 6.19060211e+01 6.19149513e+01
    6.20530663e+01 6.16874466e+01 6.16688919e+01 6.14830437e+01
    7.09453812e+01 7.28419037e+01 7.39984589e+01 7.34681854e+01
    7.35357971e+01 7.42222824e+01 7.35610886e+01 7.35282669e+01
    7.34067535e+01 7.29711914e+01 7.42139359e+01 7.45608597e+01
    7.53331070e+01 7.61366730e+01 7.76217194e+01 6.45060043e+01
    6.54337463e+01 6.57238770e+01 6.55081329e+01 6.54844513e+01
    6.50246277e+01 6.46606674e+01 6.43059845e+01 6.46443100e+01
    6.54693985e+01 6.54142990e+01 6.57453308e+01 6.58254471e+01
    6.58892822e+01 6.57927094e+01 6.93122482e+01 7.05173035e+01
    7.07086182e+01 7.04753342e+01 7.05019226e+01 7.06952591e+01
    7.04829865e+01 7.08658752e+01 6.99340744e+01 7.01859741e+01
    7.01197205e+01 7.08531342e+01 7.10202637e+01 7.12402725e+01
    7.15686798e+01 6.75756607e+01 6.93881302e+01 7.04988022e+01
    7.01550140e+01 7.06795120e+01 7.11152115e+01 7.11800995e+01
    7.19813385e+01 7.02629852e+01 6.84872208e+01 6.95670624e+01
    7.04585648e+01 7.12390366e+01 7.17796707e+01 7.45858231e+01
    6.49589386e+01 6.49965973e+01 6.62352448e+01 6.49281769e+01
    6.52897110e+01 6.50365067e+01 6.48573914e+01 6.40157700e+01
    6.58168411e+01 7.20749435e+01 7.08886032e+01 7.41083527e+01
    7.51991806e+01 7.52286453e+01 7.63060913e+01 6.46421661e+01
    6.55092087e+01 6.57076797e+01 6.55134811e+01 6.55691299e+01
    6.42602997e+01 6.43290482e+01 6.37167702e+01 6.34347000e+01
    6.38852921e+01 6.41016235e+01 6.53291168e+01 6.58443832e+01
    6.58029938e+01 6.64675903e+01 7.75426025e+01 7.78012390e+01
    7.80606842e+01 7.83412857e+01 7.85330811e+01 7.87715225e+01
    7.90786896e+01 8.03607635e+01 7.82968140e+01 7.47988968e+01
    7.43041382e+01 7.30842133e+01 7.25856781e+01 7.25743942e+01
    7.17782898e+01 7.00007019e+01 7.11873169e+01 7.16473236e+01
    7.12460632e+01 7.14378510e+01 7.16153564e+01 7.13877029e+01
    7.14575882e+01 7.09625168e+01 7.11121063e+01 7.16189499e+01
    7.19896774e+01 7.24375381e+01 7.24138947e+01 7.22542114e+01
    6.36377640e+01 6.64441986e+01 6.88846436e+01 6.76323700e+01
    6.88558884e+01 7.46329193e+01 7.40858612e+01 7.40101624e+01
    7.55201340e+01 8.10619202e+01 7.96515045e+01 8.34969788e+01
    8.31224365e+01 8.20542603e+01 8.10206909e+01 7.02205734e+01
    7.12278366e+01 7.10647354e+01 7.08952179e+01 7.11855240e+01
    7.04395676e+01 7.04025803e+01 6.96229706e+01 7.15659332e+01
    7.40110245e+01 7.29626617e+01 7.38096390e+01 7.23337097e+01
    7.07732239e+01 6.84466095e+01 7.41722260e+01 7.44580383e+01
    6.99555359e+01 7.22412720e+01 7.16782761e+01 7.23429718e+01
    7.36336975e+01 7.29396744e+01 7.29096680e+01 7.30911026e+01
    7.28688202e+01 7.34082108e+01 7.40111389e+01 7.37270355e+01
    7.49781418e+01 7.43844833e+01 7.46570663e+01 7.36072083e+01
    7.38547363e+01 7.35584717e+01 7.41898499e+01 7.44272079e+01
    7.52579956e+01 7.35163269e+01 7.11472321e+01 7.14310150e+01
    7.15790710e+01 7.14138184e+01 7.13094482e+01 7.03500671e+01
    6.77307434e+01 6.81456223e+01 6.80855255e+01 6.80568085e+01
    6.78064957e+01 6.69428482e+01 6.70458603e+01 6.73403778e+01
    6.61948166e+01 6.44594727e+01 6.48985901e+01 6.47734756e+01
    6.43500748e+01 6.42774048e+01 6.33725204e+01 6.77071533e+01
    6.78726730e+01 6.85351868e+01 6.83110657e+01 6.85552292e+01
    6.65652390e+01 6.68288269e+01 6.59898376e+01 6.59471054e+01
    6.62030411e+01 6.65090027e+01 6.75806961e+01 6.81066666e+01
    6.83806000e+01 6.96714478e+01 6.42471008e+01 6.66921005e+01
    6.77168350e+01 6.71021271e+01 6.81793060e+01 7.15154953e+01
    7.10783844e+01 7.12845001e+01 7.18718262e+01 7.53634644e+01
    7.59933395e+01 7.90947342e+01 8.08319855e+01 8.13333359e+01
    8.47463074e+01 6.31890526e+01 6.63808441e+01 6.76503525e+01
    6.72072754e+01 6.83953705e+01 7.12581635e+01 7.09158173e+01
    7.05110016e+01 7.20224228e+01 7.74791565e+01 7.71195526e+01
    8.13993835e+01 8.22394791e+01 8.14335480e+01 8.24636841e+01
    6.89957047e+01 6.95668182e+01 6.92486954e+01 6.93547668e+01
    6.95789185e+01 6.83074951e+01 6.87927551e+01 6.83030243e+01
    6.75123520e+01 6.64361267e+01 6.66861572e+01 6.79696808e+01
    6.79402237e+01 6.77397690e+01 6.83663330e+01 6.38341751e+01
    6.54233170e+01 6.80734558e+01 6.67081680e+01 6.83823090e+01
    7.13607254e+01 7.11740112e+01 6.99086914e+01 7.29146500e+01
    8.07506866e+01 7.97646255e+01 8.44244156e+01 8.46751404e+01
    8.23420029e+01 8.32161026e+01 6.13754387e+01 6.52184601e+01
    6.84795303e+01 6.69748993e+01 6.93479156e+01 7.29812546e+01
    7.26220322e+01 7.21878510e+01 7.38217316e+01 7.91408463e+01
    7.84711685e+01 8.18920059e+01 8.37117920e+01 8.54120941e+01
    8.78567276e+01 6.89039459e+01 7.16325836e+01 7.13371429e+01
    7.16388550e+01 7.14376373e+01 7.38691025e+01 7.31658783e+01
    7.21054306e+01 7.45940781e+01 8.15100479e+01 8.05170059e+01
    8.39526978e+01 8.41051559e+01 8.23439331e+01 8.13460236e+01
    6.18345795e+01 6.56832275e+01 7.09790192e+01 6.94697800e+01
    7.30664825e+01 7.66603851e+01 7.63869705e+01 7.51331711e+01
