<?xml version="1.0"?>
<opencv_storage>
<training_set_points type_id="opencv-matrix">
  <rows>100</rows>
  <cols>15</cols>
  <dt>f</dt>
  <data>
    9.02951965e+01 9.26063690e+01 9.54022903e+01 9.80911942e+01
    9.75509872e+01 9.56016617e+01 9.44882965e+01 9.34290314e+01
    9.03346176e+01 8.94642029e+01 8.95661392e+01 9.01307220e+01
    8.93161697e+01 8.98873444e+01 9.00718536e+01 8.63750458e+01
    8.52681656e+01 8.44202271e+01 8.38859940e+01 8.29334641e+01
    8.31127701e+01 8.44519424e+01 8.44818039e+01 8.23733292e+01
    8.12692566e+01 8.20070114e+01 7.74518738e+01 8.24066391e+01
    8.37856827e+01 8.25694275e+01 9.05598068e+01 8.94715958e+01
    9.09348068e+01 8.93105927e+01 8.63172073e+01 8.56965027e+01
    8.60535583e+01 8.66520615e+01 8.57378082e+01 8.51053314e+01
    8.54293900e+01 8.39487152e+01 8.48913574e+01 8.65155258e+01
    8.64886475e+01 8.77849884e+01 8.49661560e+01 8.58368530e+01
    8.60134964e+01 8.18525620e+01 8.15474319e+01 8.23530731e+01
    8.27053986e+01 8.49208527e+01 8.58070450e+01 8.45519028e+01
    8.38347244e+01 8.38214493e+01 8.46710510e+01 8.50423203e+01
    8.08592911e+01 7.98024597e+01 7.86484222e+01 7.36556244e+01
    7.04163208e+01 7.34079895e+01 7.66705017e+01 7.50153656e+01
    7.68603668e+01 7.66676407e+01 7.55328827e+01 7.48848572e+01
    7.43268585e+01 7.51252289e+01 7.48868942e+01 7.48279648e+01
    7.26106491e+01 7.31948318e+01 7.15341263e+01 7.14582977e+01
    7.00593338e+01 6.93862457e+01 6.97433319e+01 6.85070190e+01
    6.80534668e+01 6.70451050e+01 6.75825119e+01 6.61633759e+01
    6.68396301e+01 6.66419678e+01 9.37983398e+01 9.46041260e+01
    9.59542999e+01 9.75011520e+01 9.80713043e+01 9.54997787e+01
    9.41814575e+01 9.25570831e+01 8.83968887e+01 8.70001678e+01
    8.72256927e+01 8.64386902e+01 8.75505066e+01 8.81583939e+01
    8.77518921e+01 9.39678955e+01 9.19720306e+01 9.07052078e+01
    8.86044769e+01 8.69123993e+01 8.56814728e+01 8.57737885e+01
    8.52420807e+01 8.46513901e+01 8.38319855e+01 8.26996384e+01
    8.20661545e+01 8.18734131e+01 8.30464935e+01 8.26140900e+01
    7.27840881e+01 7.47332230e+01 7.73671799e+01 7.92811356e+01
    7.87716675e+01 7.83197937e+01 7.81323090e+01 7.80259705e+01
    7.54367294e+01 7.45797577e+01 7.45489655e+01 7.41140823e+01
    7.51316528e+01 7.50414734e+01 7.48106766e+01 8.84087601e+01
    8.93946228e+01 8.84104538e+01 8.66295929e+01 8.52277985e+01
    8.52097168e+01 8.49533691e+01 8.81177673e+01 8.48403854e+01
    8.45830231e+01 8.47111511e+01 8.29794846e+01 8.47253265e+01
    8.67024384e+01 8.63752365e+01 8.12535172e+01 8.41627655e+01
    9.04341660e+01 8.88160782e+01 8.68409958e+01 8.74483109e+01
    8.86449585e+01 8.83455734e+01 8.76317368e+01 8.74801788e+01
    8.73639526e+01 8.73167572e+01 8.74409256e+01 8.79280930e+01
    8.78356247e+01 8.16647797e+01 8.42004242e+01 8.63369675e+01
    8.84808807e+01 8.77587891e+01 8.55317307e+01 8.49506073e+01
    8.39952774e+01 8.07837296e+01 7.98660583e+01 8.00455322e+01
    8.05605011e+01 7.98797836e+01 8.05086441e+01 8.10784225e+01
    8.23251648e+01 8.45428696e+01 8.77955856e+01 9.03773804e+01
    8.93927078e+01 8.70031433e+01 8.55815887e+01 8.40603256e+01
    7.96134872e+01 7.93628006e+01 7.95936966e+01 8.00729675e+01
    7.93242950e+01 7.98918076e+01 7.97811432e+01 7.45139847e+01
    7.79142532e+01 8.22086716e+01 8.48472137e+01 8.68362885e+01
    8.57732544e+01 8.49876328e+01 8.23457184e+01 8.06088943e+01
    7.94500351e+01 7.65862427e+01 7.76802444e+01 7.30630341e+01
    7.15154266e+01 7.14478683e+01 8.29462051e+01 8.32224731e+01
    8.41610870e+01 8.35822906e+01 8.19576416e+01 8.10554428e+01
    8.14598999e+01 8.08026428e+01 8.22242661e+01 8.28725128e+01
    8.21378784e+01 8.27002869e+01 8.06859589e+01 8.16008301e+01
    8.23998108e+01 7.95347748e+01 8.09519119e+01 8.24488831e+01
    8.69841843e+01 8.95345459e+01 9.00168991e+01 9.12291946e+01
    8.86797638e+01 9.33524780e+01 9.38532562e+01 9.15142822e+01
    9.36359711e+01 8.81974792e+01 8.71174240e+01 9.03541183e+01
    7.10892792e+01 7.42281189e+01 7.87530060e+01 7.93756561e+01
    7.95118027e+01 7.83984070e+01 7.65895386e+01 7.65725555e+01
    7.33700714e+01 7.13012314e+01 6.93465424e+01 6.81941681e+01
    6.70294037e+01 6.66409683e+01 6.64884262e+01 6.77821274e+01
    6.97740021e+01 6.98138962e+01 7.09754181e+01 7.08368454e+01
    6.97550049e+01 6.97374420e+01 6.86966248e+01 6.74706726e+01
    6.72321854e+01 6.66722794e+01 6.59936371e+01 6.59643555e+01
    6.66875458e+01 6.70596085e+01 8.99868927e+01 9.33251495e+01
    9.10570374e+01 8.73180389e+01 8.98707275e+01 9.16380768e+01
    9.22667389e+01 9.04577179e+01 8.94719925e+01 8.78324432e+01
    8.57884445e+01 8.50597839e+01 8.34534149e+01 8.39770813e+01
    8.30031433e+01 7.16928329e+01 7.11863327e+01 7.43545456e+01
    7.66938171e+01 7.33894806e+01 7.08981934e+01 7.01278152e+01
    6.97500305e+01 7.01623688e+01 7.01561203e+01 6.94300919e+01
    6.99258423e+01 6.87160492e+01 6.95189590e+01 7.02006302e+01
    8.22040024e+01 8.09992142e+01 7.79456177e+01 7.64295731e+01
    7.58408279e+01 7.56588058e+01 7.72977982e+01 7.62911682e+01
    7.72765503e+01 7.74171448e+01 7.71914139e+01 7.40469208e+01
    7.73185654e+01 7.90978165e+01 7.83630447e+01 6.26176338e+01
    6.26634560e+01 6.40298386e+01 6.68454361e+01 6.60829773e+01
    6.43500290e+01 6.33926048e+01 6.29615898e+01 6.14205322e+01
    6.22499580e+01 6.17179947e+01 6.17266846e+01 6.06539879e+01
    6.15015640e+01 6.16813736e+01 5.69113159e+01 6.13826828e+01
    6.58945923e+01 6.63132324e+01 6.52435455e+01 6.30996895e+01
    6.13686485e+01 5.92572937e+01 5.84984512e+01 5.63523216e+01
    5.44906769e+01 5.35790939e+01 5.19351501e+01 5.14061775e+01
    5.09386215e+01 6.73350372e+01 6.86771317e+01 6.94307785e+01
    7.02586212e+01 7.03824768e+01 6.94714432e+01 6.92094650e+01
    6.90762711e+01 6.69822769e+01 6.60166626e+01 6.58180313e+01
    6.53836060e+01 6.52199249e+01 6.57189255e+01 6.62355881e+01
    7.69292526e+01 7.83958664e+01 7.83568573e+01 7.47319794e+01
    7.39363556e+01 7.52773819e+01 7.55889206e+01 7.63825226e+01
    7.36338577e+01 7.29402924e+01 7.22554474e+01 6.92518234e+01
    7.20795975e+01 7.29426804e+01 7.16720123e+01 6.36132812e+01
    6.37763138e+01 6.38390923e+01 6.26174583e+01 6.20382614e+01
    6.17865829e+01 6.04629669e+01 6.31855011e+01 6.16015167e+01
    6.18823395e+01 6.08336716e+01 5.95312233e+01 5.99859505e+01
    6.14260902e+01 6.14200668e+01 7.59917450e+01 7.94639282e+01
    8.09522781e+01 8.03479156e+01 8.27087479e+01 8.26511841e+01
    8.28834763e+01 8.11070938e+01 7.91420364e+01 7.86400528e+01
    7.86381760e+01 7.79491272e+01 7.78938980e+01 7.73304291e+01
    7.76677551e+01 6.76555634e+01 7.22565155e+01 7.62441788e+01
    7.70394211e+01 7.60409241e+01 7.75386505e+01 7.89933777e+01
    7.82843628e+01 7.88123550e+01 7.92653885e+01 7.89406052e+01
    8.16851044e+01 7.79409027e+01 7.79115601e+01 7.84122009e+01
    5.81479645e+01 5.85879669e+01 5.83065796e+01 5.55824738e+01
    5.35468330e+01 5.36808586e+01 5.47607880e+01 5.53660316e+01
    5.70818939e+01 5.70173721e+01 5.64003944e+01 5.70184517e+01
    5.50794449e+01 5.45826912e+01 5.51803284e+01 3.98561249e+01
    3.21574173e+01 2.20227146e+01 1.42695618e+01 2.06959953e+01
    3.81553535e+01 5.06363220e+01 3.85437851e+01 6.08272133e+01
    6.31585770e+01 6.04629745e+01 7.02158966e+01 5.40172691e+01
    4.74426727e+01 4.77671547e+01 6.29537811e+01 6.57372894e+01
    6.79918900e+01 6.97949982e+01 7.04480896e+01 6.66472778e+01
    6.28153801e+01 6.47365112e+01 5.99308281e+01 5.92185631e+01
    5.87323761e+01 5.84713669e+01 5.79866714e+01 5.83014336e+01
    5.80268288e+01 5.66446838e+01 5.36645432e+01 4.06347961e+01
    3.83185234e+01 4.82295914e+01 6.00024681e+01 6.72222672e+01
    6.13294411e+01 7.60270386e+01 7.80203934e+01 7.59731140e+01
    8.37102814e+01 7.14686966e+01 6.83957443e+01 6.86469650e+01
    5.41278877e+01 5.71771812e+01 6.16017952e+01 6.95246353e+01
    7.09947968e+01 7.37645569e+01 7.60058899e+01 7.11545792e+01
