<?xml version="1.0"?>
<opencv_storage>
<training_set_points type_id="opencv-matrix">
  <rows>101</rows>
  <cols>15</cols>
  <dt>f</dt>
  <data>
    4.91457329e+01 5.30463676e+01 5.91417465e+01 6.27679520e+01
    6.01417847e+01 6.42639999e+01 5.98332672e+01 5.90925446e+01
    5.86238976e+01 5.95789032e+01 5.87712402e+01 5.90491524e+01
    5.78676834e+01 5.68249969e+01 5.67974701e+01 5.38785133e+01
    5.75402832e+01 5.83242645e+01 6.27988510e+01 6.04416084e+01
    6.85503845e+01 6.77036133e+01 6.37465210e+01 5.52301369e+01
    5.25532265e+01 5.05774040e+01 4.94517288e+01 4.83129921e+01
    4.76968842e+01 4.98122978e+01 7.90949478e+01 8.15390015e+01
    7.89520874e+01 7.75094223e+01 6.49963379e+01 5.96043892e+01
    5.47953758e+01 5.21110649e+01 4.70593529e+01 4.51450005e+01
    4.49342117e+01 4.35458374e+01 4.34878502e+01 4.28260536e+01
    4.29888954e+01 6.68015900e+01 6.92110596e+01 6.10996780e+01
    8.10270157e+01 6.57201538e+01 6.92640762e+01 6.52629089e+01
    6.20646172e+01 6.17585297e+01 5.97246017e+01 6.31770134e+01
    5.72211456e+01 6.01810760e+01 5.84620438e+01 5.57909775e+01
    4.96801376e+01 5.18815079e+01 5.46465530e+01 5.54423523e+01
    5.21219597e+01 5.99533310e+01 5.95748711e+01 5.63572044e+01
    5.67894211e+01 5.80308228e+01 5.71059303e+01 5.81182480e+01
    5.59569092e+01 5.83479347e+01 5.81375084e+01 6.69490967e+01
    6.66232834e+01 6.69561005e+01 7.18168030e+01 5.89173126e+01
    6.06085205e+01 6.23896637e+01 5.58856201e+01 5.65424576e+01
    5.78981133e+01 5.67051849e+01 5.65111122e+01 5.48863220e+01
    5.38330269e+01 5.30433617e+01 6.81853409e+01 6.77476349e+01
    6.67527542e+01 6.80664673e+01 6.26670799e+01 5.17971191e+01
    4.74646606e+01 4.55471725e+01 4.59164696e+01 4.98711052e+01
    4.61559639e+01 4.71473083e+01 4.63345718e+01 4.10974731e+01
    5.16397591e+01 9.01466751e+01 9.93409348e+01 1.14987946e+02
    9.65837250e+01 7.63189774e+01 7.98878174e+01 7.56146469e+01
    7.19201813e+01 6.38773041e+01 6.01602592e+01 6.05050583e+01
    5.69237404e+01 5.53956261e+01 5.34575500e+01 4.86519051e+01
    9.30169678e+01 1.04305923e+02 8.91330185e+01 9.03496933e+01
    7.98590698e+01 6.86856689e+01 7.32284393e+01 6.81857147e+01
    6.13068924e+01 5.47282791e+01 5.67986450e+01 5.32454262e+01
    5.27092285e+01 5.35720901e+01 4.46485367e+01 5.86267967e+01
    6.07039719e+01 6.09698448e+01 6.84447174e+01 6.18173599e+01
    6.54388580e+01 5.73584251e+01 5.70586510e+01 5.60919380e+01
    5.74863625e+01 5.53465080e+01 5.49730606e+01 5.51480560e+01
    5.04903831e+01 5.25697327e+01 5.01054916e+01 5.21858292e+01
    5.67422447e+01 5.59626617e+01 5.68931541e+01 5.39311409e+01
    4.94326706e+01 4.69829941e+01 4.73380699e+01 4.75715446e+01
    4.55884018e+01 4.60619850e+01 4.50615005e+01 4.88655128e+01
    4.46203651e+01 7.92097168e+01 7.88231430e+01 7.96009674e+01
    8.36939163e+01 7.42471771e+01 7.67616043e+01 8.25655441e+01
    9.24564972e+01 7.81325989e+01 8.66209259e+01 8.19605789e+01
    8.38740005e+01 8.62030029e+01 7.65813370e+01 1.20556290e+02
    5.33902435e+01 5.57904587e+01 5.65085144e+01 6.43805695e+01
    6.74205704e+01 7.83713837e+01 7.23969269e+01 6.67664642e+01
    5.59410286e+01 5.53145752e+01 5.38224640e+01 5.28651657e+01
    5.21396294e+01 4.63750839e+01 4.88053970e+01 1.00145523e+02
    9.85036926e+01 1.18684456e+02 9.89262085e+01 9.05079880e+01
    1.03143898e+02 9.84195328e+01 9.50445251e+01 9.07799988e+01
    8.05357666e+01 8.74545746e+01 7.98256989e+01 8.02447586e+01
    8.76468048e+01 5.69538002e+01 6.05201492e+01 6.46545258e+01
    6.92925720e+01 6.13570786e+01 7.01971283e+01 7.03712692e+01
    7.63702240e+01 6.98307037e+01 6.61458206e+01 6.30696259e+01
    6.40805130e+01 6.03827934e+01 5.76387405e+01 5.82754784e+01
    4.88104210e+01 1.06629387e+02 8.59518814e+01 9.45237656e+01
    9.04656219e+01 9.58751068e+01 1.12937477e+02 1.03724945e+02
    8.83561783e+01 9.17646484e+01 9.05464554e+01 9.37628937e+01
    8.76040878e+01 8.87790451e+01 9.43843994e+01 8.01779709e+01
    6.99404221e+01 7.03237991e+01 7.15013428e+01 6.79860458e+01
    6.69634094e+01 5.97362633e+01 5.70839615e+01 5.37338409e+01
    5.75337601e+01 6.00814857e+01 5.79501114e+01 5.67283859e+01
    5.62025909e+01 5.46755676e+01 5.58138313e+01 5.24963531e+01
    5.21172142e+01 4.84388809e+01 5.96203423e+01 6.65717010e+01
    7.51439819e+01 7.18643723e+01 7.27073364e+01 7.18896637e+01
    7.20339661e+01 7.22473068e+01 6.99720459e+01 6.98733063e+01
    6.71126175e+01 6.88420944e+01 7.52902069e+01 7.58576050e+01
    7.31691132e+01 7.26091080e+01 6.56017609e+01 7.89155350e+01
    9.99792557e+01 9.25127106e+01 9.74428406e+01 9.64421539e+01
    9.66517639e+01 9.95263596e+01 8.50936813e+01 9.80831451e+01
    8.32833786e+01 5.68339310e+01 5.95300865e+01 6.31956863e+01
    6.45514221e+01 6.42720261e+01 7.43938293e+01 7.56213226e+01
    7.21611557e+01 7.27436523e+01 7.31648865e+01 7.06482773e+01
    7.28017654e+01 6.80567780e+01 7.41609726e+01 7.57305145e+01
    5.77798920e+01 6.13500137e+01 6.49753647e+01 6.54615173e+01
    6.05988464e+01 6.85526810e+01 7.58366623e+01 7.34028625e+01
    7.02877731e+01 6.61991501e+01 6.75349045e+01 6.66579132e+01
    6.60702286e+01 6.98130188e+01 6.11195221e+01 5.70028343e+01
    6.00157280e+01 6.28279190e+01 6.43233109e+01 6.30470123e+01
    7.37129669e+01 7.76775284e+01 7.60493774e+01 7.47818451e+01
    7.45864182e+01 7.35071411e+01 7.31869659e+01 7.13637085e+01
    7.11245270e+01 7.09376526e+01 5.26660080e+01 5.52622528e+01
    5.97249870e+01 6.01420021e+01 6.58436279e+01 7.28294907e+01
    6.84299469e+01 7.50056610e+01 7.57358704e+01 7.65110321e+01
    7.55139999e+01 7.50118790e+01 7.39417343e+01 7.23915634e+01
    7.11206589e+01 7.84597473e+01 7.55338211e+01 7.10977402e+01
    6.64719086e+01 6.05341377e+01 5.63725052e+01 4.47728195e+01
    4.81680412e+01 4.64611206e+01 5.14229698e+01 4.56247101e+01
    4.69210243e+01 4.56586914e+01 4.24061508e+01 4.98822937e+01
    6.07426033e+01 6.30203400e+01 6.69291458e+01 6.59310608e+01
    6.02578392e+01 6.72596054e+01 7.54151840e+01 7.27186356e+01
    7.51053238e+01 7.53759155e+01 7.52494888e+01 7.42351608e+01
    7.27000427e+01 7.27505341e+01 6.68326111e+01 5.55967140e+01
    5.71394691e+01 5.65883636e+01 5.73673553e+01 6.24485092e+01
    6.92362289e+01 6.06795158e+01 6.39008560e+01 6.05274506e+01
    6.84601135e+01 6.41790161e+01 6.52538757e+01 6.40728302e+01
    5.43326797e+01 7.23941193e+01 6.73801270e+01 7.10992584e+01
    6.93470612e+01 6.89692230e+01 7.26374817e+01 8.42453308e+01
    9.26051407e+01 8.54494781e+01 7.74946442e+01 7.70939255e+01
    7.72224121e+01 7.55460739e+01 7.35995331e+01 7.57445374e+01
    7.43856583e+01 5.21063538e+01 5.48420906e+01 5.99132042e+01
    6.02491913e+01 5.87285957e+01 6.70855713e+01 7.12549057e+01
    7.21761627e+01 7.40090561e+01 7.66113205e+01 7.50563812e+01
    7.46141052e+01 7.36174927e+01 7.11387253e+01 7.41309586e+01
    7.01345901e+01 7.47398148e+01 8.12368164e+01 8.24028625e+01
    7.10523987e+01 7.74989624e+01 8.14631424e+01 7.84235916e+01
    6.87607346e+01 5.74208145e+01 6.09937210e+01 5.38471375e+01
    5.62257843e+01 4.88744583e+01 4.67743492e+01 5.70344810e+01
    6.06051941e+01 6.48132324e+01 6.14897537e+01 6.04591293e+01
    6.20264664e+01 6.79535828e+01 6.29694290e+01 6.74430923e+01
    6.84105682e+01 6.78740005e+01 6.81545410e+01 6.66334915e+01
    6.98410645e+01 6.78765717e+01 5.43714905e+01 5.69347610e+01
    5.80367432e+01 5.99477577e+01 5.71128044e+01 6.23194885e+01
    7.15869370e+01 6.97939987e+01 7.26468124e+01 7.37977219e+01
    7.32392578e+01 7.24344406e+01 7.09526291e+01 6.82008362e+01
    7.05459518e+01 5.53318825e+01 5.64837418e+01 5.96001663e+01
    5.72779465e+01 6.24645081e+01 6.13108482e+01 6.90745773e+01
    6.90665512e+01 7.02771301e+01 7.08379593e+01 7.17396393e+01
    7.12965698e+01 7.15950546e+01 7.75001831e+01 7.31286774e+01
    6.31179581e+01 6.54828720e+01 6.15489731e+01 6.97224503e+01
    7.72395172e+01 7.62224503e+01 6.22118187e+01 6.86135025e+01
