<?xml version="1.0"?>
<opencv_storage>
<training_set_points type_id="opencv-matrix">
  <rows>100</rows>
  <cols>15</cols>
  <dt>f</dt>
  <data>
    6.98236618e+01 6.90476074e+01 6.61978455e+01 6.54038544e+01
    6.68427582e+01 6.70381622e+01 6.21593590e+01 6.77707291e+01
    7.00120392e+01 6.53971786e+01 6.25442619e+01 6.17981453e+01
    6.23480110e+01 6.02700615e+01 5.98033066e+01 5.35435295e+01
    5.86648636e+01 5.61643181e+01 5.26671982e+01 5.20938873e+01
    4.97796440e+01 5.01027718e+01 5.15556030e+01 5.07318573e+01
    5.13378258e+01 4.95747452e+01 4.76659088e+01 4.79325485e+01
    4.89416962e+01 5.02062798e+01 6.36260643e+01 6.50545349e+01
    6.14602737e+01 5.83771286e+01 5.62994957e+01 5.09867058e+01
    5.13886795e+01 5.33409042e+01 5.24721489e+01 5.28012543e+01
    5.37764091e+01 5.51947060e+01 5.80731583e+01 6.11584282e+01
    6.16163559e+01 8.75061951e+01 8.94559631e+01 9.40674667e+01
    9.90540695e+01 9.87181854e+01 9.61315460e+01 9.83026047e+01
    1.00453575e+02 9.99319458e+01 1.02038582e+02 1.02864632e+02
    1.02538025e+02 1.03106941e+02 1.03320137e+02 1.03005402e+02
    9.45698166e+01 9.63431320e+01 9.61506119e+01 9.58629913e+01
    9.55948334e+01 9.49690704e+01 9.46141739e+01 9.79659348e+01
    9.84838409e+01 9.47620926e+01 9.15222778e+01 9.04752426e+01
    9.03042068e+01 9.04467087e+01 9.00879974e+01 8.10373535e+01
    8.50283051e+01 9.03798676e+01 9.08055115e+01 8.64239426e+01
    8.37105713e+01 8.20090714e+01 8.60113220e+01 8.72169037e+01
    8.16191788e+01 7.50920486e+01 7.15357742e+01 6.88356781e+01
    6.92169952e+01 6.98402481e+01 5.03637238e+01 4.94660950e+01
    5.16200409e+01 5.32843781e+01 5.24970360e+01 5.19153595e+01
    5.20038300e+01 5.43800507e+01 5.35888443e+01 5.66882896e+01
    5.69308662e+01 5.37114143e+01 5.30815735e+01 5.62254219e+01
    5.65402336e+01 8.40848999e+01 8.51112137e+01 8.90421677e+01
    9.09934082e+01 9.09382401e+01 8.88602295e+01 8.58428345e+01
    8.92310410e+01 9.13787537e+01 8.78529205e+01 8.28711090e+01
    7.99480820e+01 7.71222839e+01 7.69506683e+01 7.73232498e+01
    8.53543320e+01 8.54285660e+01 8.75396271e+01 9.12247238e+01
    9.38170624e+01 9.49437790e+01 9.80708084e+01 9.85953674e+01
    9.76823349e+01 1.04377182e+02 1.07457550e+02 1.09532227e+02
    1.10948410e+02 1.11641045e+02 1.11615723e+02 7.62377014e+01
    7.84765701e+01 8.31908417e+01 8.33144684e+01 8.17285233e+01
    7.85631332e+01 7.53977356e+01 7.94149017e+01 7.92335510e+01
    7.03461761e+01 6.32800064e+01 6.32641449e+01 6.69667740e+01
    6.85959396e+01 7.03717804e+01 9.73850861e+01 9.67990952e+01
    9.77493057e+01 9.90796509e+01 9.61557846e+01 9.41618423e+01
    9.26340256e+01 9.57033615e+01 9.68007355e+01 9.18453140e+01
    8.58711166e+01 8.27141190e+01 7.92326050e+01 8.13049698e+01
    8.09768143e+01 7.66287918e+01 8.09907608e+01 8.25997696e+01
    7.99523468e+01 7.99849014e+01 8.04731293e+01 8.87033386e+01
    9.01321716e+01 8.40026703e+01 7.49012756e+01 7.04147568e+01
    6.75088425e+01 6.69939194e+01 6.83433304e+01 6.91904907e+01
    5.32330322e+01 5.25635834e+01 4.91026726e+01 4.76905632e+01
    4.87634926e+01 5.20292320e+01 5.01697807e+01 5.37508583e+01
    5.51861992e+01 4.99956970e+01 4.63683243e+01 4.61334915e+01
    4.40057831e+01 4.35438118e+01 4.40398903e+01 7.55852280e+01
    7.77613144e+01 6.60332108e+01 5.89918404e+01 6.22207222e+01
    5.89908218e+01 6.03502464e+01 6.11915474e+01 5.77783203e+01
    5.81958008e+01 5.70706406e+01 5.54430351e+01 5.59459190e+01
    5.56607513e+01 5.64147034e+01 6.56058655e+01 6.40812607e+01
    5.68674316e+01 5.48519859e+01 5.35458946e+01 5.11681824e+01
    5.38714905e+01 5.45643387e+01 5.34868584e+01 5.94330750e+01
    6.22911110e+01 5.84125938e+01 5.51836014e+01 5.50915070e+01
    5.52357979e+01 7.96800842e+01 8.23410492e+01 8.53329620e+01
    8.63191147e+01 8.28186493e+01 7.80356445e+01 7.60503387e+01
    7.60869293e+01 7.32331772e+01 7.31920853e+01 7.05682678e+01
    6.80283203e+01 6.80923538e+01 6.88451920e+01 6.85241547e+01
    9.82962570e+01 9.77350082e+01 9.88334427e+01 9.92731705e+01
    9.77345123e+01 9.47964554e+01 9.00856400e+01 9.37312546e+01
    9.58219299e+01 9.04770813e+01 8.52745667e+01 8.24279938e+01
    7.91854248e+01 8.00392761e+01 8.05948029e+01 4.72631645e+01
    4.65089035e+01 4.52304115e+01 4.42891655e+01 4.79679680e+01
    5.02056808e+01 5.10569191e+01 5.34974670e+01 5.36139679e+01
    5.41245918e+01 5.20827179e+01 5.13584595e+01 4.76079750e+01
    4.57641373e+01 4.64541321e+01 9.72840118e+01 9.81443253e+01
    9.92434235e+01 1.02734459e+02 1.05227005e+02 1.07141876e+02
    1.07320679e+02 1.09486107e+02 1.09469193e+02 1.09448669e+02
    1.10207977e+02 1.10288689e+02 1.10298134e+02 1.08018875e+02
    1.06711082e+02 7.11759796e+01 7.71178741e+01 7.17903900e+01
    6.59616394e+01 6.47092514e+01 6.41370773e+01 6.06993866e+01
    6.33856201e+01 6.28602600e+01 6.20434265e+01 6.07911606e+01
    5.77657547e+01 5.63838043e+01 5.78299065e+01 5.95245476e+01
    5.54334717e+01 5.48067665e+01 5.65316505e+01 5.86980286e+01
    6.28665581e+01 5.54208870e+01 5.31077042e+01 5.62585030e+01
    5.75504608e+01 5.63795776e+01 5.49874992e+01 5.12041435e+01
    5.20973663e+01 5.45622673e+01 5.55968552e+01 1.00366882e+02
    9.93919067e+01 1.00029373e+02 1.01418655e+02 1.03712578e+02
    1.05416603e+02 1.05965157e+02 1.07502014e+02 1.08440536e+02
    1.07319473e+02 1.05622643e+02 1.05166115e+02 1.05229210e+02
    1.05432838e+02 1.04538948e+02 5.07260437e+01 5.40559502e+01
    5.59768791e+01 5.42359314e+01 5.33998032e+01 5.45121536e+01
    5.46553268e+01 5.53647919e+01 5.56600800e+01 5.81995697e+01
    6.09167519e+01 6.23582230e+01 6.14090652e+01 5.95620346e+01
    5.94249077e+01 1.04036301e+02 1.02577347e+02 7.41298141e+01
    8.01292114e+01 8.32747574e+01 7.92117233e+01 9.39317474e+01
    8.59910965e+01 7.37084503e+01 6.46129684e+01 5.64503746e+01
    5.42183952e+01 5.26998329e+01 5.19145584e+01 5.18103561e+01
    5.15842056e+01 5.35958023e+01 5.61637383e+01 5.84027786e+01
    6.20013809e+01 6.05220375e+01 5.85060616e+01 6.15673637e+01
    6.24220047e+01 6.05236282e+01 5.65457001e+01 5.19769249e+01
    5.22226753e+01 5.45975685e+01 5.74987869e+01 5.39967957e+01
    5.06141739e+01 5.16694527e+01 5.16803360e+01 5.50998993e+01
    6.30285530e+01 7.46118088e+01 7.20033798e+01 6.11724243e+01
    6.43584290e+01 6.52795792e+01 6.50113678e+01 6.48042603e+01
    6.26507607e+01 6.33419495e+01 7.66777191e+01 7.88257751e+01
    8.73147049e+01 8.79888382e+01 1.10986801e+02 1.19990860e+02
    1.00998154e+02 1.07642967e+02 1.04329987e+02 8.33307724e+01
    6.29719124e+01 5.88348389e+01 5.26758957e+01 5.10595665e+01
    5.09760056e+01 5.52496910e+01 5.95525131e+01 5.64962158e+01
    5.27471695e+01 5.38483467e+01 5.60583572e+01 5.64311485e+01
    5.78118820e+01 5.70841675e+01 5.99669495e+01 6.39971352e+01
    6.58942032e+01 7.02138443e+01 6.80779877e+01 6.70957031e+01
    9.21702271e+01 1.20489037e+02 1.15710327e+02 9.41969986e+01
    8.93828812e+01 8.48902664e+01 8.16823959e+01 8.33246231e+01
    8.79879608e+01 7.85705414e+01 6.87747192e+01 6.52839508e+01
    6.02545547e+01 5.69654770e+01 5.58796730e+01 1.32534576e+02
    1.18706406e+02 1.27583847e+02 1.19462982e+02 1.33843002e+02
    1.17775444e+02 1.07433151e+02 1.09324768e+02 1.02402954e+02
    9.15691452e+01 8.07432480e+01 7.28766098e+01 6.22144928e+01
    5.26419945e+01 5.21267662e+01 5.86570358e+01 5.57305946e+01
    5.48897476e+01 5.38624382e+01 5.59385986e+01 5.70133209e+01
    5.74050446e+01 5.78022957e+01 5.73015175e+01 5.68869629e+01
    5.77587776e+01 5.46371269e+01 5.27264366e+01 5.00075722e+01
    4.98557816e+01 1.07491272e+02 1.06364861e+02 1.04582153e+02
    1.03943924e+02 1.00739738e+02 1.01304070e+02 1.02818306e+02
    1.04128639e+02 1.03850563e+02 1.06911530e+02 1.07445641e+02
    1.05689819e+02 1.05511261e+02 1.06172562e+02 1.04435349e+02
    1.26064354e+02 1.33227142e+02 1.31208771e+02 1.22089485e+02
    1.03943031e+02 1.10995522e+02 1.39346252e+02 1.19923126e+02
