<?xml version="1.0"?>
<opencv_storage>
<training_set_points type_id="opencv-matrix">
  <rows>91</rows>
  <cols>15</cols>
  <dt>f</dt>
  <data>
    8.08005981e+01 7.18564529e+01 7.20096817e+01 6.31105232e+01
    5.69822731e+01 5.32050400e+01 5.30746613e+01 5.25214920e+01
    5.25077400e+01 4.99202423e+01 5.05084305e+01 4.57435913e+01
    4.72416611e+01 4.86541100e+01 4.77745628e+01 7.57685547e+01
    7.12067261e+01 6.82950363e+01 6.31183052e+01 5.93328247e+01
    5.66590652e+01 5.55598297e+01 5.51604576e+01 5.44534569e+01
    5.52767906e+01 5.36454506e+01 4.81024551e+01 4.82523155e+01
    4.62725906e+01 4.76100197e+01 6.96267548e+01 6.38468056e+01
    6.29148750e+01 6.03281059e+01 5.96680908e+01 5.88896370e+01
    5.86635094e+01 5.88251228e+01 5.86498604e+01 5.92685890e+01
    6.11171379e+01 6.33006973e+01 6.23772278e+01 5.60578880e+01
    5.84868927e+01 8.39571304e+01 9.82610016e+01 7.97797928e+01
    6.59133224e+01 6.05772095e+01 6.02794762e+01 5.86285477e+01
    5.66304893e+01 5.63939972e+01 5.52972374e+01 5.33203430e+01
    5.35326462e+01 5.32828751e+01 5.52781868e+01 5.18401451e+01
    9.10858612e+01 8.74587097e+01 8.09388046e+01 7.09107285e+01
    6.72599716e+01 6.41784973e+01 6.30271797e+01 5.89158554e+01
    5.93413887e+01 5.88552017e+01 5.55964127e+01 4.91898346e+01
    5.27203979e+01 6.20103226e+01 5.63171730e+01 1.09376404e+02
    1.00345940e+02 9.85808792e+01 1.07204430e+02 1.17236237e+02
    1.17175163e+02 1.11668823e+02 1.02860413e+02 1.00922752e+02
    9.38032684e+01 9.18757324e+01 8.57146912e+01 8.85284119e+01
    9.00912094e+01 8.79237595e+01 7.99716873e+01 7.94565277e+01
    7.70017395e+01 8.43121185e+01 8.17291260e+01 7.66737595e+01
    7.24777374e+01 6.16802635e+01 5.78912582e+01 5.47899628e+01
    5.65602264e+01 5.50786285e+01 5.79951859e+01 6.40404510e+01
    6.07116013e+01 1.15115814e+02 1.09783676e+02 1.09239655e+02
    1.14221748e+02 1.01770813e+02 1.06692978e+02 9.88205261e+01
    8.84814529e+01 8.28006897e+01 6.58692703e+01 6.64387665e+01
    6.31424522e+01 6.41052170e+01 6.45307922e+01 6.32699852e+01
    9.82749634e+01 9.57183838e+01 1.02498299e+02 9.95584412e+01
    1.00325577e+02 9.69091492e+01 9.80465317e+01 1.12875748e+02
    1.08825752e+02 9.05871277e+01 8.76789322e+01 8.77816620e+01
    8.83158417e+01 8.80938339e+01 8.49680099e+01 1.49768326e+02
    1.30500992e+02 1.31595779e+02 1.40391678e+02 1.41778122e+02
    1.47993225e+02 1.39606049e+02 1.44950806e+02 1.37058868e+02
    1.03363441e+02 9.69534912e+01 8.18536987e+01 8.92168121e+01
    1.11840393e+02 1.02844902e+02 1.30901642e+02 1.12545738e+02
    1.19208000e+02 1.39708435e+02 1.39271301e+02 1.35726547e+02
    1.16706116e+02 1.09555504e+02 1.12669998e+02 1.14016869e+02
    8.81878128e+01 7.10328217e+01 7.97936401e+01 8.47033997e+01
    7.82139587e+01 7.85579681e+01 7.41712799e+01 8.31630859e+01
    8.07002106e+01 6.78971558e+01 5.80532837e+01 5.40690117e+01
    4.95368881e+01 4.98322945e+01 5.03501816e+01 4.54953194e+01
    5.41330605e+01 6.52189713e+01 4.69988289e+01 4.70789795e+01
    6.95859756e+01 6.62228394e+01 6.46705475e+01 5.79197044e+01
    5.51709442e+01 5.44774895e+01 5.37895203e+01 5.23532715e+01
    5.34272919e+01 5.64249268e+01 5.48248978e+01 5.51241150e+01
    5.43847809e+01 5.31841736e+01 5.31858139e+01 7.18481369e+01
    6.95850830e+01 6.90711823e+01 6.24817009e+01 6.07343216e+01
    6.02385788e+01 5.87639198e+01 5.85991135e+01 5.70079918e+01
    5.61709290e+01 5.66819267e+01 5.62403450e+01 5.67895889e+01
    5.82351036e+01 5.93844299e+01 6.92062149e+01 6.64895477e+01
    6.50579681e+01 5.82808685e+01 5.45507278e+01 5.37001495e+01
    5.33838692e+01 5.27229729e+01 5.21124725e+01 5.14584732e+01
    5.40379448e+01 5.83750000e+01 5.70929947e+01 5.26226616e+01
    5.47178383e+01 7.61927872e+01 7.10667038e+01 7.56562958e+01
    8.06399307e+01 8.19868164e+01 8.22361069e+01 7.76627960e+01
    6.97686157e+01 6.22035446e+01 5.53361855e+01 5.07023926e+01
    4.46838760e+01 4.49007721e+01 4.93186607e+01 5.10422325e+01
    6.96367798e+01 6.67970505e+01 6.35565033e+01 5.69965706e+01
    5.28203239e+01 5.12316895e+01 4.90690346e+01 4.68552132e+01
    4.71208763e+01 4.99304543e+01 5.26917648e+01 5.71938477e+01
    5.45319138e+01 5.09988480e+01 5.25809059e+01 8.76361465e+01
    9.18551483e+01 8.46803818e+01 8.35693359e+01 8.53004150e+01
    8.53039703e+01 8.60301971e+01 8.62890091e+01 8.66183395e+01
    8.90465317e+01 9.41332550e+01 9.87838745e+01 9.86082840e+01
    1.02342667e+02 1.01046600e+02 7.00344315e+01 6.58198090e+01
    6.45646973e+01 6.02293434e+01 5.62768631e+01 5.49365540e+01
    5.26283531e+01 5.08216705e+01 5.02902412e+01 5.19675140e+01
    5.18787460e+01 5.45264740e+01 5.23870583e+01 5.27572975e+01
    5.23625069e+01 6.96638947e+01 6.51536102e+01 6.21933517e+01
    5.77557220e+01 5.75105515e+01 5.66539917e+01 5.68684464e+01
    5.89417801e+01 5.82933731e+01 5.91623726e+01 5.96146736e+01
    5.93927460e+01 5.81178474e+01 5.52929382e+01 5.76785622e+01
    6.73766479e+01 6.54207077e+01 6.40051804e+01 5.65178566e+01
    5.28231888e+01 5.18221512e+01 4.92039337e+01 4.93275375e+01
    4.98295937e+01 5.14991722e+01 5.01237984e+01 5.12949753e+01
    5.07736778e+01 5.24202766e+01 4.92645836e+01 9.46072083e+01
    1.14559692e+02 1.01279678e+02 1.16175781e+02 1.19319153e+02
    1.16880447e+02 1.08070892e+02 9.67366943e+01 9.88637238e+01
    1.08940979e+02 8.93575516e+01 7.47645569e+01 7.48835373e+01
    7.06016541e+01 7.38140564e+01 7.23814850e+01 7.30875092e+01
    7.06443481e+01 6.17205811e+01 5.87625885e+01 5.82693939e+01
    5.54273720e+01 5.36116982e+01 5.39670067e+01 5.46995125e+01
    5.45274200e+01 5.30589523e+01 5.33773460e+01 5.43029175e+01
    5.47271042e+01 1.06937119e+02 1.12674057e+02 1.01412231e+02
    1.06844536e+02 1.05138214e+02 1.10235313e+02 1.00981422e+02
    9.58190918e+01 9.64390564e+01 1.00996895e+02 9.35673218e+01
    9.37509613e+01 9.34594498e+01 8.88076935e+01 9.01016998e+01
    6.51282730e+01 6.70137405e+01 6.10461693e+01 5.22376595e+01
    5.12233238e+01 4.96636581e+01 4.68047256e+01 4.51326942e+01
    4.42249374e+01 4.66525688e+01 5.20261459e+01 5.18556862e+01
    5.19844627e+01 5.41814423e+01 5.33078995e+01 9.22815475e+01
    6.17082787e+01 7.25184708e+01 7.22007675e+01 3.60497169e+01
    5.57046204e+01 7.09827423e+01 9.51907349e+01 1.01474434e+02
    1.15508163e+02 9.27217789e+01 9.24569778e+01 8.91832886e+01
    9.24082489e+01 9.36986160e+01 1.14007759e+02 9.34011078e+01
    9.32443771e+01 8.46705704e+01 9.91591492e+01 1.26623108e+02
    1.35025177e+02 1.01547485e+02 9.12199707e+01 1.13389435e+02
    8.41984329e+01 7.84670258e+01 8.13621292e+01 1.02568962e+02
    7.83926315e+01 7.24701462e+01 7.10848389e+01 7.01876831e+01
    6.80994492e+01 6.79826813e+01 7.06367493e+01 6.89430542e+01
    7.32080841e+01 7.07360840e+01 7.12502518e+01 8.62960434e+01
    7.26946869e+01 8.37220154e+01 1.09055061e+02 1.11319237e+02
    7.63971329e+01 7.63035202e+01 7.57569351e+01 6.99781570e+01
    6.50775681e+01 6.41684341e+01 5.94304504e+01 5.52014809e+01
    5.43101807e+01 5.41743698e+01 5.48317566e+01 5.43177185e+01
    5.41461601e+01 5.38618851e+01 5.50028152e+01 3.63983231e+01
    4.61378403e+01 2.93111477e+01 2.64694061e+01 2.79680748e+01
    3.31250725e+01 3.76884232e+01 4.85369682e+01 7.06131897e+01
    1.11804688e+02 1.09121727e+02 1.03939644e+02 1.03691887e+02
    8.85845032e+01 9.09399338e+01 6.87246399e+01 6.66315231e+01
    6.71702194e+01 6.20429573e+01 5.74565964e+01 5.63498459e+01
    5.53806915e+01 5.87191620e+01 5.94075394e+01 6.47939606e+01
    7.26336212e+01 6.83212509e+01 7.11549759e+01 9.82429504e+01
    8.00708389e+01 7.00398102e+01 6.90974350e+01 5.18633690e+01
    3.09107494e+01 4.05658913e+01 5.43483887e+01 6.25890083e+01
    5.73191452e+01 5.54969902e+01 6.92169571e+01 1.08402542e+02
    8.98535614e+01 9.82355728e+01 1.45410965e+02 1.29732971e+02
    7.71477890e+01 7.20387115e+01 6.66873474e+01 4.55369186e+01
    4.15446777e+01 8.11929474e+01 1.06398026e+02 1.34914154e+02
