<?xml version="1.0"?>
<opencv_storage>
<training_set_points type_id="opencv-matrix">
  <rows>100</rows>
  <cols>15</cols>
  <dt>f</dt>
  <data>
    7.05275955e+01 6.60066681e+01 6.97714996e+01 6.77486877e+01
    6.82676392e+01 6.67244949e+01 6.89819489e+01 6.84996262e+01
    6.65411606e+01 6.27723808e+01 6.22090607e+01 5.87360001e+01
    5.50549927e+01 6.04265022e+01 6.43242188e+01 7.69600067e+01
    7.26495438e+01 7.37886353e+01 7.11155853e+01 6.90943680e+01
    6.81859283e+01 6.89487152e+01 6.34475021e+01 6.89400177e+01
    6.63508224e+01 6.48476868e+01 6.29486160e+01 6.17809486e+01
    5.95597000e+01 5.60084381e+01 7.70808411e+01 7.52012329e+01
    7.90221710e+01 7.73961639e+01 6.98089828e+01 6.55023346e+01
    6.65274429e+01 6.55316391e+01 6.23752861e+01 6.22298012e+01
    6.10843010e+01 6.13472061e+01 6.04626465e+01 5.99877090e+01
    5.79649696e+01 8.52165833e+01 8.73251038e+01 8.67032013e+01
    8.51081467e+01 7.99737778e+01 7.49884262e+01 7.65777664e+01
    7.03403091e+01 7.23717651e+01 7.80418777e+01 7.69980316e+01
    7.13189774e+01 6.55998383e+01 6.81969681e+01 6.30983353e+01
    8.51307678e+01 8.30391693e+01 8.21632538e+01 8.18164749e+01
    8.02663422e+01 7.67658615e+01 7.79028549e+01 7.59086609e+01
    7.42966537e+01 7.17217560e+01 7.13839111e+01 7.27125092e+01
    7.47451630e+01 7.18650055e+01 7.26234131e+01 6.79800262e+01
    6.31408195e+01 6.69472198e+01 6.69106674e+01 6.47425537e+01
    6.52223358e+01 6.57586212e+01 6.73254776e+01 6.67053528e+01
    6.04653435e+01 5.82067719e+01 5.80431976e+01 5.84545746e+01
    5.82605515e+01 5.91164360e+01 5.59244804e+01 6.67220764e+01
    7.37819214e+01 7.28808517e+01 5.96715317e+01 6.22429924e+01
    5.59259186e+01 5.45083618e+01 7.26728516e+01 6.82013474e+01
    6.77715302e+01 6.81366730e+01 6.85615997e+01 6.58385315e+01
    6.20464020e+01 8.32919464e+01 8.24375458e+01 7.95648804e+01
    7.78523483e+01 7.24900589e+01 6.86501770e+01 6.63791199e+01
    6.49167175e+01 6.65932846e+01 6.60254974e+01 6.48821335e+01
    5.94369507e+01 5.27293053e+01 6.09775314e+01 6.29671555e+01
    8.73093567e+01 8.50929871e+01 8.38439941e+01 8.30362854e+01
    8.67184753e+01 8.49211197e+01 8.30013733e+01 8.28265915e+01
    8.25200348e+01 7.87263947e+01 7.74729767e+01 7.45995789e+01
    7.36123962e+01 7.38025665e+01 7.32249832e+01 7.34199829e+01
    6.87501526e+01 6.95123062e+01 6.91209946e+01 7.42420502e+01
    7.71652527e+01 7.23265686e+01 7.27176819e+01 7.72846146e+01
    7.59859161e+01 7.73208389e+01 7.87554932e+01 8.07634277e+01
    7.80366058e+01 7.65214005e+01 7.04899673e+01 7.60644073e+01
    7.39105530e+01 6.89362183e+01 5.55032806e+01 4.96350555e+01
    5.54811249e+01 4.88504639e+01 4.58751678e+01 5.39203606e+01
    5.69940338e+01 4.95338554e+01 4.57405090e+01 4.18781509e+01
    3.77274628e+01 6.24570084e+01 6.58259659e+01 7.79673386e+01
    7.53479919e+01 6.69452896e+01 5.99570618e+01 5.58965492e+01
    5.20808411e+01 5.23041077e+01 6.34028625e+01 6.81254883e+01
    5.70701408e+01 5.13193016e+01 4.48617973e+01 4.07156372e+01
    5.07597275e+01 5.66175575e+01 5.40335045e+01 5.14050789e+01
    4.63944550e+01 4.49043617e+01 4.05914841e+01 4.13112717e+01
    4.49054451e+01 5.10221786e+01 4.94748192e+01 5.77097130e+01
    6.13281097e+01 6.10453224e+01 5.94915276e+01 5.34205437e+01
    6.79852829e+01 6.29033432e+01 6.43570099e+01 4.84822769e+01
    4.46317635e+01 5.82369995e+01 5.14403152e+01 4.71651764e+01
    5.82250214e+01 5.55811996e+01 5.05336952e+01 4.55933647e+01
    4.58146133e+01 4.56435814e+01 6.68903046e+01 6.96501465e+01
    6.81100922e+01 5.94937172e+01 7.01977005e+01 6.80650330e+01
    6.00412064e+01 5.44299660e+01 5.83791046e+01 7.24343796e+01
    6.20748291e+01 5.76680222e+01 4.40879898e+01 3.67539062e+01
    3.07809143e+01 4.17993431e+01 4.45968552e+01 4.57210693e+01
    4.74478798e+01 3.88291206e+01 3.57362289e+01 4.72493477e+01
    4.13774376e+01 3.81107330e+01 4.77368088e+01 4.71728134e+01
    4.23155022e+01 3.85612030e+01 4.29681053e+01 4.28430481e+01
    6.64121933e+01 5.65177498e+01 4.57240601e+01 4.62794800e+01
    5.47312660e+01 5.55276108e+01 5.05514488e+01 5.62506599e+01
    5.15948410e+01 4.04788132e+01 3.71217575e+01 4.86988564e+01
    5.68621559e+01 5.40238914e+01 5.45137978e+01 3.92218742e+01
    3.98608856e+01 3.77758789e+01 3.77138939e+01 4.16535568e+01
    4.38884888e+01 4.14512138e+01 5.30360374e+01 4.84669151e+01
    3.97753448e+01 3.94651184e+01 4.81045761e+01 5.42117805e+01
    4.58208580e+01 4.74120941e+01 6.61233521e+01 6.54974976e+01
    7.42207870e+01 7.31141205e+01 5.24171066e+01 4.72066040e+01
    5.48155251e+01 5.23657303e+01 4.60563011e+01 4.34438400e+01
    4.12880554e+01 3.64795074e+01 3.27554626e+01 4.07717323e+01
    4.58823090e+01 7.07829666e+01 5.32993164e+01 4.88514786e+01
    4.35979576e+01 5.02247391e+01 5.15758820e+01 5.57060623e+01
    4.94918518e+01 4.54880829e+01 4.06306877e+01 3.90470009e+01
    3.84811211e+01 3.75160141e+01 3.44763031e+01 3.67927361e+01
    5.71903954e+01 7.63055496e+01 6.82602386e+01 6.89555664e+01
    5.46431007e+01 4.74454498e+01 5.10565262e+01 4.63018646e+01
    4.38994370e+01 5.60532837e+01 5.44533958e+01 4.37164078e+01
    3.66938744e+01 3.41578293e+01 3.14236050e+01 6.56415024e+01
    7.06504364e+01 7.28082886e+01 6.93758469e+01 6.53290939e+01
    6.43729095e+01 5.92361641e+01 5.36140671e+01 6.32974701e+01
    6.44741821e+01 6.31384315e+01 4.63023491e+01 3.72402458e+01
    4.04898300e+01 4.01869087e+01 4.13970032e+01 4.75172920e+01
    4.50502663e+01 4.45257912e+01 3.97811470e+01 4.01679115e+01
    3.26083221e+01 3.30221329e+01 4.14616280e+01 4.92895317e+01
    4.76243172e+01 5.26000748e+01 5.36329765e+01 5.39836540e+01
    5.32821922e+01 6.13150368e+01 6.26326828e+01 4.45907402e+01
    4.35879822e+01 5.52866478e+01 5.44042130e+01 5.53920746e+01
    5.14588013e+01 5.03305283e+01 5.22254066e+01 5.20032387e+01
    4.86372337e+01 4.70711899e+01 4.49469604e+01 4.34285889e+01
    4.99620743e+01 4.72642288e+01 4.69609756e+01 4.46016235e+01
    3.48272552e+01 3.08703957e+01 3.97081451e+01 3.56174431e+01
    2.93388863e+01 2.70031567e+01 2.83865795e+01 2.54022903e+01
    2.43182373e+01 3.07668304e+01 3.42071457e+01 5.77577858e+01
    4.24542542e+01 5.18530273e+01 4.55708809e+01 4.20007477e+01
    4.79130898e+01 4.75344734e+01 5.00155220e+01 5.18260193e+01
    4.61290779e+01 4.40062256e+01 5.48201981e+01 6.41413574e+01
    5.88287354e+01 5.73922310e+01 5.73345146e+01 6.77139130e+01
    5.21796532e+01 5.24665451e+01 5.18661118e+01 4.71428833e+01
    4.65163078e+01 4.71315269e+01 5.29034729e+01 6.11634712e+01
    4.90695839e+01 4.58717041e+01 4.58021584e+01 4.23504944e+01
    4.03661461e+01 6.23336105e+01 6.67015457e+01 6.47288666e+01
    6.38321304e+01 6.49405746e+01 5.88236465e+01 5.32662735e+01
    5.52874374e+01 5.81285400e+01 6.55005798e+01 5.94299469e+01
    5.54125175e+01 5.02581711e+01 5.56980782e+01 4.92622185e+01
    6.36166191e+01 5.73638153e+01 5.52201080e+01 5.22511597e+01
    5.71934280e+01 6.39422684e+01 5.17784195e+01 5.80913277e+01
    6.62963257e+01 5.25491066e+01 5.59229355e+01 4.46213913e+01
    4.07253036e+01 3.31657753e+01 3.70596390e+01 5.47120819e+01
    6.96119080e+01 5.96063805e+01 5.55624390e+01 4.75247498e+01
    4.16168556e+01 4.86395340e+01 4.79368210e+01 3.64897308e+01
    3.60061035e+01 3.47883453e+01 3.37883987e+01 3.40730476e+01
    3.10560570e+01 2.97301254e+01 5.97192421e+01 5.61725349e+01
    5.37565155e+01 4.64202042e+01 4.30860367e+01 4.02522430e+01
    4.65403976e+01 4.14622612e+01 3.73591995e+01 3.44347687e+01
    3.58924217e+01 2.99530640e+01 2.67866058e+01 2.77839890e+01
    2.60078621e+01 6.51825485e+01 6.26647301e+01 6.36155281e+01
    6.32575531e+01 6.05687408e+01 5.31825333e+01 5.38552475e+01
    5.08665695e+01 4.61866760e+01 4.26778221e+01 4.36914749e+01
    3.78516808e+01 3.60986214e+01 3.49115906e+01 3.53892670e+01
    6.12821732e+01 5.45747147e+01 5.60420837e+01 5.68350143e+01
    6.10450096e+01 5.61259689e+01 5.48389702e+01 5.34353333e+01
