<?xml version="1.0"?>
<opencv_storage>
<training_set_points type_id="opencv-matrix">
  <rows>101</rows>
  <cols>15</cols>
  <dt>f</dt>
  <data>
    6.49851761e+01 6.25019341e+01 6.24643593e+01 6.83354645e+01
    6.83688812e+01 6.89499588e+01 7.44724808e+01 7.33237991e+01
    7.29415054e+01 7.77911606e+01 7.84358978e+01 8.00641556e+01
    7.87120132e+01 7.92346802e+01 7.94987411e+01 7.85840912e+01
    8.65522156e+01 8.83202209e+01 8.94868851e+01 8.31176300e+01
    7.95801315e+01 6.17661896e+01 5.02744179e+01 4.05292015e+01
    4.12174034e+01 4.76713715e+01 5.73221245e+01 3.77953415e+01
    4.56027832e+01 5.15530128e+01 7.77846756e+01 7.54907913e+01
    7.37489700e+01 7.53261566e+01 7.61344528e+01 7.85110016e+01
    7.78235855e+01 8.11023560e+01 8.00232010e+01 7.47865372e+01
    7.60838242e+01 7.65189056e+01 7.94120712e+01 8.08445129e+01
    8.21452103e+01 8.55302811e+01 8.87029343e+01 8.95608978e+01
    8.92641983e+01 8.51262894e+01 8.20492401e+01 8.93014297e+01
    8.55513763e+01 7.95924149e+01 5.65420113e+01 5.31722717e+01
    5.75199738e+01 5.34072189e+01 5.46838226e+01 5.60605927e+01
    6.83095779e+01 8.02045288e+01 8.54449539e+01 8.58573608e+01
    8.27600327e+01 8.35808945e+01 7.59971008e+01 7.72546844e+01
    7.25322571e+01 6.67746506e+01 6.98068085e+01 7.02579727e+01
    5.37901421e+01 5.05290642e+01 5.04439583e+01 7.77450333e+01
    8.21109772e+01 8.50230103e+01 8.62408371e+01 8.37308960e+01
    8.67859955e+01 8.73553619e+01 8.93169098e+01 8.95587006e+01
    8.62865295e+01 8.49463577e+01 8.32090683e+01 7.98070068e+01
    8.01853943e+01 8.05669708e+01 6.21813774e+01 7.34466095e+01
    8.00211105e+01 7.65683746e+01 7.95209732e+01 8.03237305e+01
    6.50047989e+01 7.18188248e+01 7.19323730e+01 7.26123810e+01
    7.34265976e+01 7.65487518e+01 6.88161469e+01 6.94092865e+01
    6.94771652e+01 9.46697159e+01 9.24780273e+01 8.42262955e+01
    9.11057587e+01 8.89909439e+01 9.37782211e+01 8.24563751e+01
    8.71015244e+01 8.89861603e+01 5.74734116e+01 6.48702316e+01
    5.72915726e+01 6.54683685e+01 7.44951248e+01 7.59613571e+01
    6.40237122e+01 6.34605522e+01 5.76087265e+01 6.87589493e+01
    6.87855225e+01 6.53672028e+01 6.93293610e+01 6.44131775e+01
    6.27349396e+01 6.10510712e+01 5.56589622e+01 5.47491035e+01
    6.15401115e+01 6.03258820e+01 5.86898842e+01 1.01923660e+02
    9.63947525e+01 8.46798477e+01 9.40442581e+01 1.00905769e+02
    1.01870178e+02 8.95843048e+01 8.71671677e+01 7.96256943e+01
    6.55969162e+01 6.15674744e+01 6.55431213e+01 2.23531075e+01
    1.70902309e+01 1.92993984e+01 4.64488564e+01 3.67471352e+01
    5.31103134e+01 7.35713959e+01 8.49298172e+01 7.71084366e+01
    7.55946274e+01 7.11770782e+01 6.83945923e+01 6.62684479e+01
    7.49494629e+01 7.60773773e+01 5.97580376e+01 6.05227814e+01
    5.72808456e+01 6.59367752e+01 7.05797348e+01 7.58215942e+01
    7.77665863e+01 7.66831055e+01 7.82189102e+01 8.28418961e+01
    8.39000397e+01 8.45580902e+01 8.63367004e+01 8.41456680e+01
    8.29805298e+01 8.39892731e+01 8.32213135e+01 8.25023880e+01
    8.33237686e+01 7.34870300e+01 3.57032242e+01 4.97793274e+01
    3.82412643e+01 2.78859196e+01 1.01603737e+02 7.91404419e+01
    7.43320618e+01 8.43150177e+01 8.32168732e+01 7.92599945e+01
    7.78496323e+01 7.24559708e+01 6.56490784e+01 6.46887054e+01
    6.79763489e+01 6.88223495e+01 6.72282867e+01 6.48966217e+01
    6.50887222e+01 7.26497726e+01 7.00769806e+01 7.05526733e+01
    8.49651413e+01 8.56240082e+01 8.33421631e+01 8.16603241e+01
    8.15837555e+01 8.11175537e+01 8.51295853e+01 6.82054520e+01
    6.67431259e+01 7.66387253e+01 8.58328400e+01 7.71658630e+01
    7.60364075e+01 7.37928848e+01 7.54418640e+01 7.93139725e+01
    8.15227203e+01 7.33857193e+01 7.75952759e+01 7.67257690e+01
    7.33059540e+01 9.10170517e+01 8.57872009e+01 8.06466827e+01
    6.85337524e+01 8.25871582e+01 7.09516602e+01 4.99271164e+01
    5.94934692e+01 6.62098770e+01 6.92016144e+01 7.39173355e+01
    7.69693222e+01 7.63255615e+01 7.93873291e+01 7.84890594e+01
    7.74217911e+01 7.87092361e+01 7.46641312e+01 5.00860023e+01
    2.95490685e+01 4.08889771e+01 2.86070213e+01 3.70720901e+01
    4.08531876e+01 6.14708328e+01 6.95535889e+01 7.46992645e+01
    4.84469910e+01 4.77477646e+01 5.08145103e+01 7.80507812e+01
    7.79708099e+01 7.70756302e+01 8.29666901e+01 8.60685883e+01
    8.62975998e+01 8.67069626e+01 8.74097290e+01 8.66990356e+01
    8.44597397e+01 8.47095947e+01 8.45529785e+01 8.46697388e+01
    8.49205627e+01 8.48902969e+01 9.38333664e+01 8.14977646e+01
    7.97289886e+01 5.99202919e+01 4.39684868e+01 5.62326431e+01
    5.28001900e+01 5.45921860e+01 5.08592720e+01 5.99934502e+01
    5.82955017e+01 6.32972374e+01 4.35024185e+01 4.21494293e+01
    4.34116745e+01 8.29558716e+01 8.50099030e+01 8.52197723e+01
    8.91004333e+01 8.44414597e+01 8.43414536e+01 1.01913857e+02
    9.87045441e+01 8.76358490e+01 8.36978912e+01 8.39583435e+01
    8.29289169e+01 8.48268585e+01 8.59929962e+01 8.71584015e+01
    7.46526337e+01 7.15080032e+01 6.97762604e+01 7.25638428e+01
    7.32296295e+01 7.25244980e+01 7.81790924e+01 7.70673141e+01
    7.83896027e+01 8.90696182e+01 9.39148331e+01 9.88302689e+01
    8.85720673e+01 8.90152893e+01 9.21778564e+01 7.11300430e+01
    8.21424484e+01 8.82326736e+01 1.03686066e+02 9.69929504e+01
    9.53094482e+01 1.26890762e+02 1.15644493e+02 1.09029808e+02
    8.37502289e+01 7.51800995e+01 6.00601730e+01 8.88408966e+01
    8.93424835e+01 9.00369492e+01 7.29675140e+01 7.56305618e+01
    7.80804901e+01 8.41238632e+01 9.32966537e+01 8.99563599e+01
    5.31472511e+01 5.04748611e+01 6.75830994e+01 3.20173111e+01
    3.12412605e+01 3.03650093e+01 6.19178658e+01 6.85052490e+01
    7.12735367e+01 7.47762833e+01 7.44610291e+01 7.82394791e+01
    8.13118744e+01 7.72653351e+01 5.94255600e+01 6.76569443e+01
    6.13853760e+01 6.26639404e+01 3.40337410e+01 2.65557003e+01
    2.88876820e+01 3.65863152e+01 3.98888474e+01 3.38483162e+01
    7.89149551e+01 8.45561523e+01 8.62892303e+01 7.09744263e+01
    3.63194084e+01 3.82960014e+01 7.95299606e+01 6.44658432e+01
    7.54324036e+01 1.00840118e+02 9.17588882e+01 8.63638763e+01
    1.07331642e+02 1.17488182e+02 1.16877251e+02 6.86025162e+01
    7.67448044e+01 9.11087189e+01 1.04969742e+02 1.01747871e+02
    1.01693115e+02 1.25218857e+02 1.20916161e+02 1.09088020e+02
    8.37998657e+01 7.98259048e+01 7.18831024e+01 9.00754929e+01
    8.80115814e+01 8.58686447e+01 7.61851349e+01 9.39395523e+01
    1.00733185e+02 9.62927399e+01 1.05356354e+02 1.01432358e+02
    8.38675690e+01 8.62131958e+01 8.32031174e+01 5.20487251e+01
    3.43385429e+01 3.46227684e+01 6.06239700e+01 6.65946121e+01
    6.97386856e+01 7.68344345e+01 7.71119080e+01 8.08935471e+01
    9.42499847e+01 9.39533844e+01 9.05819855e+01 1.08363037e+02
    1.04568298e+02 1.01396461e+02 9.27680511e+01 8.59209747e+01
    8.20091019e+01 9.35735397e+01 9.24015656e+01 8.99548569e+01
    7.08767166e+01 9.07264709e+01 1.02400543e+02 1.04109818e+02
    1.12650986e+02 1.12843498e+02 9.70163574e+01 9.87913895e+01
    9.69512405e+01 6.92102356e+01 6.83112640e+01 5.47145119e+01
    7.96479340e+01 8.02893524e+01 8.03396454e+01 7.91836166e+01
    8.23101730e+01 8.68702240e+01 8.09666672e+01 6.01410713e+01
    5.64335518e+01 7.38993988e+01 6.57141495e+01 7.71460953e+01
    1.01737144e+02 9.63794022e+01 9.10837936e+01 9.74497147e+01
    1.06143417e+02 1.12731430e+02 7.77978516e+01 8.04672852e+01
    8.06712570e+01 8.63701706e+01 7.63480911e+01 7.70714645e+01
    9.49688110e+01 9.11970749e+01 9.39890747e+01 9.69663849e+01
    9.12766800e+01 8.66871185e+01 9.65714951e+01 9.66322327e+01
    9.99267502e+01 7.47226105e+01 7.79587555e+01 9.67404938e+01
    9.74448395e+01 1.07524048e+02 1.02489731e+02 8.77242050e+01
    8.87228241e+01 8.69980698e+01 6.11865387e+01 5.96963501e+01
    4.71181412e+01 7.39972839e+01 7.76534576e+01 7.93053589e+01
    7.36862106e+01 7.59934998e+01 7.54988327e+01 9.37488861e+01
    8.85133514e+01 8.99274292e+01 1.04639938e+02 1.00485138e+02
