<?xml version="1.0"?>
<opencv_storage>
<training_set_points type_id="opencv-matrix">
  <rows>102</rows>
  <cols>15</cols>
  <dt>f</dt>
  <data>
    9.72416687e+01 9.65584106e+01 9.66348648e+01 9.72381821e+01
    9.81451416e+01 9.90493698e+01 9.93783646e+01 9.99938126e+01
    1.00331192e+02 1.00435257e+02 1.00082275e+02 1.00445374e+02
    1.00176147e+02 1.00349594e+02 1.00845810e+02 8.47358856e+01
    8.51626511e+01 8.51971817e+01 8.59528656e+01 8.64189301e+01
    8.72429276e+01 8.75437469e+01 8.78823624e+01 8.76638870e+01
    8.71169357e+01 8.67892456e+01 8.68191147e+01 8.66951828e+01
    8.66132507e+01 8.58590012e+01 1.14472893e+02 1.14196075e+02
    1.11793060e+02 1.10805519e+02 1.09999451e+02 1.09425209e+02
    1.09264282e+02 1.09715561e+02 1.09711319e+02 1.09352608e+02
    1.09064339e+02 1.09308952e+02 1.09220306e+02 1.09338196e+02
    1.09801544e+02 1.13882050e+02 1.14386940e+02 1.15055290e+02
    1.14575546e+02 1.14746338e+02 1.14490173e+02 1.14995140e+02
    1.15126816e+02 1.14854866e+02 1.14521736e+02 1.14410065e+02
    1.14328041e+02 1.14607910e+02 1.14873665e+02 1.15676308e+02
    1.16932343e+02 1.17141602e+02 1.17756020e+02 1.18016060e+02
    1.18126434e+02 1.18357010e+02 1.19028999e+02 1.19343971e+02
    1.18493332e+02 1.17876198e+02 1.17646484e+02 1.17576675e+02
    1.18009979e+02 1.17990829e+02 1.18149712e+02 1.10690659e+02
    1.10840851e+02 1.11863777e+02 1.11930122e+02 1.12185112e+02
    1.12415482e+02 1.12954292e+02 1.12619064e+02 1.11825432e+02
    1.11153336e+02 1.11270630e+02 1.11107277e+02 1.11503632e+02
    1.11286331e+02 1.11348236e+02 7.69001770e+01 7.68584595e+01
    7.60112457e+01 7.60085907e+01 7.64251938e+01 7.65801163e+01
    7.65559616e+01 7.66257324e+01 7.68102188e+01 7.60643463e+01
    7.53256912e+01 7.59664917e+01 7.54814148e+01 7.54093475e+01
    7.57027435e+01 6.94997559e+01 6.95629807e+01 6.87383194e+01
    6.90115204e+01 6.92153244e+01 6.93322372e+01 6.95843735e+01
    6.94944458e+01 7.00989761e+01 6.96427612e+01 6.83943024e+01
    6.88987503e+01 6.86482620e+01 6.83588257e+01 6.89977722e+01
    9.22637558e+01 9.33829117e+01 9.42005615e+01 9.47966461e+01
    9.49614563e+01 9.59757080e+01 9.61578369e+01 9.65237122e+01
    9.64659576e+01 9.62173309e+01 9.58504410e+01 9.56383438e+01
    9.55747299e+01 9.54978027e+01 9.54620972e+01 1.12815308e+02
    1.13290283e+02 1.12066208e+02 1.11785210e+02 1.11759850e+02
    1.11879204e+02 1.11869942e+02 1.12275536e+02 1.12429260e+02
    1.12021545e+02 1.11388367e+02 1.11389771e+02 1.11246292e+02
    1.11459183e+02 1.11979774e+02 1.20096054e+02 1.19576057e+02
    1.19119171e+02 1.18904968e+02 1.19202118e+02 1.19402100e+02
    1.19278984e+02 1.19756836e+02 1.19536362e+02 1.19073402e+02
    1.18500648e+02 1.18466087e+02 1.18430305e+02 1.18226379e+02
    1.19199738e+02 1.20127937e+02 1.20364098e+02 1.21004768e+02
    1.20987015e+02 1.21490791e+02 1.21612389e+02 1.22085709e+02
    1.22444962e+02 1.21694611e+02 1.21320084e+02 1.21522896e+02
    1.21503868e+02 1.21894211e+02 1.22035339e+02 1.22919434e+02
    8.44614182e+01 8.50136261e+01 8.55032959e+01 8.56150589e+01
    8.58706131e+01 8.59949799e+01 8.63859100e+01 8.65726166e+01
    8.61139145e+01 8.55871582e+01 8.52335510e+01 8.51393509e+01
    8.48114395e+01 8.49494019e+01 8.39420090e+01 1.14791550e+02
    1.15406433e+02 1.15360245e+02 1.15824539e+02 1.15951485e+02
    1.15846115e+02 1.16189507e+02 1.16167564e+02 1.15880623e+02
    1.15318558e+02 1.14880234e+02 1.15205345e+02 1.14904907e+02
    1.14670181e+02 1.15339493e+02 7.65269089e+01 7.71147156e+01
    7.77681885e+01 7.74255371e+01 7.73266373e+01 7.78442841e+01
    7.73900452e+01 7.75633545e+01 7.69000931e+01 7.63757095e+01
    7.60655060e+01 7.58818207e+01 7.56531372e+01 7.58985672e+01
    7.58355103e+01 1.11515022e+02 1.11675575e+02 1.12011139e+02
    1.11970268e+02 1.12576035e+02 1.12597878e+02 1.13402893e+02
    1.13366486e+02 1.12877457e+02 1.12672325e+02 1.12782043e+02
    1.12286041e+02 1.12484131e+02 1.12561890e+02 1.13143280e+02
    8.16473465e+01 8.16442642e+01 8.18356476e+01 8.20120239e+01
    8.21970291e+01 8.23402328e+01 8.23812943e+01 8.26233368e+01
    8.20260086e+01 8.16329651e+01 8.13417511e+01 8.14426498e+01
    8.19172668e+01 8.21033859e+01 8.20746307e+01 1.15180984e+02
    1.14436989e+02 1.10788239e+02 1.09738098e+02 1.09521065e+02
    1.10286774e+02 1.11050125e+02 1.11093262e+02 1.10459724e+02
    1.10941391e+02 1.12299133e+02 1.12546478e+02 1.11683060e+02
    1.11885971e+02 1.09270447e+02 1.17576118e+02 1.18785217e+02
    1.20466896e+02 1.20786606e+02 1.21163109e+02 1.22062485e+02
    1.21311806e+02 1.20422981e+02 1.19122513e+02 1.19059448e+02
    1.19054878e+02 1.19523788e+02 1.19202995e+02 1.20359871e+02
    1.18468483e+02 1.11962975e+02 1.11296066e+02 1.11977188e+02
    1.11958832e+02 1.11979408e+02 1.12217484e+02 1.12526306e+02
    1.11966148e+02 1.11089447e+02 1.10428955e+02 1.10397247e+02
    1.10278412e+02 1.10321594e+02 1.10452530e+02 1.08892372e+02
    7.76696548e+01 7.83118591e+01 7.83852844e+01 7.86840210e+01
    7.90048523e+01 7.95420990e+01 7.93915710e+01 7.90890732e+01
    7.92519989e+01 7.90587158e+01 7.82237473e+01 7.84589081e+01
    7.80780716e+01 7.82868652e+01 7.89212723e+01 1.08200882e+02
    1.09717773e+02 1.10755043e+02 1.10460701e+02 1.10851624e+02
    1.11401375e+02 1.09727112e+02 1.08911873e+02 1.07431412e+02
    1.07484932e+02 1.07844292e+02 1.06974991e+02 1.07423622e+02
    1.08109154e+02 1.05080956e+02 1.13487709e+02 1.14414337e+02
    1.15807358e+02 1.16214928e+02 1.16635437e+02 1.16929184e+02
    1.17248688e+02 1.16469147e+02 1.15630188e+02 1.15207352e+02
    1.15011597e+02 1.14746651e+02 1.14351830e+02 1.14793434e+02
    1.12677498e+02 7.46604156e+01 7.53204498e+01 7.52396851e+01
    7.52131271e+01 7.56339188e+01 7.58775330e+01 7.61256332e+01
    7.59363403e+01 7.61465454e+01 7.55593643e+01 7.50714340e+01
    7.54487228e+01 7.53598022e+01 7.55487366e+01 7.66613693e+01
    8.20932693e+01 8.34186096e+01 8.53529129e+01 8.56416473e+01
    8.56651154e+01 8.69327393e+01 8.70802765e+01 8.70645142e+01
    8.57026901e+01 8.56685028e+01 8.66647263e+01 8.53214645e+01
    8.56606674e+01 8.65699005e+01 8.29513779e+01 7.49461670e+01
    7.75819931e+01 7.94586334e+01 7.99833984e+01 8.21186676e+01
    8.32393265e+01 8.48427353e+01 8.74264297e+01 8.60152206e+01
    8.70589523e+01 8.90822296e+01 8.81531372e+01 8.87214508e+01
    8.79698715e+01 7.67417068e+01 1.05710464e+02 1.06444122e+02
    1.07679733e+02 1.07349815e+02 1.07051613e+02 1.07623886e+02
    1.07222466e+02 1.06679672e+02 1.05149681e+02 1.04773369e+02
    1.05496437e+02 1.04897316e+02 1.05459457e+02 1.05801590e+02
    1.03729431e+02 9.77705765e+01 9.88708344e+01 1.01240517e+02
    1.01136978e+02 1.01406319e+02 1.01447037e+02 1.02120468e+02
    1.01787598e+02 1.00650276e+02 1.00176399e+02 1.00517281e+02
    1.00447197e+02 1.00764412e+02 1.00713837e+02 9.98035736e+01
    7.83792572e+01 7.77511063e+01 7.76745987e+01 7.78284454e+01
    7.84198380e+01 7.92029572e+01 7.92165451e+01 7.91592941e+01
    7.92994461e+01 7.86744766e+01 7.80034943e+01 7.82552490e+01
    7.79450531e+01 7.78013535e+01 7.75881653e+01 7.55366592e+01
    7.77770386e+01 8.05245514e+01 8.02442017e+01 8.13450012e+01
    8.14324417e+01 8.24929123e+01 8.30536652e+01 8.17918930e+01
    8.22965012e+01 8.37510376e+01 8.31324539e+01 8.41857681e+01
    8.52653961e+01 8.06280670e+01 1.04777351e+02 1.06172783e+02
    1.08643845e+02 1.09365799e+02 1.10303215e+02 1.10243988e+02
    1.11115707e+02 1.11767464e+02 1.11295670e+02 1.11434212e+02
    1.11575829e+02 1.12359573e+02 1.12696259e+02 1.12787209e+02
    1.13551758e+02 6.40735779e+01 6.76567993e+01 7.18611069e+01
    7.03820877e+01 7.06678848e+01 7.12763443e+01 7.19365387e+01
    7.26306763e+01 7.23762589e+01 7.25326385e+01 7.29823685e+01
    7.25035324e+01 7.27823029e+01 7.33799896e+01 7.16594467e+01
    7.34601898e+01 7.70943985e+01 8.16984558e+01 8.16198730e+01
    8.21520844e+01 8.26244583e+01 8.34054031e+01 8.34507065e+01
