<?xml version="1.0"?>
<opencv_storage>
<training_set_points type_id="opencv-matrix">
  <rows>103</rows>
  <cols>15</cols>
  <dt>f</dt>
  <data>
    1.13311592e+02 1.12840515e+02 1.11907333e+02 1.11480659e+02
    1.11046021e+02 1.10936829e+02 1.10455589e+02 1.10807190e+02
    1.09134254e+02 1.07557480e+02 1.06728188e+02 1.06201668e+02
    1.06521866e+02 1.06230148e+02 1.06752869e+02 8.85434647e+01
    8.93424759e+01 8.84557190e+01 8.73704376e+01 8.73263016e+01
    8.69327774e+01 8.66749878e+01 8.65214920e+01 8.42701035e+01
    8.23967896e+01 8.14019012e+01 8.13283234e+01 8.11980362e+01
    8.05493469e+01 8.04064484e+01 1.04904892e+02 1.05768440e+02
    1.06770264e+02 1.07369301e+02 1.08134216e+02 1.08514374e+02
    1.08868820e+02 1.09454926e+02 1.08007935e+02 1.06615807e+02
    1.07154121e+02 1.07383911e+02 1.07719780e+02 1.08142754e+02
    1.08100563e+02 1.06330818e+02 1.06091660e+02 1.05583229e+02
    1.05387772e+02 1.05276001e+02 1.05476570e+02 1.05867035e+02
    1.06145500e+02 1.04523842e+02 1.02855576e+02 1.03332642e+02
    1.03636368e+02 1.04123840e+02 1.04025589e+02 1.04193108e+02
    1.31571487e+02 1.29418762e+02 1.26595657e+02 1.26872139e+02
    1.26291245e+02 1.25683464e+02 1.24660599e+02 1.24429199e+02
    1.23139809e+02 1.21749062e+02 1.21339340e+02 1.20713104e+02
    1.21283058e+02 1.21626099e+02 1.21646072e+02 9.38927536e+01
    9.31243820e+01 9.21885147e+01 9.18832932e+01 9.13524094e+01
    9.12824936e+01 9.03212891e+01 9.06770935e+01 8.90110245e+01
    8.73197174e+01 8.67232819e+01 8.64821625e+01 8.66685791e+01
    8.65878220e+01 8.68594284e+01 1.01356644e+02 1.00703461e+02
    9.97193832e+01 9.88266296e+01 9.75758057e+01 9.75454178e+01
    9.68064117e+01 9.66150055e+01 9.47984772e+01 9.31199951e+01
    9.25076294e+01 9.18897018e+01 9.18360519e+01 9.15706329e+01
    9.19202271e+01 9.99854584e+01 9.99786606e+01 9.85851212e+01
    9.79376602e+01 9.67824173e+01 9.61751175e+01 9.51446457e+01
    9.48227692e+01 9.32473679e+01 9.15693893e+01 9.09996796e+01
    9.09224091e+01 9.11182709e+01 9.11109924e+01 9.14593201e+01
    1.25243309e+02 1.22234062e+02 1.17990295e+02 1.17548393e+02
    1.18539482e+02 1.19413803e+02 1.20269455e+02 1.20742722e+02
    1.19316948e+02 1.17913879e+02 1.18477203e+02 1.18858070e+02
    1.18914284e+02 1.19182663e+02 1.19390182e+02 9.79144516e+01
    9.73217316e+01 9.69943924e+01 9.68572540e+01 9.71389923e+01
    9.71784058e+01 9.76675644e+01 9.78849564e+01 9.61870728e+01
    9.43744431e+01 9.46815491e+01 9.48860626e+01 9.51620331e+01
    9.50936966e+01 9.54690247e+01 9.46175766e+01 9.57326355e+01
    9.68226242e+01 9.73639984e+01 9.81145020e+01 9.83162155e+01
    9.87162933e+01 9.92814484e+01 9.75216217e+01 9.58820496e+01
    9.63587112e+01 9.64095154e+01 9.65471573e+01 9.67447586e+01
    9.69005737e+01 9.47050552e+01 9.51274338e+01 9.52936478e+01
    9.53880997e+01 9.56079102e+01 9.54079590e+01 9.55782928e+01
    9.56386871e+01 9.39860611e+01 9.24432602e+01 9.29651642e+01
    9.31938858e+01 9.35428391e+01 9.36211243e+01 9.36171265e+01
    1.00907158e+02 1.00509590e+02 9.98700104e+01 9.92710876e+01
    9.91536331e+01 9.88948364e+01 9.85952530e+01 9.83780518e+01
    9.66308365e+01 9.49710693e+01 9.46465530e+01 9.43909531e+01
    9.46940384e+01 9.44724960e+01 9.46720657e+01 9.92990036e+01
    9.98948059e+01 9.98110504e+01 9.95529404e+01 9.96371155e+01
    9.96853333e+01 9.96975784e+01 9.98183823e+01 9.82643127e+01
    9.65814972e+01 9.62869568e+01 9.62106552e+01 9.62351837e+01
    9.63375778e+01 9.65154724e+01 1.04435555e+02 1.04178192e+02
    1.04204666e+02 1.04239372e+02 1.03878555e+02 1.04029381e+02
    1.04028145e+02 1.04124779e+02 1.02390213e+02 1.00477631e+02
    1.00566360e+02 1.00808670e+02 1.01092049e+02 1.00964142e+02
    1.00888023e+02 9.66095886e+01 9.64655304e+01 9.63642883e+01
    9.65528030e+01 9.66896973e+01 9.65881577e+01 9.70305176e+01
    9.72446747e+01 9.52149734e+01 9.38802719e+01 9.37877808e+01
    9.38388367e+01 9.40049133e+01 9.40564575e+01 9.41300354e+01
    1.12036644e+02 1.14241951e+02 1.17205643e+02 1.17691452e+02
    1.17904526e+02 1.18267029e+02 1.17985092e+02 1.17362450e+02
    1.15684555e+02 1.14515396e+02 1.13140167e+02 1.12411774e+02
    1.12414223e+02 1.12177193e+02 1.12364075e+02 6.88592377e+01
    7.34234085e+01 8.41341553e+01 8.78284912e+01 8.92104034e+01
    8.94097137e+01 8.92016068e+01 8.90394440e+01 8.60626755e+01
    8.34059448e+01 8.22729111e+01 8.14277878e+01 8.05180740e+01
    7.95229111e+01 7.81021652e+01 1.05470573e+02 1.04991074e+02
    1.04285568e+02 1.04113617e+02 1.03983322e+02 1.03680801e+02
    1.03337349e+02 1.02959976e+02 1.01466797e+02 9.93058701e+01
    9.86332092e+01 9.80076065e+01 9.80071945e+01 9.75845947e+01
    9.79983826e+01 1.13412094e+02 1.13519363e+02 1.13602119e+02
    1.13431198e+02 1.13507523e+02 1.13568268e+02 1.13548126e+02
    1.13557526e+02 1.12142700e+02 1.10488197e+02 1.10256622e+02
    1.10343796e+02 1.10350159e+02 1.10555908e+02 1.10427345e+02
    7.15962982e+01 7.84228210e+01 9.03344345e+01 9.63918991e+01
    9.89469452e+01 9.94708862e+01 9.95489273e+01 9.95920563e+01
    9.71481628e+01 9.45014801e+01 9.32652893e+01 9.24862442e+01
    9.11898727e+01 8.95205994e+01 8.84186707e+01 8.14987106e+01
    8.46376343e+01 9.18977585e+01 9.64876938e+01 9.76078491e+01
    9.75724258e+01 9.62678604e+01 9.59326019e+01 9.38608704e+01
    9.14834366e+01 9.04150238e+01 8.90531082e+01 8.82731628e+01
    8.74266739e+01 8.64979172e+01 6.68397903e+01 7.21836929e+01
    7.95598679e+01 8.39534149e+01 8.55664978e+01 8.58987122e+01
    8.58011780e+01 8.61152802e+01 8.37069397e+01 8.10615082e+01
    8.04115219e+01 8.00777512e+01 7.95319824e+01 7.89319000e+01
    7.80097580e+01 9.60760269e+01 9.52437897e+01 9.51594238e+01
    9.52148972e+01 9.52420654e+01 9.51035538e+01 9.49218063e+01
    9.47169952e+01 9.32736588e+01 9.14439468e+01 9.09819641e+01
    9.08949661e+01 9.08561401e+01 9.10021439e+01 9.09861984e+01
    7.54331970e+01 8.23774261e+01 9.31620789e+01 9.88466873e+01
    1.00836624e+02 1.01416412e+02 1.00808464e+02 1.00485741e+02
    9.81810532e+01 9.53853302e+01 9.43615112e+01 9.31614227e+01
    9.20369415e+01 9.07142792e+01 8.95779800e+01 6.41908722e+01
    6.87586060e+01 7.63930054e+01 8.26008987e+01 8.72295685e+01
    8.97371521e+01 9.09710541e+01 9.14191513e+01 8.93528137e+01
    8.73775330e+01 8.68070068e+01 8.57411423e+01 8.51449127e+01
    8.45876007e+01 8.36335907e+01 6.75203018e+01 7.40893402e+01
    8.34049683e+01 8.71232605e+01 8.79018097e+01 8.64085846e+01
    8.40737839e+01 8.25878143e+01 7.95960236e+01 7.62259598e+01
    7.35319977e+01 7.15408783e+01 7.03295441e+01 6.88213120e+01
    6.76229095e+01 7.49734879e+01 8.06618576e+01 8.92377472e+01
    9.42187424e+01 9.74659271e+01 9.94193115e+01 1.00461639e+02
    1.00945686e+02 9.83812027e+01 9.58033142e+01 9.59011459e+01
    9.48343582e+01 9.41993332e+01 9.37980499e+01 9.29461670e+01
    6.63367004e+01 7.33763962e+01 8.28846283e+01 8.73745270e+01
    8.86519852e+01 8.75395355e+01 8.54187927e+01 8.40946198e+01
    8.12781296e+01 7.77923279e+01 7.46670303e+01 7.23248138e+01
    7.11410065e+01 6.93455353e+01 6.81116486e+01 7.87143250e+01
    8.40123367e+01 9.21425781e+01 9.70718002e+01 1.01476883e+02
    1.04417656e+02 1.06810913e+02 1.08601425e+02 1.07095375e+02
    1.05234367e+02 1.05166275e+02 1.05410034e+02 1.05907310e+02
    1.05391838e+02 1.05069031e+02 1.07441910e+02 1.08018761e+02
    1.07852936e+02 1.07557999e+02 1.07478249e+02 1.07597084e+02
    1.07508438e+02 1.07458878e+02 1.05914673e+02 1.03976791e+02
    1.03912956e+02 1.03931511e+02 1.03726868e+02 1.03996429e+02
    1.03780380e+02 6.27768860e+01 7.11832886e+01 8.18704453e+01
    8.63932648e+01 8.83391571e+01 8.88356628e+01 8.90149078e+01
    8.89013977e+01 8.69848862e+01 8.42391739e+01 8.31707230e+01
    8.21629715e+01 8.14310226e+01 7.95213852e+01 7.84858322e+01
    7.42123642e+01 7.73579559e+01 8.02168503e+01 8.30128937e+01
    8.60428162e+01 8.89084091e+01 9.13541107e+01 9.34352188e+01
