<?xml version="1.0"?>
<opencv_storage>
<training_set_points type_id="opencv-matrix">
  <rows>102</rows>
  <cols>15</cols>
  <dt>f</dt>
  <data>
    7.45091629e+01 7.44676895e+01 7.34124527e+01 7.23213882e+01
    7.38826294e+01 7.43538513e+01 7.03946533e+01 7.16187057e+01
    7.20771332e+01 7.13741913e+01 7.18339081e+01 7.24147263e+01
    7.18666534e+01 7.40454559e+01 7.42789230e+01 7.88688049e+01
    7.98865280e+01 8.02703094e+01 7.85095062e+01 7.85923920e+01
    7.89621353e+01 7.87441025e+01 7.88522263e+01 7.81447067e+01
    7.72976990e+01 7.69831314e+01 7.71244125e+01 7.69934387e+01
    7.83144684e+01 7.83387070e+01 8.29209824e+01 7.63964996e+01
    7.56109543e+01 7.54521942e+01 7.64444122e+01 7.68271332e+01
    7.54236755e+01 7.46689301e+01 7.39797897e+01 7.47489166e+01
    7.51675873e+01 7.59141998e+01 7.55679550e+01 7.76237793e+01
    7.72504425e+01 8.32452621e+01 8.38547134e+01 7.93650665e+01
    7.73738861e+01 7.78008957e+01 7.90221252e+01 7.45324326e+01
    7.40121155e+01 7.42899628e+01 7.45031815e+01 7.49777069e+01
    7.56071548e+01 7.49884033e+01 7.65809021e+01 7.65290527e+01
    7.70571136e+01 7.97374954e+01 8.10533905e+01 7.96106110e+01
    7.95343552e+01 7.95296097e+01 7.74054947e+01 7.54946060e+01
    7.44199982e+01 7.45701294e+01 7.47371216e+01 7.51784592e+01
    7.50114365e+01 7.70199890e+01 7.73857193e+01 8.34669495e+01
    8.04101868e+01 8.41577301e+01 8.11910706e+01 7.78210373e+01
    7.71077042e+01 7.64088593e+01 7.60423126e+01 7.56493454e+01
    7.39964676e+01 7.27354660e+01 7.29339600e+01 7.30818253e+01
    7.40107803e+01 7.40157623e+01 7.35975189e+01 7.56813126e+01
    7.67403870e+01 7.57031403e+01 7.66837616e+01 7.71968079e+01
    7.66141891e+01 7.60716858e+01 7.57422867e+01 7.52248459e+01
    7.56524658e+01 7.58627319e+01 7.48052826e+01 7.74180145e+01
    7.73517990e+01 8.17784348e+01 7.99340286e+01 7.97039032e+01
    7.79325333e+01 7.84614944e+01 7.80587082e+01 7.78061371e+01
    7.68237000e+01 7.54838257e+01 7.51182861e+01 7.53597794e+01
    7.56884155e+01 7.48058090e+01 7.67359390e+01 7.81557617e+01
    7.34318542e+01 7.02552948e+01 6.85037231e+01 6.79369888e+01
    6.98603745e+01 7.04674911e+01 7.36263657e+01 7.35987396e+01
    7.41388626e+01 7.22618713e+01 6.95854187e+01 6.92090607e+01
    7.10733261e+01 7.03232269e+01 7.18425369e+01 7.56322403e+01
    7.87287140e+01 7.92408752e+01 7.75076218e+01 7.79131393e+01
    7.79743423e+01 7.73664017e+01 7.60436096e+01 7.50291443e+01
    7.40173569e+01 7.39676895e+01 7.43321991e+01 7.35724335e+01
    7.62206497e+01 7.75859985e+01 6.62226562e+01 6.88460312e+01
    7.37356567e+01 7.29396515e+01 7.30869370e+01 7.29161072e+01
    7.26170120e+01 7.30242233e+01 7.25434875e+01 7.19296951e+01
    7.33501663e+01 7.42580414e+01 7.23182144e+01 7.66936951e+01
    7.65347824e+01 7.59617920e+01 7.64872894e+01 7.94646454e+01
    7.82234726e+01 7.84505692e+01 7.78822250e+01 7.57039490e+01
    7.45876160e+01 7.42756882e+01 7.51342697e+01 7.48832932e+01
    7.55642471e+01 7.53874054e+01 7.71497726e+01 7.67649689e+01
    7.02443085e+01 7.43049469e+01 7.68259735e+01 7.53531647e+01
    7.59770432e+01 7.60077438e+01 7.74019165e+01 7.61083221e+01
    7.44478531e+01 7.36265945e+01 7.42682419e+01 7.45112610e+01
    7.32660751e+01 7.65172577e+01 7.75979156e+01 7.09256439e+01
    6.82675781e+01 6.78868027e+01 6.78019638e+01 7.02434082e+01
    7.07016144e+01 7.28083191e+01 7.30644150e+01 7.17032852e+01
    7.15000153e+01 7.19948273e+01 7.25064621e+01 7.16991196e+01
    7.33455200e+01 7.34264450e+01 7.71894302e+01 7.81784363e+01
    7.77841034e+01 7.80453033e+01 7.89553757e+01 7.91371994e+01
    7.72330170e+01 7.67217712e+01 7.71357880e+01 7.73999252e+01
    7.54576035e+01 7.56235809e+01 7.72041473e+01 7.69289322e+01
    7.65851822e+01 6.80415421e+01 6.85645447e+01 6.95734100e+01
    6.68447037e+01 6.80442276e+01 6.83588562e+01 7.04471054e+01
    6.86023407e+01 6.64206696e+01 6.72297821e+01 6.79333954e+01
    6.85878906e+01 6.72816010e+01 7.09721451e+01 7.14395142e+01
    7.21536026e+01 8.10851593e+01 8.98455811e+01 9.55103455e+01
    1.01370163e+02 1.01205536e+02 9.96290054e+01 9.42775879e+01
    8.44893875e+01 8.33698273e+01 8.26673660e+01 8.39563751e+01
    8.21270294e+01 8.27447433e+01 8.39121628e+01 6.92513275e+01
    7.05244827e+01 6.94091492e+01 6.82039413e+01 6.90631638e+01
    6.97957458e+01 6.77558517e+01 6.78460922e+01 6.75409470e+01
    6.84456100e+01 6.88112640e+01 6.95280304e+01 6.86916504e+01
    7.20018692e+01 7.28917465e+01 7.34486694e+01 7.44532623e+01
    7.39353561e+01 7.35389023e+01 7.37501144e+01 7.37785645e+01
    7.10206909e+01 7.16116028e+01 7.17893677e+01 7.27310486e+01
    7.25367432e+01 7.28655167e+01 7.27295227e+01 7.49718552e+01
    7.52451630e+01 4.43617821e+01 6.76033936e+01 7.80669861e+01
    7.84370728e+01 7.90299835e+01 7.55590591e+01 7.89561005e+01
    7.53663177e+01 7.29662628e+01 7.36296997e+01 7.46931152e+01
    7.52741852e+01 7.44059143e+01 7.68020401e+01 7.94375000e+01
    6.77800293e+01 6.80739288e+01 6.80981598e+01 6.64664764e+01
    6.76066589e+01 6.79816437e+01 7.06079025e+01 7.17931366e+01
    7.11634903e+01 7.04711838e+01 7.02225342e+01 7.03587875e+01
    7.01786728e+01 7.15267792e+01 7.13283463e+01 6.80934219e+01
    6.99018402e+01 7.06640625e+01 6.84024963e+01 6.97032776e+01
    6.97195892e+01 6.84705887e+01 6.85760880e+01 6.92688293e+01
    6.85045013e+01 6.65229568e+01 6.63615036e+01 6.79537811e+01
    6.72443771e+01 6.73705215e+01 6.21607819e+01 5.04439621e+01
    5.29945755e+01 5.19103203e+01 5.83626328e+01 5.51873779e+01
    6.68082886e+01 6.64121857e+01 6.18454132e+01 6.59041672e+01
    6.86682434e+01 7.02793350e+01 6.83447113e+01 7.19591370e+01
    7.27171860e+01 7.00287857e+01 6.69701614e+01 6.74470978e+01
    6.71426926e+01 6.77578659e+01 6.78501511e+01 6.78075104e+01
    6.79569397e+01 6.75445023e+01 6.77686005e+01 6.76251755e+01
    6.82918930e+01 6.78517227e+01 7.03598709e+01 7.01474915e+01
    6.43356323e+01 6.50680771e+01 6.55731888e+01 6.40824890e+01
    6.40429688e+01 6.33311768e+01 6.17412186e+01 6.09975777e+01
    6.04569435e+01 6.06986961e+01 6.05158081e+01 6.11113167e+01
    6.06188011e+01 6.26047363e+01 6.20413742e+01 6.59392319e+01
    6.72055130e+01 6.71652527e+01 6.63053513e+01 6.72551880e+01
    6.72705536e+01 6.81153946e+01 6.87227707e+01 6.85510254e+01
    6.74299240e+01 6.69184570e+01 6.69109497e+01 6.69584351e+01
    6.78671188e+01 6.70929337e+01 5.17871513e+01 5.39319038e+01
    6.65447388e+01 6.74314575e+01 7.04007721e+01 7.11575775e+01
    7.22623596e+01 7.21472778e+01 7.09571609e+01 6.90377426e+01
    6.86667480e+01 6.88562241e+01 6.82350388e+01 6.85556335e+01
    6.81554031e+01 6.44249573e+01 5.86229477e+01 5.67241058e+01
    5.01828995e+01 5.42637405e+01 5.71143379e+01 7.63458176e+01
    7.73035202e+01 7.55523300e+01 7.55983505e+01 7.68022537e+01
    7.75948029e+01 7.58470612e+01 7.88393631e+01 7.99198761e+01
    6.50044327e+01 6.81083908e+01 7.35542984e+01 7.25266800e+01
    7.26131744e+01 7.24092636e+01 7.29184494e+01 7.16828079e+01
    7.01087189e+01 7.02359009e+01 7.03890762e+01 7.10752029e+01
    6.99692459e+01 7.31953812e+01 7.42267456e+01 6.70966568e+01
    6.50128021e+01 6.44107437e+01 6.24995193e+01 6.24757767e+01
    6.17912521e+01 6.10545731e+01 5.99400253e+01 5.87759209e+01
    5.88003235e+01 5.87701912e+01 5.90719795e+01 5.85389252e+01
    6.07654381e+01 6.09419708e+01 7.62563477e+01 7.19491577e+01
    6.50334091e+01 6.27727737e+01 6.34829445e+01 6.34339371e+01
    6.55324249e+01 6.51677780e+01 6.38829041e+01 6.46494980e+01
    6.52048874e+01 6.60766907e+01 6.48185043e+01 6.83454132e+01
    6.88625870e+01 6.78727036e+01 6.59899063e+01 6.99017181e+01
    8.06505585e+01 8.55823441e+01 8.98223648e+01 6.99538803e+01
    7.36278000e+01 7.60528717e+01 7.21972275e+01 6.98025589e+01
    7.03599777e+01 7.26577759e+01 6.74461670e+01 6.25651741e+01
    6.62789459e+01 6.31580315e+01 6.62507706e+01 7.00526047e+01
    7.55668793e+01 8.02131882e+01 7.07275696e+01 6.89053116e+01
