<?xml version="1.0"?>
<opencv_storage>
<training_set_points type_id="opencv-matrix">
  <rows>100</rows>
  <cols>15</cols>
  <dt>f</dt>
  <data>
    5.38412704e+01 5.34095840e+01 5.09356537e+01 5.12237129e+01
    5.10039024e+01 5.16510010e+01 5.59389496e+01 5.35165710e+01
    5.33072128e+01 5.48783760e+01 5.53530388e+01 5.64138489e+01
    5.71478958e+01 5.63658829e+01 5.66392288e+01 4.45450668e+01
    4.64711609e+01 4.77790070e+01 4.74666290e+01 4.83587112e+01
    4.84256248e+01 5.12641869e+01 4.74680519e+01 4.78024635e+01
    4.90713348e+01 4.92560616e+01 5.02202797e+01 5.02814484e+01
    5.10697670e+01 5.13334846e+01 6.09729996e+01 6.26051598e+01
    6.33485985e+01 6.41309509e+01 6.39590187e+01 6.48578568e+01
    6.75519409e+01 6.70161667e+01 6.68075409e+01 6.73890076e+01
    6.80794678e+01 6.88912201e+01 7.00247116e+01 6.90125809e+01
    7.05806885e+01 6.17039299e+01 6.52091980e+01 6.77470245e+01
    6.73146210e+01 6.80686340e+01 6.90564804e+01 7.04765167e+01
    7.07075424e+01 7.10335541e+01 6.97702560e+01 7.00016785e+01
    7.02681885e+01 7.00807495e+01 7.21711349e+01 7.19565735e+01
    6.70770035e+01 7.14337463e+01 7.49372711e+01 7.50816269e+01
    7.59471893e+01 7.68849487e+01 7.74808884e+01 7.87001495e+01
    7.83868790e+01 7.80152588e+01 7.86235962e+01 7.86869125e+01
    7.85996475e+01 7.97404022e+01 7.97011795e+01 5.86561852e+01
    6.28830299e+01 6.69647903e+01 6.79415665e+01 6.82670746e+01
    6.89230804e+01 6.97521515e+01 6.96936798e+01 6.92603226e+01
    6.81610031e+01 6.89382095e+01 6.88387680e+01 6.91615982e+01
    6.93291779e+01 6.92336578e+01 2.86512432e+01 3.60528336e+01
    3.69742012e+01 4.43080482e+01 3.94557800e+01 3.99189453e+01
    5.57292557e+01 4.71617775e+01 4.94338226e+01 5.86567726e+01
    5.93381691e+01 6.13191452e+01 6.25568008e+01 6.05827675e+01
    6.18772583e+01 6.83294678e+01 7.12484131e+01 7.37689972e+01
    7.29023438e+01 7.42177658e+01 7.50919495e+01 7.42595673e+01
    7.58853378e+01 7.59784393e+01 7.32430115e+01 7.37541122e+01
    7.36046600e+01 7.34291916e+01 7.59058228e+01 7.57604904e+01
    6.53271027e+01 6.87896271e+01 7.13126526e+01 7.09592896e+01
    7.18726425e+01 7.23296661e+01 7.27400970e+01 7.37126999e+01
    7.29032745e+01 7.19434814e+01 7.26791992e+01 7.26721725e+01
    7.30430374e+01 7.36981201e+01 7.39467468e+01 6.47493362e+01
    6.84234009e+01 7.38892136e+01 7.38780365e+01 7.38778076e+01
    7.46048126e+01 7.54203186e+01 7.55154953e+01 7.50129623e+01
    7.48248749e+01 7.56498566e+01 7.60094604e+01 7.63087769e+01
    7.65031738e+01 7.64082794e+01 5.56349220e+01 5.87774658e+01
    6.36449127e+01 6.43252869e+01 6.43792877e+01 6.48635330e+01
    6.62456970e+01 6.56484451e+01 6.53367615e+01 6.40815506e+01
    6.45283279e+01 6.41136398e+01 6.48329315e+01 6.51203537e+01
    6.52496872e+01 6.77517548e+01 7.05323181e+01 7.31931305e+01
    7.22837906e+01 7.33210907e+01 7.42159882e+01 7.32896423e+01
    7.44582901e+01 7.47183685e+01 7.26317215e+01 7.31773376e+01
    7.28327103e+01 7.20843353e+01 7.50821381e+01 7.47457886e+01
    5.32536507e+01 5.49041634e+01 6.22007408e+01 6.17773666e+01
    6.26819153e+01 6.33223610e+01 6.28163643e+01 6.36750870e+01
    6.25098648e+01 5.92284088e+01 6.02006836e+01 5.88654671e+01
    5.90988503e+01 5.97198029e+01 5.80775108e+01 6.23507538e+01
    6.63181458e+01 6.89229202e+01 6.87699432e+01 6.97483063e+01
    7.03749847e+01 7.14881363e+01 7.14056473e+01 7.16603317e+01
    7.08648682e+01 7.11594772e+01 7.13321381e+01 7.07846603e+01
    7.28770523e+01 7.27907486e+01 6.10711060e+01 6.39668732e+01
    6.65831528e+01 6.70937653e+01 6.70211258e+01 6.76553421e+01
    6.96931305e+01 6.89306030e+01 6.85442123e+01 6.80754318e+01
    6.90748367e+01 6.83629761e+01 6.90971527e+01 6.87943420e+01
    6.83811340e+01 4.60452118e+01 4.81895866e+01 5.25391884e+01
    5.38669777e+01 5.29965096e+01 5.34945259e+01 5.79618988e+01
    5.48540306e+01 5.53578606e+01 5.54487953e+01 5.56874542e+01
    5.64750443e+01 5.70192108e+01 5.74550438e+01 5.79224052e+01
    6.08977242e+01 6.36552315e+01 6.64591827e+01 6.58253326e+01
    6.64666061e+01 6.73217697e+01 6.71500397e+01 6.77314453e+01
    6.72790070e+01 6.38852730e+01 6.41848297e+01 6.33301926e+01
    6.29691963e+01 6.55311432e+01 6.47660141e+01 8.69588852e+01
    8.10412903e+01 1.14469086e+02 8.10445709e+01 7.72794037e+01
    7.77114029e+01 7.73454285e+01 8.11180420e+01 7.67227325e+01
    7.74895935e+01 8.18840637e+01 7.67181320e+01 7.68057861e+01
    7.69726562e+01 7.82254105e+01 6.27563515e+01 6.54885254e+01
    6.75708160e+01 6.68292389e+01 6.71471558e+01 6.76124725e+01
    6.78539276e+01 6.73845139e+01 6.75546722e+01 6.63944092e+01
    6.66706161e+01 6.73160858e+01 6.81216049e+01 6.72287064e+01
    6.75567703e+01 8.05114670e+01 8.58256989e+01 7.92088470e+01
    7.43379059e+01 7.71192245e+01 7.91051178e+01 7.57319031e+01
    7.77600098e+01 7.78579178e+01 7.46110001e+01 7.55061188e+01
    7.47612457e+01 7.49851685e+01 7.72288895e+01 7.97492447e+01
    6.63139954e+01 6.78897018e+01 6.98315125e+01 6.88946457e+01
    6.97703552e+01 7.01659622e+01 6.95002441e+01 6.94329147e+01
    6.94146652e+01 6.73262253e+01 6.75156555e+01 6.75666962e+01
    6.72806702e+01 6.77768860e+01 6.77359161e+01 4.92390251e+01
    5.18021164e+01 5.47228317e+01 5.53879547e+01 5.50996590e+01
    5.54341202e+01 5.87456169e+01 5.64536095e+01 5.65288544e+01
    5.58694878e+01 5.62668762e+01 5.66832581e+01 5.68544807e+01
    5.81892815e+01 5.82769279e+01 1.39355179e+02 9.70532532e+01
    8.43429260e+01 7.39738312e+01 8.89629364e+01 9.50253525e+01
    8.06615295e+01 8.61429367e+01 9.59232025e+01 8.47930908e+01
    8.39730606e+01 8.43681488e+01 8.39675217e+01 9.18685455e+01
    9.61320572e+01 7.33167953e+01 7.30657578e+01 7.17893829e+01
    7.13771515e+01 7.26121826e+01 7.41062088e+01 7.48744965e+01
    7.53414841e+01 7.64426804e+01 7.89798889e+01 7.98390884e+01
    8.28209152e+01 8.35526199e+01 8.43423996e+01 8.60278397e+01
    6.68008804e+01 6.70888443e+01 6.70267487e+01 6.71908264e+01
    6.67140961e+01 6.69876404e+01 6.84229507e+01 6.75311966e+01
    6.74636154e+01 6.60770111e+01 6.63526611e+01 6.58285446e+01
    6.62365799e+01 6.66973724e+01 6.61843567e+01 6.39673462e+01
    6.51172104e+01 6.71674118e+01 6.75055466e+01 6.89285431e+01
    6.98913422e+01 7.35873795e+01 7.30004196e+01 7.42097626e+01
    7.76336670e+01 7.91879196e+01 8.05637131e+01 8.08669434e+01
    8.08407516e+01 8.07578125e+01 4.98468857e+01 5.11059380e+01
    5.37638588e+01 5.37100945e+01 5.45377045e+01 5.51230354e+01
    5.71000519e+01 5.50656776e+01 5.50584030e+01 5.42386322e+01
    5.47000656e+01 5.59349442e+01 5.74294205e+01 5.66761398e+01
    5.69322472e+01 8.53799667e+01 7.61090012e+01 8.33694000e+01
    8.28410492e+01 7.82925720e+01 7.65387650e+01 7.51383896e+01
    7.54036026e+01 7.66751404e+01 7.83570023e+01 7.97251511e+01
    8.07312851e+01 8.47146988e+01 8.33362579e+01 8.32424622e+01
    8.55346146e+01 8.01926422e+01 7.68852997e+01 7.63241806e+01
    7.99953766e+01 8.17719955e+01 7.71582947e+01 8.08711319e+01
    8.07337875e+01 7.76869736e+01 7.87656784e+01 8.15734558e+01
    8.10096436e+01 8.44516068e+01 8.61959152e+01 5.88377876e+01
    6.16851883e+01 6.37325821e+01 6.25298080e+01 6.31472244e+01
    6.34792633e+01 6.38477097e+01 6.33624191e+01 6.27349319e+01
    6.12346687e+01 6.16763000e+01 6.15020180e+01 6.18604584e+01
    6.15935249e+01 6.12938957e+01 5.36485443e+01 5.76704979e+01
    6.00555534e+01 6.03587151e+01 5.97222786e+01 5.97450981e+01
    6.31292801e+01 6.07957649e+01 6.06300354e+01 6.12453918e+01
    6.12691269e+01 6.12206841e+01 6.02848778e+01 6.25354080e+01
    6.21272812e+01 8.28702469e+01 7.83039703e+01 7.41301498e+01
    7.52853775e+01 7.57229843e+01 7.71998901e+01 7.91218872e+01
    7.99403076e+01 8.06750565e+01 8.06994553e+01 8.17749863e+01
    8.26266251e+01 8.41779938e+01 8.42853394e+01 8.46557693e+01
    6.58659821e+01 6.05897293e+01 6.55967026e+01 6.69616776e+01
    6.84063492e+01 7.03468857e+01 7.27863388e+01 7.30957870e+01
