<?xml version="1.0"?>
<opencv_storage>
<training_set_points type_id="opencv-matrix">
  <rows>103</rows>
  <cols>15</cols>
  <dt>f</dt>
  <data>
    9.70998764e+01 9.95360413e+01 1.00115944e+02 1.00945160e+02
    1.01869537e+02 1.02374672e+02 1.06731789e+02 1.03448799e+02
    1.04047562e+02 1.04547256e+02 1.04964348e+02 1.05350822e+02
    1.06785011e+02 1.07446770e+02 1.08346481e+02 1.06298393e+02
    1.07112381e+02 1.06798340e+02 1.06977440e+02 1.07638947e+02
    1.08010628e+02 1.11545082e+02 1.09219582e+02 1.09040207e+02
    1.08074112e+02 1.08429733e+02 1.08514496e+02 1.08959000e+02
    1.09233238e+02 1.10209198e+02 1.11497299e+02 1.13440964e+02
    1.13501091e+02 1.12831177e+02 1.12532364e+02 1.13111679e+02
    1.15561172e+02 1.14039078e+02 1.13133858e+02 1.11980698e+02
    1.12665443e+02 1.12727455e+02 1.12514877e+02 1.12608261e+02
    1.13620575e+02 7.83089371e+01 8.02514420e+01 8.14235153e+01
    8.24102554e+01 8.43957443e+01 8.59919205e+01 9.30357361e+01
    8.93208618e+01 9.08721542e+01 9.25687714e+01 9.36279602e+01
    9.46279755e+01 9.73148346e+01 9.89504547e+01 1.00215157e+02
    1.25000122e+02 1.26333946e+02 1.26517296e+02 1.25760780e+02
    1.25631424e+02 1.25359810e+02 1.26186096e+02 1.25827141e+02
    1.24723991e+02 1.24385773e+02 1.25304184e+02 1.25205513e+02
    1.24751129e+02 1.24812263e+02 1.25220665e+02 8.66576538e+01
    8.66063919e+01 8.78300552e+01 8.86191483e+01 8.99003983e+01
    9.16350098e+01 9.32625656e+01 9.35894165e+01 9.43171844e+01
    9.44920502e+01 9.51179581e+01 9.59858932e+01 9.62164612e+01
    9.69658279e+01 9.81355438e+01 8.72676544e+01 8.78487473e+01
    8.72775116e+01 8.68159027e+01 8.74825058e+01 8.80903320e+01
    9.39598618e+01 8.97838211e+01 8.93298721e+01 8.97780075e+01
    9.02182007e+01 9.05101776e+01 9.08064117e+01 9.12701416e+01
    9.18404999e+01 8.12976456e+01 8.22641296e+01 8.35182114e+01
    8.46809921e+01 8.64784317e+01 8.92838211e+01 9.07048187e+01
    9.29104996e+01 9.37809982e+01 9.41022186e+01 9.53041229e+01
    9.65781860e+01 9.70694122e+01 9.78534088e+01 9.89573364e+01
    7.34060593e+01 7.45964890e+01 7.59884262e+01 7.67585754e+01
    7.85858459e+01 8.05353241e+01 8.84458313e+01 8.43891144e+01
    8.43584595e+01 8.47355957e+01 8.63080368e+01 8.75694275e+01
    8.65995789e+01 8.74503479e+01 8.91735306e+01 1.13989456e+02
    1.13685562e+02 1.13261238e+02 1.11656296e+02 1.11606834e+02
    1.12110481e+02 1.14509323e+02 1.12572037e+02 1.11207886e+02
    1.10712349e+02 1.11095932e+02 1.11049965e+02 1.10639961e+02
    1.10974098e+02 1.12172806e+02 8.93693466e+01 8.89963150e+01
    8.95000000e+01 9.02745743e+01 9.17407532e+01 9.26717072e+01
    9.40991135e+01 9.53932571e+01 9.56505508e+01 9.50519028e+01
    9.59263306e+01 9.64978180e+01 9.68338776e+01 9.72694168e+01
    9.73458481e+01 9.19214249e+01 9.19289017e+01 9.03163834e+01
    8.96959229e+01 9.03250122e+01 9.09019699e+01 9.63526382e+01
    9.31106720e+01 9.31604538e+01 9.38990402e+01 9.47644043e+01
    9.52874146e+01 9.67240372e+01 9.77454071e+01 9.82624512e+01
    7.83844223e+01 7.76500854e+01 7.81138687e+01 7.80332336e+01
    7.92920609e+01 8.02843552e+01 8.12807465e+01 8.26410522e+01
    8.30187378e+01 8.30249939e+01 8.37262955e+01 8.45921555e+01
    8.48014145e+01 8.51204453e+01 8.64013062e+01 7.53717651e+01
    7.53401184e+01 7.71609879e+01 7.76470871e+01 7.85994873e+01
    8.08749313e+01 8.17870026e+01 8.31396637e+01 8.43249207e+01
    8.32584000e+01 8.41730194e+01 8.50434036e+01 8.50442963e+01
    8.56769409e+01 8.73779907e+01 1.13107086e+02 1.14466484e+02
    1.15139534e+02 1.14637497e+02 1.15193970e+02 1.16318275e+02
    1.19247566e+02 1.18002274e+02 1.17325195e+02 1.16286461e+02
    1.16992203e+02 1.17181259e+02 1.16489891e+02 1.16445786e+02
    1.17273682e+02 6.38932419e+01 6.38302002e+01 6.45847778e+01
    6.51029053e+01 6.66201019e+01 6.88475876e+01 7.76473236e+01
    7.19788055e+01 7.31298599e+01 7.26243820e+01 7.44307175e+01
    7.55574188e+01 7.49801331e+01 7.55572205e+01 7.71580811e+01
    8.36808167e+01 8.20607986e+01 8.14086685e+01 8.01759186e+01
    8.06076431e+01 8.18394089e+01 8.81659393e+01 8.29838943e+01
    8.25940323e+01 8.10451126e+01 8.22781754e+01 8.24173508e+01
    8.11904907e+01 8.16239929e+01 8.27614899e+01 8.15137787e+01
    8.17841721e+01 8.02681503e+01 7.95694733e+01 7.95685272e+01
    7.98478699e+01 8.00975723e+01 8.06819153e+01 8.00406418e+01
    7.92655182e+01 7.93629227e+01 7.96470642e+01 7.93697281e+01
    7.96943970e+01 8.01398773e+01 7.17170029e+01 7.20175018e+01
    7.21174622e+01 7.29546585e+01 7.49401398e+01 7.62449265e+01
    8.37171326e+01 7.86713562e+01 7.85309753e+01 7.75174789e+01
    7.91132812e+01 7.97599716e+01 7.84051743e+01 7.81424942e+01
    7.93957901e+01 9.54917374e+01 9.47934799e+01 9.40379410e+01
    9.33325119e+01 9.43861771e+01 9.35220490e+01 9.86401443e+01
    9.43835526e+01 9.32046967e+01 9.40609131e+01 9.46929245e+01
    9.44662170e+01 9.42673187e+01 9.45773468e+01 9.51544495e+01
    1.17319489e+02 1.17604477e+02 1.18608368e+02 1.18761200e+02
    1.20106689e+02 1.20936966e+02 1.22733315e+02 1.22842262e+02
    1.22272522e+02 1.21896255e+02 1.22453674e+02 1.22130371e+02
    1.22126022e+02 1.22540230e+02 1.22757217e+02 4.29335480e+01
    5.11704674e+01 5.61163750e+01 6.34426041e+01 6.64528351e+01
    6.59719009e+01 6.91954117e+01 6.94961853e+01 6.94687119e+01
    7.40030899e+01 7.43893433e+01 7.54035416e+01 7.84682693e+01
    7.97697525e+01 7.86815338e+01 6.09125595e+01 6.79296112e+01
    7.33046417e+01 7.89484863e+01 8.16931458e+01 8.28646851e+01
    8.65600281e+01 8.77793961e+01 8.95534973e+01 9.35891647e+01
    9.47033844e+01 9.55597916e+01 1.01183418e+02 1.02458321e+02
    1.02107224e+02 5.72158470e+01 6.39891739e+01 7.01191940e+01
    7.48191147e+01 7.86636353e+01 8.10221710e+01 8.41276245e+01
    8.67081146e+01 8.85390549e+01 9.17091217e+01 9.38349915e+01
    9.56025009e+01 9.85891800e+01 1.00424065e+02 1.01131500e+02
    5.24822350e+01 5.89880219e+01 6.47651596e+01 6.99448700e+01
    7.31144867e+01 7.41071625e+01 7.65084305e+01 7.79464951e+01
    7.86091614e+01 8.12028732e+01 8.17696457e+01 8.22112427e+01
    8.52628174e+01 8.65731354e+01 8.66059341e+01 6.10620117e+01
    6.59199219e+01 7.19856339e+01 7.52946091e+01 7.94180298e+01
    8.28254166e+01 8.52243652e+01 8.84584656e+01 9.08661118e+01
    9.25185699e+01 9.44369812e+01 9.62734756e+01 9.84161072e+01
    9.97758484e+01 1.01361107e+02 5.04731979e+01 5.83144226e+01
    6.39266663e+01 6.90785294e+01 7.27791748e+01 7.41498795e+01
    7.75374298e+01 7.89298553e+01 7.96029434e+01 8.19919205e+01
    8.30928345e+01 8.35770721e+01 8.60717468e+01 8.74267426e+01
    8.76994019e+01 7.47551575e+01 7.88291168e+01 8.12298279e+01
    8.48349304e+01 8.84396439e+01 9.05807724e+01 9.31066132e+01
    9.53899002e+01 9.57362061e+01 9.75031662e+01 9.97497025e+01
    1.01595680e+02 1.02934395e+02 1.03952950e+02 1.05530937e+02
    7.57982254e+01 8.08747330e+01 8.55049744e+01 8.99592743e+01
    9.38134766e+01 9.64422302e+01 1.00490913e+02 1.02498672e+02
    1.04155090e+02 1.08198227e+02 1.09683472e+02 1.11011627e+02
    1.15901352e+02 1.16494286e+02 1.17419029e+02 6.62055283e+01
    6.76517487e+01 7.24772491e+01 7.63117065e+01 8.03283157e+01
    8.42655716e+01 8.79597702e+01 9.13299484e+01 9.49124985e+01
    9.67373276e+01 9.94049377e+01 1.01514404e+02 1.03873512e+02
    1.05570137e+02 1.07866089e+02 5.95699425e+01 6.36476288e+01
    6.80063171e+01 7.15747452e+01 7.57560883e+01 7.85223541e+01
    8.22380371e+01 8.51350403e+01 8.64552383e+01 8.90792084e+01
    9.03357925e+01 9.17797318e+01 9.34635162e+01 9.46439896e+01
    9.55047607e+01 5.73600349e+01 6.07540321e+01 6.74486084e+01
    7.15225601e+01 7.51971283e+01 7.67582779e+01 8.31094437e+01
    8.07930222e+01 8.14616165e+01 8.24481812e+01 8.31448975e+01
    8.38006897e+01 8.56385193e+01 8.58795013e+01 8.64896698e+01
    4.95948067e+01 5.57026749e+01 6.10500984e+01 6.42804260e+01
    6.71932755e+01 6.91771622e+01 7.94766693e+01 7.38931580e+01
