<?xml version="1.0"?>
<opencv_storage>
<training_set_points type_id="opencv-matrix">
  <rows>100</rows>
  <cols>15</cols>
  <dt>f</dt>
  <data>
    8.45067902e+01 8.67871475e+01 8.87835922e+01 8.90086288e+01
    9.07499161e+01 9.30349808e+01 9.45591431e+01 9.47933044e+01
    9.32013474e+01 9.12956543e+01 9.20542450e+01 9.22074432e+01
    9.19588470e+01 9.18889236e+01 9.11702499e+01 9.40998306e+01
    9.86027527e+01 9.96114273e+01 1.00186211e+02 1.02062508e+02
    1.03780769e+02 1.05592094e+02 1.06779686e+02 1.05481781e+02
    1.03982132e+02 1.05116760e+02 1.05727066e+02 1.06918839e+02
    1.05075615e+02 1.05842522e+02 1.02319832e+02 1.02722916e+02
    1.04909920e+02 1.03806618e+02 1.07124863e+02 1.08456635e+02
    1.08797920e+02 1.10528755e+02 1.10314285e+02 1.08242668e+02
    1.08845863e+02 1.10016396e+02 1.10870941e+02 1.09828209e+02
    1.11486229e+02 8.85162430e+01 8.99116592e+01 9.17989197e+01
    9.13764801e+01 9.27024536e+01 9.40533218e+01 9.53026428e+01
    9.52166138e+01 9.27841568e+01 9.13137283e+01 9.16489487e+01
    9.11073456e+01 9.01425552e+01 9.10364227e+01 9.09651413e+01
    9.86099396e+01 1.01327530e+02 1.03976051e+02 1.03170227e+02
    1.04975548e+02 1.05817451e+02 1.06347870e+02 1.07211929e+02
    1.05237930e+02 1.03086220e+02 1.03354149e+02 1.03458138e+02
    1.03080185e+02 1.03699883e+02 1.03522690e+02 8.65686722e+01
    8.80584488e+01 9.11912308e+01 9.08943787e+01 9.32226791e+01
    9.50786743e+01 9.54606934e+01 9.64026947e+01 9.52221069e+01
    9.26207123e+01 9.27494125e+01 9.36536560e+01 9.31884155e+01
    9.33148651e+01 9.39938965e+01 1.11095650e+02 1.12259003e+02
    1.13946999e+02 1.13021767e+02 1.14338081e+02 1.15736809e+02
    1.15832062e+02 1.16193161e+02 1.14043785e+02 1.12411118e+02
    1.12759079e+02 1.12861755e+02 1.11937263e+02 1.12848343e+02
    1.12632736e+02 9.17752533e+01 9.20652008e+01 9.37425385e+01
    9.29667969e+01 9.49522552e+01 9.67686157e+01 9.72042999e+01
    9.83019257e+01 9.67738800e+01 9.47750931e+01 9.45656586e+01
    9.50150986e+01 9.45862122e+01 9.54927139e+01 9.59893570e+01
    9.29647064e+01 9.41748123e+01 9.53102112e+01 9.39651566e+01
    9.51945953e+01 9.62055740e+01 9.61263351e+01 9.81778107e+01
    9.69685669e+01 9.55430908e+01 9.51811676e+01 9.64921722e+01
    9.93904495e+01 9.55802917e+01 9.79404984e+01 8.84333267e+01
    9.05562286e+01 9.25957794e+01 9.26725159e+01 9.51164398e+01
    9.68568115e+01 9.83793335e+01 9.97307739e+01 9.78577347e+01
    9.67155151e+01 9.77095261e+01 9.79509659e+01 9.78243713e+01
    9.81620178e+01 9.76994247e+01 8.96799622e+01 9.12467270e+01
    9.24398041e+01 9.21380768e+01 9.38796997e+01 9.58324280e+01
    9.74644623e+01 9.76778870e+01 9.54175949e+01 9.42761307e+01
    9.52976227e+01 9.48589020e+01 9.41657867e+01 9.58511963e+01
    9.46136398e+01 8.95362091e+01 8.96509247e+01 8.87833099e+01
    8.67510300e+01 8.71820221e+01 8.80190277e+01 8.81613235e+01
    8.89359589e+01 8.67589722e+01 8.53090820e+01 8.57505112e+01
    8.64030228e+01 8.72167511e+01 8.52646790e+01 8.60225906e+01
    9.50382309e+01 9.63125687e+01 9.65279694e+01 9.49406586e+01
    9.57333908e+01 9.76449432e+01 9.74121552e+01 9.74766846e+01
    9.57543106e+01 9.40159225e+01 9.42055130e+01 9.46212921e+01
    9.40188675e+01 9.49803391e+01 9.49453583e+01 1.20124451e+02
    1.22497513e+02 1.23177361e+02 1.22098564e+02 1.22707916e+02
    1.23322990e+02 1.23923904e+02 1.24218231e+02 1.22216568e+02
    1.20231819e+02 1.20490814e+02 1.20370544e+02 1.19935646e+02
    1.20111748e+02 1.19343178e+02 8.98004761e+01 9.08807449e+01
    9.03642731e+01 8.84211502e+01 8.88757935e+01 8.97327881e+01
    8.99119720e+01 9.10170975e+01 8.99445114e+01 8.86013794e+01
    8.85078735e+01 8.92891159e+01 9.23907471e+01 8.83783875e+01
    9.07075958e+01 9.00638351e+01 9.18601227e+01 9.24303513e+01
    9.14058914e+01 9.31240692e+01 9.51138000e+01 9.64186478e+01
    9.65873642e+01 9.48942261e+01 9.30751343e+01 9.34039688e+01
    9.38443069e+01 9.42867737e+01 9.45613251e+01 9.51555023e+01
    9.64823074e+01 9.70756760e+01 9.75996780e+01 9.58555984e+01
    9.65940170e+01 9.80554733e+01 9.83494415e+01 9.86409912e+01
    9.65549011e+01 9.53595734e+01 9.54802933e+01 9.61331253e+01
    9.49645386e+01 9.63544312e+01 9.59913559e+01 9.86699600e+01
    9.99207153e+01 9.96782074e+01 9.78600388e+01 9.90015335e+01
    9.98011475e+01 1.00629433e+02 1.01063690e+02 9.89044037e+01
    9.75795288e+01 9.85664520e+01 9.88056183e+01 9.86099472e+01
    9.88133850e+01 9.84636536e+01 8.92215805e+01 8.97902832e+01
    9.08432083e+01 8.88987198e+01 9.05291595e+01 9.16573334e+01
    9.30210037e+01 9.39049530e+01 9.16742096e+01 9.03283844e+01
    9.09582901e+01 9.14063034e+01 9.16308060e+01 9.12375946e+01
    9.15539551e+01 9.56376877e+01 9.68261719e+01 9.72980804e+01
    9.57932281e+01 9.67239838e+01 9.79038162e+01 9.85190048e+01
    9.95057526e+01 9.81546097e+01 9.61815567e+01 9.64988861e+01
    9.71649551e+01 9.81867676e+01 9.69621735e+01 9.81289444e+01
    1.16220650e+02 1.19143593e+02 1.21015472e+02 1.18690048e+02
    1.18826469e+02 1.19111549e+02 1.18612991e+02 1.16701324e+02
    1.13279884e+02 1.10727081e+02 1.10317352e+02 1.09075722e+02
    1.07652603e+02 1.07592476e+02 1.06350006e+02 8.68988953e+01
    8.63528366e+01 8.76298447e+01 8.57834778e+01 8.80805664e+01
    8.92853470e+01 9.05842438e+01 9.17564926e+01 9.08016586e+01
    8.81938400e+01 8.87715225e+01 8.94575729e+01 8.99789200e+01
    8.97596207e+01 9.06445160e+01 9.31967163e+01 9.16889191e+01
    9.84803162e+01 9.26546860e+01 1.03312149e+02 1.03056084e+02
    1.03089584e+02 1.07356812e+02 1.03742889e+02 1.02538033e+02
    1.02980148e+02 1.02930733e+02 1.04619438e+02 1.03547401e+02
    1.08463829e+02 8.31683807e+01 8.26133881e+01 8.42106934e+01
    8.27893219e+01 8.52579956e+01 8.70021362e+01 8.82718811e+01
    8.94859161e+01 8.84216919e+01 8.68703461e+01 8.77489166e+01
    8.83552399e+01 8.84450378e+01 8.82430344e+01 8.87676849e+01
    9.27764511e+01 9.22215271e+01 9.41679001e+01 9.14577789e+01
    9.40256042e+01 9.56177902e+01 9.57781219e+01 9.72962112e+01
    9.64590149e+01 9.42621994e+01 9.48129883e+01 9.54455566e+01
    9.64106369e+01 9.51098557e+01 9.65160217e+01 9.13785934e+01
    9.47046204e+01 9.80594406e+01 9.76792526e+01 1.00192093e+02
    1.02291389e+02 1.03540306e+02 1.04938858e+02 1.04524963e+02
    1.02704697e+02 1.03869209e+02 1.04588272e+02 1.04113487e+02
    1.05254524e+02 1.05185326e+02 7.54524307e+01 7.63365326e+01
    7.81353912e+01 7.67481689e+01 7.86925430e+01 7.97004013e+01
    8.01609573e+01 8.09401932e+01 8.02593842e+01 7.78696442e+01
    7.81792603e+01 7.91955566e+01 8.09176025e+01 7.97386169e+01
    8.16738815e+01 7.92836151e+01 7.70734482e+01 8.04161148e+01
    7.82843781e+01 8.18552780e+01 8.31668396e+01 8.46115952e+01
    8.72635117e+01 8.66893005e+01 8.52992859e+01 8.57211685e+01
    8.74171448e+01 8.87050934e+01 8.68616333e+01 8.88043060e+01
    8.89097214e+01 8.90088577e+01 8.93160782e+01 8.72875137e+01
    9.04168854e+01 9.16131134e+01 9.32340622e+01 9.42983704e+01
    9.26791992e+01 9.15198975e+01 9.25039825e+01 9.19606705e+01
    9.27416458e+01 9.21461945e+01 9.14427185e+01 9.66491394e+01
    9.79877853e+01 9.74313812e+01 9.50155563e+01 9.75107498e+01
    9.87535629e+01 9.96475677e+01 1.00076149e+02 9.82613373e+01
    9.66261215e+01 9.69768066e+01 9.70196075e+01 9.76322937e+01
    9.76288147e+01 9.78030701e+01 9.14271851e+01 9.30612335e+01
    9.45800705e+01 9.37010803e+01 9.50876541e+01 9.76839294e+01
    9.84192352e+01 9.85927124e+01 9.69733734e+01 9.56454468e+01
    9.64950562e+01 9.63606873e+01 9.51936493e+01 9.72161026e+01
    9.72619019e+01 1.15734276e+02 1.17177254e+02 1.19234184e+02
    1.17455406e+02 1.19240753e+02 1.20096672e+02 1.20020592e+02
    1.20130905e+02 1.18670929e+02 1.16479362e+02 1.16918541e+02
    1.17189392e+02 1.17378593e+02 1.16609436e+02 1.16993149e+02
    7.20297699e+01 7.05524597e+01 7.37341156e+01 7.20058441e+01
    7.49562531e+01 7.63123932e+01 7.67225647e+01 7.90453491e+01
