<?xml version="1.0"?>
<opencv_storage>
<training_set_points type_id="opencv-matrix">
  <rows>92</rows>
  <cols>15</cols>
  <dt>f</dt>
  <data>
    5.91888733e+01 6.16417618e+01 6.19811249e+01 6.27598877e+01
    6.25582085e+01 6.34801788e+01 6.38346481e+01 6.32786522e+01
    6.38483734e+01 6.24998016e+01 6.32080040e+01 6.72625504e+01
    7.48939209e+01 7.82844086e+01 6.63533859e+01 5.08383408e+01
    5.21516151e+01 5.09277802e+01 5.33091011e+01 5.42495499e+01
    5.50473862e+01 5.53923264e+01 5.59618835e+01 5.56328354e+01
    5.50013542e+01 5.37717743e+01 5.44439316e+01 5.39298096e+01
    5.48446999e+01 5.33744583e+01 4.63469887e+01 4.68662987e+01
    4.70083122e+01 4.78523369e+01 4.83124924e+01 4.85380516e+01
    4.81824455e+01 4.84209900e+01 4.88071899e+01 4.85501671e+01
    4.71327667e+01 4.72274742e+01 4.78612747e+01 4.84194832e+01
    4.65224228e+01 1.06033012e+02 1.11160301e+02 9.99686279e+01
    8.76025620e+01 8.06312332e+01 8.57535553e+01 8.46263504e+01
    7.64524231e+01 8.09923019e+01 9.24640656e+01 8.62370682e+01
    8.54827652e+01 8.41829376e+01 8.15200882e+01 7.76968842e+01
    3.99768944e+01 3.99809074e+01 4.01846428e+01 4.06234436e+01
    4.07028961e+01 4.09402199e+01 4.10943718e+01 4.09242668e+01
    4.12754364e+01 4.08511925e+01 3.93446617e+01 4.04499588e+01
    3.99976044e+01 4.00704498e+01 3.83063240e+01 8.71605453e+01
    1.04340118e+02 1.12661430e+02 8.82184448e+01 8.67114639e+01
    9.22518463e+01 8.82000427e+01 9.08437881e+01 9.51130142e+01
    9.14986420e+01 8.12257156e+01 8.71558456e+01 8.92412338e+01
    9.06097717e+01 1.07232071e+02 6.71276321e+01 6.03046265e+01
    5.79822388e+01 6.28527794e+01 5.86605949e+01 6.16922340e+01
    6.06439781e+01 5.83594360e+01 6.06223068e+01 6.35765114e+01
    6.01261559e+01 6.27208786e+01 6.62311707e+01 6.59714508e+01
    6.24947968e+01 7.40678787e+01 8.95168533e+01 9.91517410e+01
    7.44264908e+01 7.24420395e+01 7.26121063e+01 7.35718918e+01
    7.29223099e+01 7.67893677e+01 8.02485580e+01 7.28500519e+01
    7.78634872e+01 8.53934174e+01 8.54390945e+01 8.79280777e+01
    5.12720261e+01 5.33193054e+01 5.46367760e+01 5.53749847e+01
    5.47903442e+01 5.60217896e+01 5.66056061e+01 5.55243797e+01
    5.68267784e+01 5.82142830e+01 5.67686882e+01 6.01347084e+01
    6.26097374e+01 6.33901176e+01 5.71263847e+01 6.23085327e+01
    5.99898415e+01 6.12890282e+01 6.16494865e+01 6.13296661e+01
    6.26722832e+01 6.55563583e+01 6.50728378e+01 6.88156509e+01
    6.54185333e+01 6.32413139e+01 6.72370224e+01 6.90567169e+01
    7.16878891e+01 7.65141296e+01 4.34370651e+01 4.41082649e+01
    4.36528931e+01 4.51640968e+01 4.48735504e+01 4.54200287e+01
    4.55426102e+01 4.54477806e+01 4.50534058e+01 4.54411812e+01
    4.41051788e+01 4.49366951e+01 4.60721779e+01 4.74365807e+01
    4.32221985e+01 9.14955063e+01 1.05227203e+02 1.26031357e+02
    1.07631630e+02 8.92112885e+01 1.04996269e+02 1.06193344e+02
    7.65437317e+01 9.09679413e+01 1.09483612e+02 1.19896667e+02
    1.57939346e+02 1.52106995e+02 1.48765076e+02 9.91370468e+01
    4.19951286e+01 4.22079315e+01 4.14675941e+01 4.16860847e+01
    4.05159035e+01 4.13896637e+01 4.19310303e+01 3.93682404e+01
    4.11368408e+01 4.26767731e+01 4.16101189e+01 4.49011536e+01
    4.62571564e+01 4.88645058e+01 4.09081345e+01 8.47268372e+01
    8.51725922e+01 8.66282196e+01 8.91323318e+01 8.53100586e+01
    8.72211533e+01 9.00676346e+01 8.43965225e+01 8.67821655e+01
    9.31782837e+01 9.34733200e+01 9.75358353e+01 9.60022736e+01
    9.30543594e+01 8.50115509e+01 5.60963478e+01 5.47384186e+01
    5.46418915e+01 5.73385849e+01 5.47299042e+01 5.60061989e+01
    5.67251282e+01 5.21556053e+01 5.48710709e+01 5.84382744e+01
    5.77164268e+01 6.07891426e+01 6.07115746e+01 6.17519836e+01
    5.19215546e+01 8.38099899e+01 8.23475723e+01 8.32121735e+01
    8.82407150e+01 8.67590637e+01 8.75771179e+01 8.98367157e+01
    9.08782196e+01 9.04007568e+01 9.03237534e+01 8.62501068e+01
    8.47995300e+01 8.83481293e+01 9.20091553e+01 9.24632187e+01
    7.60536499e+01 7.77023849e+01 7.99732208e+01 8.07350311e+01
    7.96566772e+01 8.38988953e+01 8.32467422e+01 8.22645645e+01
    8.41520615e+01 8.62286758e+01 8.36563797e+01 8.49727020e+01
    8.54923935e+01 8.49631271e+01 8.54224091e+01 6.39317436e+01
    6.40253906e+01 6.46234360e+01 6.44434509e+01 6.28931313e+01
    6.45025406e+01 6.50374146e+01 6.47056580e+01 6.57517776e+01
    6.48891754e+01 6.37522659e+01 6.57613754e+01 6.79417725e+01
    6.73277969e+01 6.57126007e+01 7.91402893e+01 7.95812073e+01
    8.23023148e+01 8.49010239e+01 8.55798950e+01 8.89089127e+01
    9.07306976e+01 8.90633392e+01 9.12670364e+01 9.37949753e+01
    9.35065613e+01 9.58369904e+01 9.84210510e+01 9.95084076e+01
    9.43967285e+01 6.68086700e+01 6.84405518e+01 6.91375732e+01
    7.04263611e+01 7.25031357e+01 7.40243073e+01 7.49229279e+01
    7.67795715e+01 7.75012207e+01 7.39165115e+01 7.19224167e+01
    7.24552689e+01 7.27811813e+01 7.27751236e+01 7.74350204e+01
    2.28126389e+02 9.93340836e+01 8.81880722e+01 1.27866409e+02
    1.71713028e+02 1.59324142e+02 1.64146347e+02 1.99187134e+02
    1.34520676e+02 1.26824440e+02 1.15680923e+02 1.10396896e+02
    1.04491325e+02 1.05603630e+02 1.07697838e+02 8.28141632e+01
    7.75927658e+01 8.21778946e+01 9.08382874e+01 9.88387070e+01
    9.75672684e+01 1.06621872e+02 1.16328331e+02 1.06924843e+02
    1.02410606e+02 1.07652550e+02 1.12275063e+02 1.09916283e+02
    1.37208786e+02 1.11016914e+02 7.35774994e+01 7.35075073e+01
    8.00449677e+01 8.73279266e+01 9.31924210e+01 9.54425430e+01
    9.88839798e+01 1.01156090e+02 1.00987762e+02 9.87143936e+01
    9.64963989e+01 9.67414856e+01 9.46022949e+01 9.72048187e+01
    9.71619492e+01 6.58919220e+01 6.90296783e+01 7.47093048e+01
    7.99415741e+01 8.28016739e+01 8.41071243e+01 8.66353455e+01
    8.94556122e+01 8.96839142e+01 8.65050964e+01 8.51228714e+01
    8.51003571e+01 8.15422592e+01 8.30997620e+01 8.55489655e+01
    6.86854095e+01 7.31032410e+01 8.27840652e+01 9.04116211e+01
    9.05159454e+01 9.15755386e+01 9.33754120e+01 9.46668472e+01
    9.35337601e+01 9.14311905e+01 9.13855743e+01 9.00579987e+01
    8.56714478e+01 8.64048309e+01 8.80787354e+01 6.11185341e+01
    6.05933990e+01 6.03825188e+01 6.01601715e+01 5.90827293e+01
    5.90536194e+01 5.89281731e+01 5.81572189e+01 5.79618835e+01
    5.48256760e+01 5.39976501e+01 5.56579208e+01 5.28253212e+01
    5.60228615e+01 4.78885841e+01 6.45657501e+01 6.84817581e+01
    7.75867157e+01 8.27895432e+01 8.78415756e+01 8.54033279e+01
    8.81237259e+01 9.14453354e+01 8.84192047e+01 8.35532990e+01
    7.97126923e+01 7.88724899e+01 7.72829971e+01 7.67163086e+01
    7.97476578e+01 7.29002304e+01 7.50621872e+01 7.62747040e+01
    7.85578766e+01 8.30689926e+01 8.32377625e+01 8.59870758e+01
    8.66755371e+01 8.89611130e+01 9.04848251e+01 9.00522079e+01
    9.36431732e+01 9.99665680e+01 9.83470459e+01 9.34770203e+01
    8.87677460e+01 7.72879486e+01 8.38284149e+01 8.96663666e+01
    9.61951523e+01 9.69170990e+01 9.86799774e+01 1.03228706e+02
    9.98596344e+01 9.51969299e+01 9.24737549e+01 9.05236359e+01
    8.63938065e+01 8.85697403e+01 9.01372070e+01 5.90361023e+01
    6.00321236e+01 6.10802956e+01 6.29562302e+01 6.43592529e+01
    6.41261215e+01 6.46624374e+01 6.66867065e+01 6.65773087e+01
    6.54799652e+01 6.33728981e+01 6.46054230e+01 6.37968750e+01
    6.45599823e+01 6.67480469e+01 6.51210785e+01 7.02779083e+01
    8.03941345e+01 8.79386444e+01 9.06579361e+01 8.89313583e+01
    9.14145584e+01 9.43853912e+01 9.15981979e+01 8.36527710e+01
    8.33728867e+01 8.26567993e+01 8.07745285e+01 8.21758041e+01
    8.12676620e+01 6.30721016e+01 6.36442947e+01 6.52857666e+01
    6.46613541e+01 6.26267662e+01 6.46994400e+01 6.44173203e+01
    6.30742607e+01 6.47186432e+01 6.52388763e+01 6.34374619e+01
    6.46303635e+01 6.50592728e+01 6.55345078e+01 6.42484283e+01
    6.53264236e+01 8.72558517e+01 8.21743011e+01 8.64109726e+01
    9.10043640e+01 9.39418945e+01 9.70380020e+01 9.79553757e+01
