<?xml version="1.0"?>
<opencv_storage>
<training_set_points type_id="opencv-matrix">
  <rows>100</rows>
  <cols>15</cols>
  <dt>f</dt>
  <data>
    4.24642754e+01 4.42929916e+01 4.85393753e+01 5.45798416e+01
    6.02963562e+01 5.80747299e+01 5.82694092e+01 6.08538208e+01
    5.94837112e+01 6.02144165e+01 5.83713799e+01 5.64742622e+01
    5.52117462e+01 5.43357277e+01 5.30397186e+01 4.40369911e+01
    4.47005234e+01 5.10784836e+01 6.04132690e+01 6.46327133e+01
    6.63895111e+01 6.60457001e+01 6.63699951e+01 6.90976334e+01
    7.24733887e+01 7.37329407e+01 7.33132477e+01 7.28901672e+01
    7.17664642e+01 7.38938522e+01 4.91290245e+01 5.00097275e+01
    5.32103348e+01 5.96567955e+01 6.37116890e+01 6.14348106e+01
    6.00794640e+01 5.97448692e+01 5.83172569e+01 5.93498268e+01
    5.97832603e+01 5.66404724e+01 5.43710251e+01 5.37335701e+01
    5.49526901e+01 4.46657410e+01 4.64175949e+01 5.10875473e+01
    5.56710510e+01 5.27669334e+01 5.86375542e+01 5.55102386e+01
    5.39298325e+01 5.42279625e+01 5.25614777e+01 5.26370583e+01
    5.40872498e+01 5.68212395e+01 5.85047340e+01 5.73834381e+01
    5.22602005e+01 5.37527084e+01 5.99184265e+01 6.75054932e+01
    7.04713593e+01 7.09939728e+01 7.09420013e+01 7.15395966e+01
    7.21842346e+01 7.19822769e+01 7.23828735e+01 7.12198029e+01
    7.02573471e+01 7.01921539e+01 6.88952484e+01 4.79514732e+01
    4.71744232e+01 4.72962456e+01 5.13768463e+01 5.33000870e+01
    5.25824814e+01 5.14074898e+01 5.20444374e+01 5.49386940e+01
    5.70218506e+01 5.82913094e+01 5.99412575e+01 6.27131386e+01
    6.36452560e+01 6.27195587e+01 5.08311462e+01 5.30302925e+01
    5.97700119e+01 6.73419571e+01 7.10476685e+01 7.19548645e+01
    7.11209259e+01 7.12468948e+01 7.12342682e+01 6.97109299e+01
    6.89931870e+01 6.99908752e+01 7.08557129e+01 7.25841522e+01
    7.05010834e+01 5.30720100e+01 5.49281616e+01 5.85515213e+01
    6.35365677e+01 6.14538727e+01 6.55351639e+01 6.44559479e+01
    6.25510216e+01 6.07319984e+01 5.53645706e+01 5.54957008e+01
    5.58142166e+01 5.74318466e+01 5.80317459e+01 5.73545418e+01
    6.07309341e+01 6.57044220e+01 7.17271576e+01 7.96272659e+01
    8.58879700e+01 8.29830933e+01 8.32214508e+01 8.63063889e+01
    8.45860596e+01 8.20438690e+01 8.17856293e+01 8.07412109e+01
    8.06108551e+01 7.99419022e+01 8.04391098e+01 5.22108879e+01
    5.74373932e+01 6.46873779e+01 7.11743164e+01 7.33002472e+01
    7.72484665e+01 7.55724945e+01 7.65494614e+01 7.56376724e+01
    7.51019821e+01 7.46657562e+01 7.38182449e+01 7.35342636e+01
    7.29351425e+01 7.35532150e+01 5.88144569e+01 5.67308464e+01
    5.80065613e+01 6.35729980e+01 6.75684814e+01 6.55766678e+01
    6.50188446e+01 6.54046402e+01 6.28962288e+01 6.05397720e+01
    5.95429001e+01 5.73376999e+01 5.67262688e+01 5.65513077e+01
    5.75014458e+01 5.60228615e+01 5.97074356e+01 6.67495575e+01
    7.57949142e+01 7.79754944e+01 8.14770203e+01 7.92668839e+01
    7.73574371e+01 7.81310577e+01 7.68925400e+01 7.73812103e+01
    7.62804718e+01 7.65096893e+01 7.59919281e+01 7.68580322e+01
    5.79825554e+01 6.13787727e+01 6.76521301e+01 7.43077164e+01
    7.67002640e+01 7.85961151e+01 7.67819824e+01 7.40396271e+01
    7.33691330e+01 7.10472412e+01 7.05793915e+01 6.94964371e+01
    6.88013306e+01 6.75993271e+01 6.65643311e+01 5.37425156e+01
    5.64077377e+01 6.06258087e+01 6.39706230e+01 6.30895996e+01
    6.48812714e+01 6.41527252e+01 6.30986328e+01 5.99477959e+01
    5.59934616e+01 5.48753624e+01 5.46479073e+01 5.45198936e+01
    5.49959259e+01 5.50337944e+01 5.66861267e+01 5.99031487e+01
    6.79003754e+01 7.74654922e+01 8.18865891e+01 8.58757858e+01
    8.67567749e+01 8.85390244e+01 8.82974777e+01 8.61568680e+01
    8.66735458e+01 8.64775925e+01 8.63499832e+01 8.80250015e+01
    8.69004211e+01 5.32038422e+01 5.72814522e+01 6.42276382e+01
    6.98764343e+01 7.37698364e+01 7.55340500e+01 7.74857635e+01
    7.81610336e+01 7.72561417e+01 7.57894745e+01 7.59666672e+01
    7.50164871e+01 7.44503632e+01 7.44403152e+01 7.33711395e+01
    6.47489243e+01 6.63909073e+01 7.15771103e+01 7.87955704e+01
    7.95797043e+01 7.95230942e+01 7.66752167e+01 7.57498016e+01
    7.85516663e+01 8.48907166e+01 8.64030685e+01 8.38637085e+01
    8.02649384e+01 8.61469650e+01 8.05394058e+01 7.88992996e+01
    9.63401260e+01 9.77855835e+01 9.59688873e+01 9.55518799e+01
    9.83032684e+01 9.45612488e+01 1.03521851e+02 9.58022690e+01
    8.66379547e+01 8.73043823e+01 8.44151459e+01 7.99943314e+01
    7.92536392e+01 8.17509155e+01 6.53026276e+01 6.56265488e+01
    7.18406601e+01 7.97501297e+01 8.55173340e+01 8.35909576e+01
    8.31576385e+01 8.46940308e+01 8.38708725e+01 8.43713760e+01
    8.32862854e+01 8.15376205e+01 8.01990128e+01 7.97978516e+01
    7.91525574e+01 5.11442375e+01 5.25183105e+01 5.68735695e+01
    6.64574203e+01 7.33795624e+01 7.35659790e+01 7.40240021e+01
    7.46359711e+01 7.67209625e+01 7.77613373e+01 7.89593582e+01
    7.66601791e+01 7.53726425e+01 7.39209671e+01 7.47463913e+01
    5.55764771e+01 5.53125992e+01 5.92545433e+01 6.62769012e+01
    6.89154053e+01 6.77895813e+01 6.67091675e+01 6.56009674e+01
    6.57786026e+01 6.65187531e+01 6.61866837e+01 6.59141693e+01
    6.52395782e+01 6.50834656e+01 6.58258209e+01 6.71246262e+01
    6.87766037e+01 7.22518311e+01 7.74254227e+01 8.25230331e+01
    7.81373978e+01 7.81500778e+01 8.07112274e+01 8.12616043e+01
    7.92966156e+01 7.69639206e+01 7.69663849e+01 7.79198914e+01
    8.06875763e+01 7.66645966e+01 6.20876770e+01 6.41586914e+01
    6.98060760e+01 7.78303833e+01 8.13043289e+01 8.08941116e+01
    7.97921906e+01 8.01955185e+01 8.18404541e+01 8.51838379e+01
    8.58560104e+01 8.44531937e+01 8.24506607e+01 8.07988052e+01
    8.15072174e+01 6.81880798e+01 6.82555847e+01 7.18825455e+01
    7.71254654e+01 8.12372971e+01 7.78342361e+01 7.72101898e+01
    7.88889923e+01 7.92262039e+01 8.12191544e+01 8.01961060e+01
    7.79773102e+01 7.69576950e+01 7.61614304e+01 7.48762207e+01
    6.21453018e+01 6.51753998e+01 7.06100082e+01 7.62230530e+01
    7.90970764e+01 7.79241867e+01 7.65013657e+01 7.71130066e+01
    7.83988113e+01 7.89598083e+01 7.84306183e+01 8.01739197e+01
    8.08491669e+01 8.17419281e+01 7.97312927e+01 6.19258575e+01
    6.26261597e+01 6.63440704e+01 7.59126892e+01 8.17807465e+01
    7.91641769e+01 7.54770737e+01 7.36425018e+01 7.59657516e+01
    7.64769287e+01 7.59659348e+01 7.50447006e+01 7.60995407e+01
    7.55156784e+01 7.38660049e+01 6.40603867e+01 6.50076981e+01
    7.15970230e+01 8.00589142e+01 8.49660263e+01 8.56164780e+01
    8.38589935e+01 8.36441727e+01 8.55511703e+01 8.56478271e+01
    8.76550140e+01 9.38038940e+01 9.78943481e+01 9.97215118e+01
    9.89663773e+01 6.50437698e+01 6.70961761e+01 7.09891663e+01
    7.50795212e+01 7.73015747e+01 7.60885773e+01 7.21325302e+01
    7.06313858e+01 7.20471878e+01 7.27644577e+01 6.99789734e+01
    7.04682541e+01 7.16580734e+01 7.36554871e+01 6.90550308e+01
    5.69042053e+01 6.06976204e+01 6.84445038e+01 7.38546600e+01
    7.55755997e+01 7.88708725e+01 7.81476898e+01 7.69138184e+01
    7.55573730e+01 7.40653305e+01 7.42314148e+01 7.49321365e+01
    7.45311890e+01 7.46240997e+01 7.32556076e+01 7.10133667e+01
    6.74185333e+01 6.66257324e+01 6.82634583e+01 7.00313492e+01
    7.30127258e+01 7.25062561e+01 7.23480148e+01 6.94390869e+01
    6.49071732e+01 6.41771851e+01 6.26836052e+01 6.09142075e+01
    6.05795898e+01 6.07725906e+01 6.22045555e+01 6.60167313e+01
    7.08252563e+01 7.47771606e+01 7.60141144e+01 7.54072723e+01
    7.31893692e+01 7.31594162e+01 7.25678558e+01 7.18833771e+01
    7.15270081e+01 7.25883713e+01 7.20502472e+01 7.22570801e+01
    6.91674271e+01 6.73656845e+01 6.74702606e+01 7.48249283e+01
    8.36632233e+01 8.90336609e+01 9.26967239e+01 9.09806290e+01
    9.20226212e+01 8.92830582e+01 8.44546356e+01 8.30308914e+01
    8.12327423e+01 7.92314911e+01 7.80539474e+01 7.76196289e+01
    5.87495346e+01 6.33904495e+01 7.11859589e+01 7.79814758e+01
    7.99654541e+01 8.38184814e+01 8.50895844e+01 8.60846710e+01
