<?xml version="1.0"?>
<opencv_storage>
<training_set_points type_id="opencv-matrix">
  <rows>104</rows>
  <cols>15</cols>
  <dt>f</dt>
  <data>
    7.42940750e+01 7.31664963e+01 6.50939941e+01 6.68845291e+01
    6.74362946e+01 6.94950333e+01 6.70553360e+01 6.56095657e+01
    6.55360107e+01 6.46428833e+01 6.77409058e+01 6.77677765e+01
    6.71476517e+01 6.76301804e+01 6.73025208e+01 8.26020508e+01
    8.23300629e+01 7.86197433e+01 7.48587112e+01 7.21518478e+01
    7.22710571e+01 7.10805664e+01 7.06571274e+01 7.08998947e+01
    7.16861038e+01 7.00708313e+01 7.11323929e+01 7.31486435e+01
    7.10525131e+01 7.39290009e+01 8.62347107e+01 8.69697800e+01
    8.41008301e+01 8.25526276e+01 7.69207993e+01 7.44758072e+01
    7.39464188e+01 7.35017319e+01 7.48707428e+01 7.54535065e+01
    7.39891968e+01 7.03800430e+01 6.95039825e+01 7.09548111e+01
    7.20811920e+01 8.71943817e+01 8.55236359e+01 8.77637329e+01
    8.48155899e+01 7.89777603e+01 7.67871017e+01 7.50861740e+01
    7.42206573e+01 7.30474167e+01 7.42135620e+01 7.59650803e+01
    7.55327911e+01 7.41642609e+01 7.55016861e+01 7.55297089e+01
    8.07487488e+01 7.76883316e+01 7.41006088e+01 6.46453400e+01
    7.30408478e+01 7.75615234e+01 7.67834930e+01 7.50525436e+01
    7.46646881e+01 7.32288895e+01 6.65005341e+01 6.14235153e+01
    6.12015419e+01 6.18367043e+01 6.31589241e+01 8.53223724e+01
    8.37918015e+01 8.34013824e+01 8.22338181e+01 7.67671814e+01
    7.48287277e+01 7.21849289e+01 7.09407349e+01 7.15665741e+01
    7.44777603e+01 7.76589508e+01 7.69228210e+01 7.55508575e+01
    7.78405762e+01 7.67188187e+01 9.21461639e+01 8.47864685e+01
    7.41024628e+01 6.48884048e+01 6.93401642e+01 6.87547150e+01
    6.87719421e+01 6.74176636e+01 6.77836304e+01 6.43487473e+01
    6.43577805e+01 6.98631973e+01 7.17566528e+01 6.95515137e+01
    7.23092270e+01 8.51456985e+01 8.37176361e+01 8.10774231e+01
    8.13158951e+01 7.93731461e+01 7.52386627e+01 7.43111954e+01
    7.35810852e+01 7.37854385e+01 7.46448517e+01 7.86099167e+01
    7.85826874e+01 7.80429764e+01 7.77981186e+01 7.87674026e+01
    6.91294479e+01 6.92132111e+01 7.22575989e+01 7.40635757e+01
    7.02665176e+01 6.83633270e+01 6.72468109e+01 6.69352188e+01
    6.72619400e+01 7.16450348e+01 8.14352951e+01 8.47976456e+01
    8.55611801e+01 8.38667450e+01 8.44243164e+01 5.40756760e+01
    5.43070068e+01 7.10301971e+01 7.61372452e+01 7.17922134e+01
    7.00212250e+01 6.76101685e+01 6.72140121e+01 6.80987854e+01
    7.39581451e+01 7.87474670e+01 7.92512970e+01 7.64114761e+01
    7.67337189e+01 7.68088379e+01 8.79920502e+01 8.82000885e+01
    9.36890335e+01 9.53959274e+01 9.28090973e+01 8.21536865e+01
    8.01036072e+01 7.92214279e+01 7.91062546e+01 7.75416107e+01
    7.67879105e+01 7.42531509e+01 7.27487488e+01 7.35655975e+01
    7.19131851e+01 8.94528122e+01 8.93281631e+01 9.01576691e+01
    8.90821228e+01 7.61597214e+01 7.34195709e+01 7.37096100e+01
    7.19773712e+01 7.06749725e+01 7.50743332e+01 7.57094040e+01
    7.68132401e+01 7.77889404e+01 7.38830185e+01 7.47028046e+01
    8.50426331e+01 8.58155212e+01 7.97242279e+01 7.44983521e+01
    8.48214188e+01 8.12922440e+01 7.67596512e+01 7.51870575e+01
    7.70059052e+01 7.20810776e+01 6.36730118e+01 5.85459595e+01
    5.80323410e+01 5.75862846e+01 5.78258400e+01 8.53225250e+01
    8.46662064e+01 8.44296188e+01 8.24958801e+01 8.34444809e+01
    8.40712662e+01 8.21777267e+01 8.12254181e+01 8.24775848e+01
    8.20766830e+01 8.05580902e+01 8.05914154e+01 8.11788483e+01
    8.04889679e+01 8.22433624e+01 8.07331390e+01 8.03350220e+01
    8.07781906e+01 8.04935379e+01 8.04046707e+01 7.63664932e+01
    7.73619690e+01 7.67245407e+01 7.72749100e+01 8.33522720e+01
    9.05127716e+01 8.29949417e+01 8.32176285e+01 8.18391190e+01
    8.81923370e+01 7.96431732e+01 7.89909134e+01 8.10340881e+01
    9.22229233e+01 7.73805161e+01 7.78810730e+01 7.94825058e+01
    7.90691757e+01 7.49887238e+01 7.26911697e+01 7.00582352e+01
    7.07356339e+01 7.42329254e+01 6.81616287e+01 7.17900848e+01
    8.15920639e+01 7.91669312e+01 7.41177139e+01 7.77595901e+01
    7.72324066e+01 7.90489349e+01 7.72371674e+01 7.66069031e+01
    7.64564667e+01 7.96040039e+01 8.13571091e+01 8.06870270e+01
    8.02922668e+01 8.07360382e+01 8.05823593e+01 8.61773605e+01
    8.15040741e+01 8.30979080e+01 8.12949448e+01 8.98285065e+01
    1.00868988e+02 8.55861206e+01 8.42666092e+01 8.19677505e+01
    7.62568817e+01 8.66409454e+01 7.28735962e+01 6.45432816e+01
    7.36551437e+01 6.52743301e+01 7.97520905e+01 7.73262024e+01
    7.57645569e+01 6.99584427e+01 7.27218399e+01 7.54645767e+01
    7.74319000e+01 7.63503494e+01 7.65165024e+01 7.52377625e+01
    7.39453125e+01 7.33459702e+01 7.30999451e+01 7.31164780e+01
    7.43858719e+01 7.73569412e+01 7.62017365e+01 7.62390900e+01
    8.18825531e+01 8.81098633e+01 8.67032318e+01 9.72804565e+01
    9.51941299e+01 8.62920227e+01 8.24135818e+01 7.02627716e+01
    5.93889160e+01 6.00657692e+01 5.88054810e+01 5.95294952e+01
    6.33188591e+01 6.14491081e+01 5.91661148e+01 5.90965881e+01
    5.74303894e+01 6.03182030e+01 6.18755150e+01 6.21388435e+01
    6.33919678e+01 6.42115631e+01 6.52019348e+01 6.36757393e+01
    6.46758881e+01 6.36838226e+01 6.43680115e+01 7.70090637e+01
    7.62720642e+01 7.58414612e+01 7.17430878e+01 7.28963623e+01
    7.36197891e+01 7.46262741e+01 7.44246597e+01 7.55075073e+01
    7.47586136e+01 7.40093918e+01 7.30912781e+01 7.28182373e+01
    7.28389053e+01 7.31916275e+01 6.10603333e+01 6.07165642e+01
    7.01397629e+01 7.33896561e+01 7.47878647e+01 8.22658386e+01
    8.61277771e+01 8.55239258e+01 8.67444839e+01 7.89674149e+01
    7.03539429e+01 6.91632385e+01 6.48561859e+01 6.20096779e+01
    5.93687248e+01 6.01264000e+01 5.90903282e+01 6.33677063e+01
    7.42811508e+01 8.65938110e+01 8.75763321e+01 7.71150665e+01
    7.65866852e+01 6.77769012e+01 6.88686905e+01 8.16850128e+01
    7.94268494e+01 7.70505219e+01 7.69757614e+01 7.25006104e+01
    6.67594986e+01 6.44750366e+01 6.48397751e+01 5.90718727e+01
    6.15224609e+01 6.07375374e+01 6.04676132e+01 6.15725861e+01
    6.26388626e+01 6.26191826e+01 5.77525291e+01 5.52780151e+01
    5.10038567e+01 5.17560844e+01 5.23768845e+01 5.91297302e+01
    5.78820534e+01 6.13065834e+01 6.20423393e+01 5.98835754e+01
    6.08352127e+01 6.09389763e+01 6.08956604e+01 6.05631752e+01
    6.13170357e+01 6.09440842e+01 6.10019798e+01 6.11141968e+01
    6.10187988e+01 6.11700821e+01 7.46880798e+01 7.36797485e+01
    7.67993240e+01 7.29726105e+01 7.13582840e+01 7.26375427e+01
    7.33094559e+01 7.26461105e+01 7.28320694e+01 7.29468918e+01
    7.36700363e+01 7.34434509e+01 7.33723526e+01 7.25138245e+01
    7.31032562e+01 6.19996109e+01 6.10101776e+01 6.21770325e+01
    6.14971848e+01 6.40056076e+01 6.40501099e+01 6.46036301e+01
    6.38130264e+01 6.37631798e+01 6.34823761e+01 7.15472565e+01
    7.94694214e+01 7.89762344e+01 7.96861496e+01 7.76202164e+01
    5.93030663e+01 5.90200615e+01 5.93704071e+01 5.60562134e+01
    6.67456512e+01 6.49105530e+01 7.71274033e+01 7.94728699e+01
    8.27450790e+01 8.00431366e+01 8.26009521e+01 7.83856659e+01
    7.68952866e+01 7.82488403e+01 7.68945007e+01 5.81896095e+01
    5.69189491e+01 5.79621773e+01 6.18298073e+01 7.38899841e+01
    8.05782013e+01 8.67057343e+01 8.70008621e+01 8.55794220e+01
    8.41538544e+01 7.47079010e+01 6.56011200e+01 6.43314285e+01
    6.55604401e+01 6.24368324e+01 7.62297668e+01 7.61960602e+01
    7.81793137e+01 7.53857803e+01 7.22735977e+01 7.12283096e+01
    7.06661758e+01 7.00073242e+01 6.95669327e+01 6.87954102e+01
    7.11794205e+01 7.08930817e+01 7.10327530e+01 7.07637100e+01
    7.11495132e+01 6.09686813e+01 6.20770836e+01 6.16632919e+01
    6.01205521e+01 6.77804794e+01 6.17653084e+01 6.19493866e+01
    5.98055344e+01 6.24651794e+01 6.13993187e+01 7.02741013e+01
    8.19201508e+01 8.27780914e+01 8.06934204e+01 8.04747086e+01
    6.52099075e+01 6.47693634e+01 6.27393341e+01 6.07516327e+01
    6.82232971e+01 6.46503983e+01 5.64520302e+01 5.82939606e+01
