<?xml version="1.0"?>
<opencv_storage>
<training_set_points type_id="opencv-matrix">
  <rows>6</rows>
  <cols>12</cols>
  <dt>f</dt>
  <data>
    52. 4.96666679e+01 3.58888893e+01 1.75555553e+01 4.44444466e+00
    1.22222221e+00 1.22222221e+00 8.88888896e-01 1. 7.77777791e-01
    2.15555553e+01 7.61111145e+01 4.44444448e-01 0. 0. 2.22222224e-01
    4.44444448e-01 9.33333302e+00 4.64444427e+01 1.07666664e+02
    1.67444443e+02 1.95333328e+02 1.89333328e+02 1.74222229e+02
    2.44444442e+00 2.22222224e-01 0. 1.11111112e-01 4.55555534e+00
    2.38888893e+01 66. 1.11888885e+02 1.38222229e+02 1.33333328e+02
    1.24444443e+02 1.31333328e+02 1.81444443e+02 1.88888885e+02
    1.84444443e+02 1.83888885e+02 1.94777771e+02 205. 2.11777771e+02
    219. 2.28222229e+02 2.35555557e+02 2.39444443e+02 240.
    8.35555573e+01 1.12111115e+02 132. 1.47333328e+02 1.55333328e+02
    1.57333328e+02 1.55444443e+02 1.55666672e+02 1.52555557e+02
    1.50222229e+02 146. 1.43222229e+02 2.45555553e+01 24. 1.12222223e+01
    1.17777777e+01 2.16666660e+01 3.58888893e+01 5.72222214e+01
    6.26666679e+01 5.82222214e+01 4.58888893e+01 3.85555573e+01
    3.73333321e+01</data></training_set_points>
</opencv_storage>
